Timestamp,Input Throttle,horizon,dT,dt,Input Roll,Roll P,Roll I,Roll D,Input Pitch,Pitch P,Pitch I,Pitch D,Input Yaw,Yaw P,Yaw I,Yaw D,Altitude,Direction X,Direction Y,Direction Z,Drag X,Drag Y,Drag Z,Vertical Velocity,Roll,Mass,Has Fuel
1598628738.5264993,0,5,0.5,0.5,-0.0095745849609375,-0.14,-0.011,-0.56,0.004313836184970388,10,1,100,0.12638925690978034,-10,-1,-100,478.81062352622394,-0.011738671371001898,0.00041387424712775744,0.9999310137717259,5.336061553930839,-0.43685249139763654,109.8095176702222,-14.045367994106417,-89.92184448242188,6440.1796875,True
1598628738.574561,0,5,0.5,0.5,-0.009532382202148438,-0.14,-0.011,-0.56,0.0042736680115769135,10,1,100,0.12333220520958882,-10,-1,-100,477.9424911271781,-0.011782049774297077,0.00041472459363308984,0.9999305032384138,5.523282559896332,-0.45263767678488603,118.5024588037938,-14.628778493055215,-89.92398071289062,6440.1796875,True
1598628738.621372,0,5,0.5,0.5,-0.008825598144531252,-0.14,-0.011,-0.56,0.0039961949110806855,10,1,100,0.11741005230878701,-10,-1,-100,477.35521461977623,-0.01175693597839968,0.0004125981308210326,0.9999307997152512,5.968627487582697,-0.4863834990700511,124.5048502760792,-14.372000469424966,-89.92681884765625,6438.60107421875,True
1598628738.66842,0,5,0.5,0.5,-0.006885223388671874,-0.14,-0.011,-0.56,0.004088288898758194,10,1,100,0.11753316029679678,-10,-1,-100,476.82798187516164,-0.011724536294767227,0.0004111271116700297,0.9999311807435404,5.808833588074172,-0.46784903062907834,111.17465163102506,-13.469148105043217,-89.93197631835938,6435.443359375,True
1598628738.7204242,0,5,0.5,0.5,-0.004614468383789064,-0.14,-0.011,-0.56,0.004008240540788264,10,1,100,0.11477271345980766,-10,-1,-100,476.29711197840516,-0.011659328396315307,0.0004086883572678731,0.9999319442017911,5.644094320183573,-0.4494426740055856,98.70605308521652,-12.565746006884101,-89.939453125,6432.28515625,True
1598628738.7696822,0,5,0.5,0.5,-0.0021603179931640624,-0.14,-0.011,-0.56,0.0038682512207437575,10,1,100,0.11095621955540122,-10,-1,-100,475.83628920745105,-0.01155475370004958,0.0004048271427589008,0.9999331596571422,5.461433280189754,-0.4301409026703155,86.86448207980008,-11.66180235422026,-89.94903564453125,6429.126953125,True
1598628738.8162246,0,5,0.5,0.5,0.00019328918457031316,-0.14,-0.011,-0.56,0.003727594861477085,10,1,100,0.1070052596335876,-10,-1,-100,475.3915158638265,-0.011413263655336932,0.00039967022890035725,0.9999347867118344,5.2671552470787395,-0.41046354968450355,75.77057935255444,-10.757307994985181,-89.96014404296875,6425.9697265625,True
1598628738.8648658,0,5,0.5,0.5,0.0023882171630859378,-0.14,-0.011,-0.56,0.0035931274773130266,10,1,100,0.10275088610483132,-10,-1,-100,475.0001774056582,-0.01123558452474098,0.000393396358055735,0.9999368014428175,5.060359355553515,-0.390346526652967,65.41062160308482,-9.852253863696745,-89.97222900390625,6422.8115234375,True
1598628738.9136553,0,5,0.5,0.5,0.004305911254882814,-0.14,-0.011,-0.56,0.0034427572796409834,10,1,100,0.09819673691816902,-10,-1,-100,474.62528800975997,-0.011022442518388874,0.00038596820425628185,0.9999391765449908,4.841462507713062,-0.3698245448243355,55.78947089214012,-8.946634656032813,-89.98468017578125,6419.65380859375,True
1598628738.962936,0,5,0.5,0.5,0.005898709106445313,-0.14,-0.011,-0.56,0.003274362241350491,10,1,100,0.09340491746989077,-10,-1,-100,474.30377327254973,-0.010775094660794985,0.00037733359299572337,0.9999418757879933,4.611304617136872,-0.34896138706058305,46.9128667901969,-8.040445055738244,-89.99694061279297,6416.49609375,True
1598628739.0118518,0,5,0.5,0.5,0.007115131378173828,-0.14,-0.011,-0.56,0.0030544981332428374,10,1,100,0.08842413631371979,-10,-1,-100,473.99833954114,-0.010495157602780083,0.00036714215123696814,0.9999448569163869,4.371279980116836,-0.3278550193264621,38.78649904996931,-7.133677502333275,-90.00849151611328,6413.337890625,True
1598628739.0631757,0,5,0.5,0.5,0.008005120849609375,-0.14,-0.011,-0.56,0.0028389689457959926,10,1,100,0.08203448698017225,-10,-1,-100,473.7358436373761,-0.010183712114069031,0.0003559603316575746,0.9999480813021344,4.123810374158732,-0.30667620593699185,31.41717464987566,-6.22632821409247,-90.01886749267578,6410.1806640625,True
1598628739.1147342,0,5,0.5,0.5,0.008499358367919922,-0.14,-0.011,-0.56,0.0026344152492227867,10,1,100,0.07550608040738403,-10,-1,-100,473.52693634084426,-0.009842683735179299,0.0003439888841274382,0.9999515004481652,3.8735834915227585,-0.28575121426057837,24.815502933371658,-5.318388106277859,-90.02772521972656,6407.0224609375,True
1598628739.2310333,0,5,0.5,0.5,0.006266910552978516,-0.14,-0.011,-0.56,0.0031298113764675044,10,1,100,0.08954820207520278,-10,-1,-100,473.4304633780848,-0.009662053817026277,0.0003376717232083512,0.9999532642548072,3.7503578604263383,-0.2755911116247005,21.808761335227913,-4.864192858395015,-90.03146362304688,6405.443359375,True
1598628739.2716115,0,5,0.5,0.5,0.006589969635009766,-0.14,-0.011,-0.56,0.0029970144646040923,10,1,100,0.08672038771058102,-10,-1,-100,473.34225931426045,-0.00947401238127946,0.0003307883826181154,0.9999550658246827,3.631077417811567,-0.2658232444004175,19.00226503431555,-4.4098479092141165,-90.03475952148438,6403.86474609375,True
1598628739.357962,0,5,0.5,0.5,0.008453992462158205,-0.14,-0.011,-0.56,0.0021279845220564106,10,1,100,0.06154521148536568,-10,-1,-100,473.193104615435,-0.009076187034021337,0.00031670134621714915,0.9999587604142387,3.424031730663557,-0.24886486756492032,14.02434632680923,-3.500704060003619,-90.03990936279297,6400.70703125,True
1598628739.437264,0,5,0.5,0.5,0.009419126892089845,-0.14,-0.011,-0.56,3.704524877805749e-05,10,1,100,0.0042079040118399025,-10,-1,-100,473.0039250908885,-0.008195532620087381,0.0002849665250015055,0.9999663754542713,3.9038170937710124,-0.2800258599454101,7.478638039933013,-1.6805834906502841,-90.0452651977539,6394.3916015625,True
1598628739.4828124,0,5,0.5,0.5,0.006529514312744141,-0.14,-0.011,-0.56,0.0013224992659953967,10,1,100,0.039993178347179345,-10,-1,-100,472.9640532510821,-0.007723183584137097,0.00026790690923825873,0.9999701398847936,8.85609684989391,-0.6314915208733581,7.677590073628787,-0.7695917608394305,-90.0452880859375,6391.2333984375,True
1598628739.5682259,0,5,0.5,0.5,0.005080338287353516,-0.14,-0.011,-0.56,0.0011630617062789016,10,1,100,0.03469484513807203,-10,-1,-100,472.9604976614937,-0.007248801795863685,0.0002510628165913549,0.9999736955740318,7.093878927423749,-0.5030317591830958,-1.1225560192169286,0.14204148638529593,-90.04312133789062,6388.076171875,True
1598628739.6162324,0,5,0.5,0.5,-0.0005153190612792969,-0.14,-0.011,-0.56,-0.001176623566442723,10,1,100,-0.030435863251636608,-10,-1,-100,473.0631287993165,-0.006228878858183709,0.00021460278024003202,0.999980577318288,1.2604872929841522,-0.08850561247948174,-2.708631797287104,1.9672902949982751,-90.0333023071289,6381.759765625,True
1598628739.664274,0,5,0.5,0.5,3.1944274902339503e-06,-0.14,-0.011,-0.56,0.0003698820926563281,10,1,100,0.01361010999831401,-10,-1,-100,473.1692241473356,-0.005706227049658384,0.00019566437210587141,0.9999837002113142,1.9738028089246455,-0.13799751629378587,-6.157802329620712,2.8808728012270173,-90.02613067626953,6378.6025390625,True
1598628739.7106931,0,5,0.5,0.5,-0.0013926551818847664,-0.14,-0.011,-0.56,0.00027393257666719875,10,1,100,0.009610515221657429,-10,-1,-100,473.31166663218755,-0.0051990826626231385,0.00017773125800139795,0.9999864688839879,2.5300970680963255,-0.17620259308914618,-10.317114668088772,3.795078677525756,-90.01837158203125,6375.4443359375,True
1598628739.7566402,0,5,0.5,0.5,-0.0025168579101562502,-0.14,-0.011,-0.56,-4.374845608665122e-05,10,1,100,0.0012926208347440737,-10,-1,-100,473.49094434373546,-0.0046669565703932,0.00015870244403925633,0.9999890971055156,3.022034546045359,-0.20972391288078865,-15.186270308139427,4.7099059416608,-90.01055908203125,6372.2861328125,True
1598628739.8088915,0,5,0.5,0.5,-0.003522679138183594,-0.14,-0.011,-0.56,-0.00022228395971707945,10,1,100,-0.0038119654593390395,-10,-1,-100,473.69942772143986,-0.004141505454024123,0.00013994891444074931,0.9999914141365792,3.4877400177343314,-0.24128247830684832,-20.801785177303987,5.625352078286983,-90.00289916992188,6369.12841796875,True
1598628739.8595293,0,5,0.5,0.5,-0.0043274154663085936,-0.14,-0.011,-0.56,-0.00040834906258324297,10,1,100,-0.00948008568225897,-10,-1,-100,473.9405964219477,-0.00361731293562842,0.0001213884982422029,0.9999934501345289,3.9417054074355216,-0.2719282983032021,-27.186482479308278,6.541413685394009,-89.99566650390625,6365.970703125,True
1598628739.9073253,0,5,0.5,0.5,-0.004891658020019532,-0.14,-0.011,-0.56,-0.0006116566633105613,10,1,100,-0.015232317405013795,-10,-1,-100,474.22476521309,-0.0030938055391033286,0.00010285750522270865,0.9999952088823326,4.389727074777574,-0.30209919031603183,-34.35354080925909,7.45808757781233,-89.9891357421875,6362.8125,True
1598628739.9582286,0,5,0.5,0.5,-0.0052209465026855474,-0.14,-0.011,-0.56,-0.0007987357181942379,10,1,100,-0.020763062136817882,-10,-1,-100,474.57869739690796,-0.0025730487551504067,8.450483274331176e-05,0.9999966861340275,4.834158802816239,-0.3319886533994797,-42.31106996633238,8.37537119604918,-89.9835205078125,6359.6552734375,True
1598628740.008609,0,5,0.5,0.5,-0.005327317810058595,-0.14,-0.011,-0.56,-0.0010351473945554243,10,1,100,-0.02599191777987454,-10,-1,-100,474.9324780338211,-0.002057209794678996,6.585362587899306e-05,0.9999978817733368,5.275910390264043,-0.36168847710755503,-51.06518114029503,9.293260763148272,-89.97897338867188,6356.49755859375,True
1598628740.0588973,0,5,0.5,0.5,-0.005182368469238282,-0.14,-0.011,-0.56,-0.001172225313800886,10,1,100,-0.03096577783776546,-10,-1,-100,475.3130230625393,-0.0015481992608054856,4.783550517588939e-05,0.9999988003946871,5.715041808266496,-0.39123040157130917,-60.619372535380506,10.211753122335786,-89.97564697265625,6353.33935546875,True
1598628740.1063528,0,5,0.5,0.5,-0.004889158630371094,-0.14,-0.011,-0.56,-0.001373629522032418,10,1,100,-0.03565422275105239,-10,-1,-100,475.76324010500684,-0.0010480225512861023,2.980920019952254e-05,0.9999994503799209,6.151301178941766,-0.42062328460923987,-70.97648954694516,11.130844119808408,-89.9735107421875,6350.181640625,True
1598628740.1553237,0,5,0.5,0.5,-0.004399509429931641,-0.14,-0.011,-0.56,-0.0015035692070822747,10,1,100,-0.04001020444370834,-10,-1,-100,476.2296932999743,-0.0005584264875233339,1.240837452059081e-05,0.9999998440029328,6.584271824319279,-0.4498646781167676,-82.13901837217158,12.050530941456051,-89.97259521484375,6347.02392578125,True
1598628740.2062898,0,5,0.5,0.5,-0.0037748046874999997,-0.14,-0.011,-0.56,-0.0016418854430430175,10,1,100,-0.04409956442433647,-10,-1,-100,476.7389939407585,-8.084297569886604e-05,-4.501381880276351e-06,0.9999999967220754,7.013396665579672,-0.4789367541470369,-94.10835531236127,12.970810189766715,-89.97283935546875,6343.8662109375,True
1598628740.259148,0,5,0.5,0.5,-0.00308575439453125,-0.14,-0.011,-0.56,-0.0017578997966188619,10,1,100,-0.04782539078388262,-10,-1,-100,477.3017618082231,0.000382542056785684,-2.0762897604589017e-05,0.9999999266152356,7.438084287580559,-0.5078238422723838,-106.88545391004311,13.891675521247876,-89.97409057617188,6340.70849609375,True
1598628740.3152475,0,5,0.5,0.5,-0.0023098297119140626,-0.14,-0.011,-0.56,-0.0019368742089709262,10,1,100,-0.05130551665186765,-10,-1,-100,477.880917849252,0.0008308482318195217,-3.700998351930671e-05,0.9999996541606787,7.857763111229413,-0.5365057092563168,-120.47137003576371,14.813125833280074,-89.97625732421875,6337.55029296875,True
1598628740.3584194,0,5,0.5,0.5,-0.0015444580078124999,-0.14,-0.011,-0.56,-0.0020097194204664877,10,1,100,-0.05443938489260597,-10,-1,-100,478.4865329689346,0.0012623686897789556,-5.2281419093591485e-05,0.9999992018456536,8.271858696852215,-0.5649627431463881,-134.86653277993148,15.735159187994464,-89.9791259765625,6334.392578125,True
1598628740.410204,0,5,0.5,0.5,-0.0007551574707031249,-0.14,-0.011,-0.56,-0.00209461701788288,10,1,100,-0.05731628827848146,-10,-1,-100,479.161851021694,0.0016763776081360295,-6.677845694005776e-05,0.9999985926483859,8.679801588288889,-0.5931722288690504,-150.0706236033289,16.657769728661226,-89.98257446289062,6331.234375,True
1598628740.4595182,0,5,0.5,0.5,-6.596374511718761e-05,-0.14,-0.011,-0.56,-0.002216400298669257,10,1,100,-0.05977667610495043,-10,-1,-100,479.8371993218316,0.0020707799840219607,-8.091048847839166e-05,0.9999978526595698,9.081045545048815,-0.6211115575026834,-166.08278752007655,17.58095596238198,-89.986328125,6328.0771484375,True
1598628740.5095735,0,5,0.5,0.5,0.0005480865478515624,-0.14,-0.011,-0.56,-0.002272629466792113,10,1,100,-0.061964273353816365,-10,-1,-100,480.5822810769314,0.0024449931836905228,-9.411858656779234e-05,0.9999970065705313,9.47517867158366,-0.6487668484846705,-182.90330958892332,18.504712629230536,-89.99020385742188,6324.9189453125,True
1598628740.558384,0,5,0.5,0.5,0.0010175933837890628,-0.14,-0.011,-0.56,-0.0023420561292846432,10,1,100,-0.0638402079845906,-10,-1,-100,481.34335380629636,0.0027981480409613726,-0.00010661167066040979,0.9999960794930611,9.861717187865906,-0.6761160081512615,-200.52988183143415,19.429036648225082,-89.99395751953125,6321.7607421875,True
1598628740.6083066,0,5,0.5,0.5,0.0013389434814453126,-0.14,-0.011,-0.56,-0.0024021506259287125,10,1,100,-0.06533368644883741,-10,-1,-100,482.1312821324682,0.00312882376333551,-0.00011837492691788419,0.9999950982126036,10.240312028716627,-0.7031453969259696,-218.96129163173572,20.353924162602837,-89.99739074707031,6318.603515625,True
1598628740.6574476,0,5,0.5,0.5,0.0015200881958007816,-0.14,-0.011,-0.56,-0.002447710927235303,10,1,100,-0.06651124239910958,-10,-1,-100,482.9889433112694,0.0034363459774829986,-0.00012934826795735956,0.9999940873801948,10.610625479008519,-0.7298374844818983,-238.19497474849157,21.279372321953172,-90.00035858154297,6315.4453125,True
1598628740.709298,0,5,0.5,0.5,0.0015495597839355472,-0.14,-0.011,-0.56,-0.0024740624007261614,10,1,100,-0.06742780756783193,-10,-1,-100,483.8627479329007,0.003720612426000913,-0.00013943472171363774,0.999993068776546,10.972453634366897,-0.7561859653954787,-258.2296705493788,22.20537772066889,-90.00273132324219,6312.28759765625,True
1598628740.7616954,0,5,0.5,0.5,0.0014393135070800782,-0.14,-0.011,-0.56,-0.0024868009260698544,10,1,100,-0.0679350604655001,-10,-1,-100,484.7898664465174,0.003980191991539909,-0.00014859736323171206,0.9999920679638085,11.325585703529274,-0.7821741505852742,-279.0622724539208,23.131937132604573,-90.00442504882812,6309.1298828125,True
1598628740.814475,0,5,0.5,0.5,0.0011810859680175783,-0.14,-0.011,-0.56,-0.002495347663237879,10,1,100,-0.0681919462339518,-10,-1,-100,485.7333427815465,0.004215238149075145,-0.00015688852179910064,0.9999911035370956,11.669916363219828,-0.8077992623187606,-300.6900730676767,24.059046617421597,-90.00536346435547,6305.9716796875,True
1598628740.9122205,0,5,0.5,0.5,0.0008050827026367189,-0.14,-0.011,-0.56,-0.0024689236323939723,10,1,100,-0.0681461920517667,-10,-1,-100,486.7301332040224,0.004425423808889808,-0.0001640767397269822,0.9999901943033919,12.005369162280978,-0.833057347724666,-323.1092682968749,24.986703241390053,-90.00553131103516,6302.814453125,True
1598628740.9620497,0,5,0.5,0.5,-0.0006003501892089843,-0.14,-0.011,-0.56,-0.0030598818686737536,10,1,100,-0.08528855337590718,-10,-1,-100,488.8258851515129,0.004769465825196132,-0.00017588219879066037,0.9999886105657376,12.649793245471173,-0.8824593554916963,-370.3086300146682,26.843644662113938,-90.00361633300781,6296.49853515625,True
1598628741.012493,0,5,0.5,0.5,-0.0009467720031738282,-0.14,-0.011,-0.56,-0.0023940620442507166,10,1,100,-0.06588189772008997,-10,-1,-100,489.90858148015104,0.004902995253860762,-0.000180462341588476,0.9999879639630087,12.958987554097945,-0.9066091753676437,-395.0809115717491,27.772924015998647,-90.00155639648438,6293.3408203125,True
1598628741.0626638,0,5,0.5,0.5,-0.0016242958068847658,-0.14,-0.011,-0.56,-0.002301417198996409,10,1,100,-0.06388758678721963,-10,-1,-100,491.06100993277505,0.00500368080301175,-0.00018369338021771462,0.9999874646390142,13.259687773347553,-0.9303883119804756,-420.6271198444678,28.702738500899247,-89.99891662597656,6290.1826171875,True
1598628741.110435,0,5,0.5,0.5,-0.0022459678649902346,-0.14,-0.011,-0.56,-0.002288597855217858,10,1,100,-0.06306447813768534,-10,-1,-100,492.2295511061093,0.005085404234862954,-0.00018643271694299024,0.999987051869478,13.552165913553173,-0.9538063777682746,-446.94037516204054,29.633084715059827,-89.99590301513672,6287.0244140625,True
1598628741.160549,0,5,0.5,0.5,-0.0028579940795898442,-0.14,-0.011,-0.56,-0.0022034743776603903,10,1,100,-0.06103735812773952,-10,-1,-100,493.45152818842325,0.0051391905762791755,-0.00018807660867337057,0.9999867765862755,13.836906903923992,-0.9768783155096721,-474.01862031519516,30.56395943861854,-89.99261474609375,6283.8671875,True
1598628741.2104757,0,5,0.5,0.5,-0.003435757446289063,-0.14,-0.011,-0.56,-0.0021211214194476846,10,1,100,-0.058968530512415705,-10,-1,-100,494.7002384964144,0.005167452120324666,-0.00018875902727927765,0.9999866308149393,14.114365456072852,-0.9996185097579047,-501.8593223245139,31.495360380591215,-89.98916625976562,6280.70947265625,True
1598628741.2657566,0,5,0.5,0.5,-0.003973581695556641,-0.14,-0.011,-0.56,-0.0019953603169045346,10,1,100,-0.056809941302351744,-10,-1,-100,495.98138858145103,0.005171947161962857,-0.00018818211529850824,0.9999866076853455,14.384993694286448,-1.0220454229593865,-530.4581464227417,32.427283663369856,-89.98565673828125,6277.5517578125,True
1598628741.3525918,0,5,0.5,0.5,-0.004419609832763672,-0.14,-0.011,-0.56,-0.0019829572372788134,10,1,100,-0.05443629726858135,-10,-1,-100,497.31597414566204,0.005153135586112425,-0.00018750057877977053,0.9999867049302027,14.649298581226459,-1.0441736080395794,-559.8105800834916,33.359727252712936,-89.98223876953125,6274.3935546875,True
1598628741.4025748,0,5,0.5,0.5,-0.0070160362243652345,-0.14,-0.011,-0.56,-0.0015099855123258702,10,1,100,-0.044755730226700256,-10,-1,-100,500.0813668135088,0.005046962686236229,-0.0001825458906126658,0.9999872473410056,15.161155598187804,-1.0876154844146215,-620.7570225413215,35.2261620268018,-89.975830078125,6268.078125,True
1598628741.4502497,0,5,0.5,0.5,-0.00548907470703125,-0.14,-0.011,-0.56,-0.0016584285738960693,10,1,100,-0.0459678660285998,-10,-1,-100,501.5018585032085,0.004960705171332264,-0.0001793677861397419,0.9999876795398034,15.409930970338293,-1.1089697095482518,-652.3412994931971,36.16014775904908,-89.97293090820312,6264.919921875,True
1598628741.50028,0,5,0.5,0.5,-0.005546297454833985,-0.14,-0.011,-0.56,-0.0014978497991169062,10,1,100,-0.04319441254960929,-10,-1,-100,502.9756949673174,0.004856589415826525,-0.00017500489226053434,0.9999881913865452,15.654864459779342,-1.1301094834378633,-684.6616447839593,37.0946419037548,-89.9705810546875,6261.7626953125,True
1598628741.5512545,0,5,0.5,0.5,-0.005505731964111329,-0.14,-0.011,-0.56,-0.0013975809666826786,10,1,100,-0.039779282726881915,-10,-1,-100,504.49246881972067,0.0047308128909868494,-0.00017012788780869825,0.999988795170172,15.896691494973718,-1.1510667431652066,-717.7157712572016,38.02964129237156,-89.96881103515625,6258.6044921875,True
1598628741.605247,0,5,0.5,0.5,-0.005469120025634767,-0.14,-0.011,-0.56,-0.0012559470265603085,10,1,100,-0.03657023606170933,-10,-1,-100,506.05212015577126,0.004587453973597279,-0.00016441606108208006,0.9999894640611966,16.13614299563175,-1.171862370375021,-751.5004779824434,38.965142721146464,-89.96749877929688,6255.44677734375,True
1598628741.6634653,0,5,0.5,0.5,-0.0054310478210449235,-0.14,-0.011,-0.56,-0.0011157775228435186,10,1,100,-0.03322057598145278,-10,-1,-100,507.6385348343756,0.004427054617812987,-0.00015796674795057964,0.9999901880688217,16.373918807555636,-1.1925287183364923,-786.0105352289559,39.90114433444171,-89.966552734375,6252.2890625,True
1598628741.7542558,0,5,0.5,0.5,-0.005360794067382812,-0.14,-0.011,-0.56,-0.00102546771161807,10,1,100,-0.029695397095508655,-10,-1,-100,509.2679790406255,0.004249788440516002,-0.00015130861588261374,0.9999909581610793,16.610839998520934,-1.2130908022945734,-821.2449676769537,40.837642692084955,-89.9659423828125,6249.130859375,True
1598628741.8074179,0,5,0.5,0.5,-0.005432858276367188,-0.14,-0.011,-0.56,3.9453492480655055e-05,10,1,100,-0.003163145708735146,-10,-1,-100,512.6391414827667,0.0038482436323078596,-0.00013560809214064793,0.9999925862882143,17.085170371441862,-1.2540184693286265,-893.8714155774394,42.71211869331981,-89.96539306640625,6242.8154296875,True
1598628741.9034183,0,5,0.5,0.5,-0.00517275390625,-0.14,-0.011,-0.56,-0.0005224225481417944,10,1,100,-0.018791658958517293,-10,-1,-100,514.3647772719851,0.003626479571196674,-0.00012649117177646366,0.9999934163012791,17.324197822579436,-1.2744408955247941,-931.2585359913795,43.6500904130486,-89.96536254882812,6239.65771484375,True
1598628741.9523435,0,5,0.5,0.5,-0.005028451538085938,-0.14,-0.011,-0.56,0.000504832559056613,10,1,100,0.009993071256862766,-10,-1,-100,517.9451372390613,0.00316460148422011,-0.00010892046223769431,0.9999949867043229,17.810432215977016,-1.3154045983555818,-1008.1973087674075,45.52748567403956,-89.965576171875,6233.341796875,True
1598628742.0475948,0,5,0.5,0.5,-0.005123684692382812,-0.14,-0.011,-0.56,-0.00018824271614975986,10,1,100,-0.00861296713110617,-10,-1,-100,519.7996176764136,0.0029156658760428537,-9.931921071936381e-05,0.9999957445050422,18.059206836297367,-1.3360127945292675,-1047.7641582418537,46.46690390245979,-89.96563720703125,6230.1845703125,True
1598628742.140303,0,5,0.5,0.5,-0.005425424194335938,-0.14,-0.011,-0.56,0.0009869246045396442,10,1,100,0.02085752546690852,-10,-1,-100,523.6049536782084,0.0024233847511817537,-7.99831215872445e-05,0.9999970604002034,18.571246016827818,-1.3775996912742767,-1129.0862763151297,48.34716598853606,-89.96527099609375,6223.86865234375,True
1598628742.198321,0,5,0.5,0.5,-0.006254162597656251,-0.14,-0.011,-0.56,0.0013164105383270234,10,1,100,0.029094939361836096,-10,-1,-100,527.5495719625615,0.0019032775299179126,-5.949988176411668e-05,0.9999981869955605,19.106635742386235,-1.4198598728672487,-1213.349321908548,50.22930637864313,-89.96380615234375,6217.552734375,True
1598628742.2875073,0,5,0.5,0.5,-0.006274432373046876,-0.14,-0.011,-0.56,0.0003938767081553071,10,1,100,0.005308067663894741,-10,-1,-100,529.6130375913344,0.0016493819004647135,-4.937043039055828e-05,0.9999986385500267,19.3843389379167,-1.4412821343663222,-1256.5656405629516,51.171073556398234,-89.96261596679688,6214.39501953125,True
1598628742.3813925,0,5,0.5,0.5,-0.007985958862304689,-0.14,-0.011,-0.56,0.0016075809381147009,10,1,100,0.036182669512407395,-10,-1,-100,533.7828151495196,0.0011406907941485286,-2.9237942921709007e-05,0.9999993489846155,19.963595503841443,-1.4849157145485574,-1345.2549365710217,53.05598627087434,-89.959228515625,6208.0791015625,True
1598628742.475641,0,5,0.5,0.5,-0.00928106689453125,-0.14,-0.011,-0.56,0.0018354594727332768,10,1,100,0.041918028481972194,-10,-1,-100,538.1344236999284,0.0006292381279372702,-8.986947742732045e-06,0.9999998019892868,20.57343435574147,-1.5293800455908744,-1435.7225192370067,54.90649259167515,-89.95468139648438,6201.84912109375,True
1598628742.5724084,0,5,0.5,0.5,-0.009546200561523438,-0.14,-0.011,-0.56,0.0014809913767598307,10,1,100,0.030981610504891323,-10,-1,-100,541.488538527512,0.0002671557007094757,6.06517445639037e-06,0.9999999642955221,21.045679929458466,-1.5627844772688075,-1502.1027662047936,56.1958409102623,-89.95068359375,6197.41015625,True
1598628742.6683457,0,5,0.5,0.5,-0.01185302429199219,-0.14,-0.011,-0.56,0.0025376418721902226,10,1,100,0.05804828334045689,-10,-1,-100,547.2274547579,-0.0003044502291483821,2.92117684228334e-05,0.9999999532283642,21.78402217878154,-1.6129461769711848,-1603.3498127843645,58.1375333703555,-89.9442138671875,6190.50390625,True
1598628742.7652628,0,5,0.5,0.5,-0.011457620239257813,-0.14,-0.011,-0.56,0.0021612627809674094,10,1,100,0.047839915238423236,-10,-1,-100,551.9431494537275,-0.0007275134609448048,4.668266223524377e-05,0.9999997342724113,22.35034088617872,-1.649775341580807,-1677.5487408018676,59.52796174276639,-89.93963623046875,6185.36376953125,True
1598628742.8593142,0,5,0.5,0.5,-0.011101397705078127,-0.14,-0.011,-0.56,0.0021524881605200783,10,1,100,0.04623151957020095,-10,-1,-100,556.771081140847,-0.001093536444655767,6.232809293881228e-05,0.9999994001464465,22.89533536920556,-1.6839210722008817,-1744.841477751231,60.74788445066393,-89.9365234375,6180.6259765625,True
1598628742.9542372,0,5,0.5,0.5,-0.010201959228515627,-0.14,-0.011,-0.56,0.0021432846658083985,10,1,100,0.04537337566308597,-10,-1,-100,561.6688502416946,-0.0014146122689384366,7.631186312178973e-05,0.9999989965238105,23.402764907300313,-1.7144035134643485,-1804.6112017518467,61.82141702771581,-89.93536376953125,6176.2333984375,True
1598628743.010199,0,5,0.5,0.5,-0.009457672119140625,-0.14,-0.011,-0.56,0.0020933370370307632,10,1,100,0.04332178359589817,-10,-1,-100,566.663198352675,-0.0016839119284528096,8.841064750484423e-05,0.9999985783110769,23.883356164338153,-1.7422184519551043,-1858.39530735726,62.773923055286346,-89.935546875,6172.125,True
1598628743.0982306,0,5,0.5,0.5,-0.00937928466796875,-0.14,-0.011,-0.56,0.0015030048890008283,10,1,100,0.029678377236131814,-10,-1,-100,569.2030474457424,-0.0018009649277592413,9.388980126271974e-05,0.9999983738536949,24.123858259047992,-1.7559271020944314,-1884.0002592615044,63.20978069563465,-89.93585205078125,6170.16650390625,True
1598628743.190703,0,5,0.5,0.5,-0.0094100341796875,-0.14,-0.011,-0.56,0.002021830236905512,10,1,100,0.040314504871920606,-10,-1,-100,574.2834002273157,-0.002000701321583462,0.00010344799903898839,0.9999979932443531,24.55578685251469,-1.7794713858460753,-1928.4094577487758,63.98405459186349,-89.93609619140625,6166.4775390625,True
1598628743.285308,0,5,0.5,0.5,-0.010280880737304689,-0.14,-0.011,-0.56,0.001990069136283098,10,1,100,0.03921247177210119,-10,-1,-100,579.4336119629443,-0.002168943121223442,0.00011170960662136563,0.9999976416005691,24.96214374091648,-1.8008044053200183,-1968.2923648302465,64.68122349010163,-89.93508911132812,6162.97021484375,True
1598628743.3775773,0,5,0.5,0.5,-0.011495178222656251,-0.14,-0.011,-0.56,0.001944190937251955,10,1,100,0.03683591002029653,-10,-1,-100,584.6428632225143,-0.0022972763468657705,0.0001186749502963863,0.9999973542153212,25.358842052916515,-1.8211674323099876,-2005.263172775857,65.31219238737881,-89.93258666992188,6159.61865234375,True
1598628743.4685194,0,5,0.5,0.5,-0.012767041015625,-0.14,-0.011,-0.56,0.0018569756597373917,10,1,100,0.03456617937373141,-10,-1,-100,589.8894826389151,-0.0023906485329583836,0.0001240981584798735,0.9999971346955145,25.735671485445483,-1.8399080419715208,-2038.5500488124012,65.87426443956545,-89.92880249023438,6156.4287109375,True
1598628743.5604491,0,5,0.5,0.5,-0.01361996765136719,-0.14,-0.011,-0.56,0.0017591055842164534,10,1,100,0.031823298564349935,-10,-1,-100,595.1951939703431,-0.002448180872744866,0.00012803131706555924,0.9999969950046831,26.093080325020082,-1.8571445982242993,-2068.465113117753,66.3740259553735,-89.92459106445312,6153.38525390625,True
1598628743.6502705,0,5,0.5,0.5,-0.013761181640625002,-0.14,-0.011,-0.56,0.001678830050374165,10,1,100,0.028956242546783313,-10,-1,-100,600.5275877155364,-0.002472470008169611,0.000130787302246123,0.9999969348886726,26.431478329014233,-1.8729680215572748,-2095.3056678135513,66.81805070771071,-89.92105102539062,6150.47265625,True
1598628743.7477033,0,5,0.5,0.5,-0.012995492553710939,-0.14,-0.011,-0.56,0.0015503156086481107,10,1,100,0.02662167465416099,-10,-1,-100,604.5416454805527,-0.002471741371761699,0.00013204797144911605,0.9999969365242698,26.674772927237683,-1.8840771365643851,-2113.687759796324,67.11690225500685,-89.91934204101562,6148.3681640625,True
1598628743.8334074,0,5,0.5,0.5,-0.01233507080078125,-0.14,-0.011,-0.56,0.0014596519084907917,10,1,100,0.023029588039237145,-10,-1,-100,611.2784033569042,-0.0024371707285941934,0.00013230643719721564,0.999997021342487,27.04962935560922,-1.9004684675874925,-2140.30494555003,67.55229292042178,-89.9189453125,6145.0078125,True
1598628743.9292216,0,5,0.5,0.5,-0.010956036376953126,-0.14,-0.011,-0.56,0.0013377494017787859,10,1,100,0.020832627985368626,-10,-1,-100,616.6968273381935,-0.002384840908443424,0.00013138229729440118,0.9999971476321988,27.33722651410876,-1.9127509092864494,-2159.931981718286,67.87060731084595,-89.92062377929688,6142.390625,True
1598628744.0234337,0,5,0.5,0.5,-0.010246133422851564,-0.14,-0.011,-0.56,0.0012344503026678693,10,1,100,0.018473454275752428,-10,-1,-100,622.1420948000159,-0.0023151841027825855,0.00012956402225466193,0.9999973115642533,27.61074083379297,-1.9241121557644962,-2177.575142064868,68.15031620420153,-89.92300415039062,6139.86376953125,True
1598628744.118297,0,5,0.5,0.5,-0.010204724121093751,-0.14,-0.011,-0.56,0.0011788625593660367,10,1,100,0.016354071651643477,-10,-1,-100,627.6139286753023,-0.0022321251472580844,0.00012737327071488965,0.9999975006935651,27.866470446720555,-1.9343099255109024,-2193.1088547716995,68.39660021077859,-89.92498779296875,6137.4150390625,True
1598628744.208014,0,5,0.5,0.5,-0.011007348632812502,-0.14,-0.011,-0.56,0.001071648418213595,10,1,100,0.014490723817006832,-10,-1,-100,633.1020028979983,-0.0021394670948066824,0.00012438525414855091,0.9999977036017926,28.107694645782725,-1.9435825369931938,-2206.9648928372444,68.61518521255496,-89.92544555664062,6135.0322265625,True
1598628744.3014555,0,5,0.5,0.5,-0.012363781738281251,-0.14,-0.011,-0.56,0.001009466975308748,10,1,100,0.012850350781225536,-10,-1,-100,638.5902038349304,-0.0020403468159132295,0.00012109206629135602,0.9999979111586096,28.335396440650054,-1.9520097969495216,-2219.3224874842012,68.80939186006866,-89.92388916015625,6132.7060546875,True
1598628744.3937745,0,5,0.5,0.5,-0.01376617126464844,-0.14,-0.011,-0.56,0.0009488657292943525,10,1,100,0.011482728901027674,-10,-1,-100,644.121194619569,-0.001938038117581885,0.00011754514135196163,0.9999981150939209,28.550372804748815,-1.95964218432136,-2230.325124174128,68.98197154224388,-89.920654296875,6130.431640625,True
1598628744.4882927,0,5,0.5,0.5,-0.01469798583984375,-0.14,-0.011,-0.56,0.0008767158403412927,10,1,100,0.010338841949667872,-10,-1,-100,649.6361366789788,-0.001835042701736825,0.00011367071334123702,0.9999983098471975,28.753355387154432,-1.966536615971842,-2240.0958942457582,69.13536194260433,-89.916748046875,6128.2021484375,True
1598628744.5814188,0,5,0.5,0.5,-0.01478351745605469,-0.14,-0.011,-0.56,0.0008471577106352942,10,1,100,0.009443272519416698,-10,-1,-100,655.1940503765363,-0.0017338263635763124,0.00010989285088300041,0.9999984908837124,28.945130272576158,-1.972740872895174,-2248.7484841231976,69.27165063517408,-89.91351318359375,6126.01318359375,True
1598628744.6753426,0,5,0.5,0.5,-0.01398431396484375,-0.14,-0.011,-0.56,0.0007908977715007802,10,1,100,0.008763100527301348,-10,-1,-100,660.7249899369199,-0.0016362996231789736,0.00010596597143007438,0.9999986556464744,29.12643168398828,-1.9782991892599444,-2256.391583799923,69.39301901803336,-89.91207885742188,6123.8603515625,True
1598628744.7661793,0,5,0.5,0.5,-0.012612298583984377,-0.14,-0.011,-0.56,0.0007350836720258626,10,1,100,0.008333924024562627,-10,-1,-100,666.2829699136782,-0.0015444968380188434,0.00010191239102311423,0.9999988020709736,29.298039220902748,-1.9832618929074854,-2263.1145839996943,69.50096062441278,-89.91290283203125,6121.73828125,True
1598628744.8573468,0,5,0.5,0.5,-0.0111364013671875,-0.14,-0.011,-0.56,0.0007201908260132663,10,1,100,0.00800910743823106,-10,-1,-100,671.8408307131613,-0.0014588984042616883,9.811955936773968e-05,0.9999989309934277,29.460612936618595,-1.9876689041000337,-2268.9968848702624,69.597008856516,-89.91567993164062,6119.64453125,True
1598628744.949241,0,5,0.5,0.5,-0.010218988037109376,-0.14,-0.011,-0.56,0.0006756767336963007,10,1,100,0.007941966451552384,-10,-1,-100,677.4254882173846,-0.001381313039607361,9.429709587626919e-05,0.9999990415407128,29.61498469981772,-1.991566991214979,-2274.1402238397436,69.68308831071248,-89.91921997070312,6117.5751953125,True
1598628745.045353,0,5,0.5,0.5,-0.010154791259765627,-0.14,-0.011,-0.56,0.0007084905103997134,10,1,100,0.007982388515631168,-10,-1,-100,682.9995260164142,-0.0013119973369252115,9.115249696894375e-05,0.999999135176731,29.762039803124264,-1.9950079260683478,-2278.6030137285675,69.75951817229598,-89.92214965820312,6115.529296875,True
1598628745.140327,0,5,0.5,0.5,-0.011093582153320312,-0.14,-0.011,-0.56,0.0006873332525958187,10,1,100,0.008201355053293006,-10,-1,-100,688.5841861504596,-0.0012518101464750314,8.813435995838154e-05,0.9999992126015359,29.902046919374847,-1.9980036715435114,-2282.4203128797785,69.82744557705426,-89.92315673828125,6113.5029296875,True
1598628745.2335417,0,5,0.5,0.5,-0.012600006103515625,-0.14,-0.011,-0.56,0.0006773031997871553,10,1,100,0.008533872009806764,-10,-1,-100,694.1849010727601,-0.0012009243610780216,8.533237209978274e-05,0.9999992752492699,30.035030745275858,-2.0005511564064076,-2285.551674454366,69.88612110176821,-89.92181396484375,6111.4990234375,True
1598628745.320648,0,5,0.5,0.5,-0.014200189208984377,-0.14,-0.011,-0.56,0.00070962960825818,10,1,100,0.00893840632778034,-10,-1,-100,699.7695024051936,-0.0011591052522030771,8.311149566369458e-05,0.9999993247835188,30.163386802305624,-2.002805653396888,-2288.297231921074,69.94016560812247,-89.91845703125,6109.5068359375,True
1598628745.4132078,0,5,0.5,0.5,-0.015227996826171878,-0.14,-0.011,-0.56,0.0006856020613188205,10,1,100,0.009428446320571694,-10,-1,-100,705.3703407398425,-0.0011262509103106661,8.09053881547914e-05,0.9999993625063994,30.286869238369324,-2.0047395110574824,-2290.590095978705,69.98859254802153,-89.914306640625,6107.52880859375,True
1598628745.5052526,0,5,0.5,0.5,-0.015277679443359376,-0.14,-0.011,-0.56,0.000668481547842876,10,1,100,0.009963313850170408,-10,-1,-100,710.9712413165253,-0.0011018901150333955,7.877398150163124e-05,0.9999993898162309,30.406112445078183,-2.006395958109194,-2292.476669337544,70.03195677015565,-89.91091918945312,6105.5634765625,True
1598628745.6003458,0,5,0.5,0.5,-0.014280776977539062,-0.14,-0.011,-0.56,0.0007440306521333408,10,1,100,0.010518940883855087,-10,-1,-100,716.5720811792416,-0.0010853695798589582,7.755143900992748e-05,0.9999994079791495,30.52156678242577,-2.0077976036673513,-2293.9904945462563,70.07078192890107,-89.90963745117188,6103.60888671875,True
1598628745.6932108,0,5,0.5,0.5,-0.012625747680664065,-0.14,-0.011,-0.56,0.0007322139555518781,10,1,100,0.011144254482454291,-10,-1,-100,722.1729223137954,-0.0010765364260906627,7.635844362347453e-05,0.9999994176191861,30.63373705808641,-2.0089702310037434,-2295.1695792161977,70.10558897200549,-89.91098022460938,6101.6640625,True
1598628745.7866817,0,5,0.5,0.5,-0.010923150634765625,-0.14,-0.011,-0.56,0.0007620271664548774,10,1,100,0.011736459572559772,-10,-1,-100,727.8004972889321,-0.001074315387494924,7.556816241436243e-05,0.9999994200677823,30.743090154401052,-2.0099486015160966,-2296.0493997364065,70.13685725038711,-89.91448974609375,6099.728515625,True
1598628745.888212,0,5,0.5,0.5,-0.00981361999511719,-0.14,-0.011,-0.56,0.0007919933067177477,10,1,100,0.01236287680842238,-10,-1,-100,733.401339756092,-0.0010783405845673367,7.514264567842604e-05,0.9999994157674126,30.85013249748176,-2.010759527290534,-2296.666276003279,70.16493854172255,-89.91888427734375,6097.8017578125,True
1598628745.9764104,0,5,0.5,0.5,-0.0097968994140625,-0.14,-0.011,-0.56,0.0007989535616877761,10,1,100,0.012986669949719665,-10,-1,-100,739.0021826063748,-0.0010879461308768146,7.483650046384581e-05,0.9999994053861805,30.955224212963444,-2.0114276008406446,-2297.0521967590707,70.19034945930503,-89.92242431640625,6095.880859375,True
1598628746.0702069,0,5,0.5,0.5,-0.010732266235351564,-0.14,-0.011,-0.56,0.0008565226139274143,10,1,100,0.013567466393814561,-10,-1,-100,744.6297590147005,-0.001102162096291792,7.509637437686512e-05,0.9999993897994378,31.058902596191402,-2.011981615200275,-2297.2412108131384,70.21321135061663,-89.92391967773438,6093.9677734375,True
1598628746.161255,0,5,0.5,0.5,-0.012444683837890626,-0.14,-0.011,-0.56,0.0008479975926880452,10,1,100,0.014102736388434043,-10,-1,-100,750.2306636502035,-0.0011200878357566608,7.52669759097807e-05,0.9999993698688627,31.16140783393674,-2.0124473671280096,-2297.254490544085,70.23389324288736,-89.92266845703125,6092.06005859375,True
1598628746.251466,0,5,0.5,0.5,-0.014327899169921877,-0.14,-0.011,-0.56,0.0008675467491976783,10,1,100,0.014603320178011452,-10,-1,-100,755.8744158394402,-0.0011410082120166282,7.560893817723699e-05,0.9999993461915606,31.26313957553212,-2.012840733626104,-2297.1267717444557,70.25278059358178,-89.91897583007812,6090.1572265625,True
1598628746.3412442,0,5,0.5,0.5,-0.015570614624023439,-0.14,-0.011,-0.56,0.000855457757728869,10,1,100,0.015058058315011266,-10,-1,-100,761.502115702955,-0.0011641771708076755,7.581673355019576e-05,0.9999993194714373,31.36433158975053,-2.013181361468592,-2296.8763847887785,70.27004662693432,-89.91424560546875,6088.25927734375,True
1598628746.431706,0,5,0.5,0.5,-0.015741580200195313,-0.14,-0.011,-0.56,0.0009217746794724878,10,1,100,0.015461022844341296,-10,-1,-100,767.1028988898033,-0.001188868696102085,7.661314559110445e-05,0.9999992903605728,31.465083236178824,-2.0134739463043267,-2296.5026295043417,70.28551717865633,-89.91021728515625,6086.3662109375,True
1598628746.5252402,0,5,0.5,0.5,-0.014682781982421875,-0.14,-0.011,-0.56,0.0009278893061781038,10,1,100,0.01583688092060298,-10,-1,-100,772.7304129305994,-0.0012146533574438649,7.739470844917297e-05,0.9999992593133658,31.565045669439435,-2.0136992820068964,-2295.9278055099808,70.29749044797228,-89.90850830078125,6084.4814453125,True
1598628746.6184497,0,5,0.5,0.5,-0.012765689086914063,-0.14,-0.011,-0.56,0.0009381531806454972,10,1,100,0.01615143991555744,-10,-1,-100,778.3741692332551,-0.001240836055183628,7.81986705703577e-05,0.9999992271051273,31.66447814648957,-2.0138758852957204,-2295.289447194596,70.30995486071929,-89.90988159179688,6082.59716796875,True
1598628746.712354,0,5,0.5,0.5,-0.010737478637695313,-0.14,-0.011,-0.56,0.0009201283805942734,10,1,100,0.016407225787399587,-10,-1,-100,783.9751366379205,-0.0012668144704828022,7.876401047374463e-05,0.9999991944883396,31.764698381969232,-2.0140893352740163,-2294.651509918137,70.32184825019104,-89.91387939453125,6080.71484375,True
1598628746.8064797,0,5,0.5,0.5,-0.009366690063476561,-0.14,-0.011,-0.56,0.0009802079838488742,10,1,100,0.016626562781221193,-10,-1,-100,789.6027154149488,-0.0012922501851686226,7.982122873544785e-05,0.9999991618586641,31.865059709734325,-2.014303460824893,-2293.9609786680608,70.33291592293652,-89.91903686523438,6078.8349609375,True
1598628746.9015102,0,5,0.5,0.5,-0.009221258544921875,-0.14,-0.011,-0.56,0.0009715575304240794,10,1,100,0.016817991496727247,-10,-1,-100,795.246468846919,-0.0013169193599325132,8.069944250308263e-05,0.9999991296051208,31.9657175134027,-2.0145203546373507,-2293.2319168132485,70.3432078191219,-89.92337036132812,6076.95849609375,True
1598628746.99499,0,5,0.5,0.5,-0.010365237426757812,-0.14,-0.011,-0.56,0.0009776555554915267,10,1,100,0.01696943616910411,-10,-1,-100,800.8739261032315,-0.0013405144947130619,8.154792529969174e-05,0.9999990981850061,32.066685169010235,-2.01475068534497,-2292.4695219890264,70.35277007294881,-89.92520141601562,6075.083984375,True
1598628747.0887363,0,5,0.5,0.5,-0.012478695678710938,-0.14,-0.011,-0.56,0.0009851556704733463,10,1,100,0.017049229056734064,-10,-1,-100,806.4910070253536,-0.0013624733231298136,8.238159111378671e-05,0.9999990684394248,32.16797096985078,-2.014996208427761,-2291.6762424318026,70.36155637018054,-89.92364501953125,6073.2119140625,True
1598628747.1795177,0,5,0.5,0.5,-0.01463948669433594,-0.14,-0.011,-0.56,0.0009753485762547316,10,1,100,0.017110859680684903,-10,-1,-100,812.118586457218,-0.0013827758223742563,8.304384589260928e-05,0.9999990405169121,32.26961317020931,-2.0152586921447586,-2290.8614070415756,70.36970358686436,-89.9193115234375,6071.341796875,True
1598628747.2723565,0,5,0.5,0.5,-0.016121661376953124,-0.14,-0.011,-0.56,0.0009728781573612571,10,1,100,0.017146858193005342,-10,-1,-100,817.746165721328,-0.0014013401103354286,8.361667833094787e-05,0.9999990146265877,32.37158563598619,-2.015539755152665,-2290.0308408947917,70.37732068874215,-89.91372680664062,6069.474609375,True
1598628747.3632722,0,5,0.5,0.5,-0.016220498657226565,-0.14,-0.011,-0.56,0.000978568769934678,10,1,100,0.017156006859948583,-10,-1,-100,823.3899807162816,-0.001418084302781862,8.418207707575882e-05,0.999998990974635,32.47382300035505,-2.0158379230369037,-2289.1852493723136,70.38447491790521,-89.90911865234375,6067.609375,True
1598628747.4532735,0,5,0.5,0.5,-0.014901516723632815,-0.14,-0.011,-0.56,0.0010071170548272296,10,1,100,0.017166375463121206,-10,-1,-100,829.0176818136824,-0.0014331921781195712,8.49487249505332e-05,0.9999989693714163,32.5762512973884,-2.0161448154258395,-2288.3245797175173,70.39121894158706,-89.90731811523438,6065.7451171875,True
1598628747.5443206,0,5,0.5,0.5,-0.012591424560546875,-0.14,-0.011,-0.56,0.0009507644430859028,10,1,100,0.0171200829516217,-10,-1,-100,834.6346414700383,-0.0014463070975759696,8.512651380586024e-05,0.9999989504740773,32.67886208519666,-2.016464142328642,-2287.4531894288316,70.39759131528989,-89.9091796875,6063.88330078125,True
1598628747.6383486,0,5,0.5,0.5,-0.010195346069335937,-0.14,-0.011,-0.56,0.0009852272130715391,10,1,100,0.017099589673206756,-10,-1,-100,840.26203836489,-0.0014578566572394757,8.559513990763106e-05,0.9999989336631508,32.78152334873465,-2.0167919396926473,-2286.5671432415847,70.40364513260823,-89.91409301757812,6062.0224609375,True
1598628747.7302842,0,5,0.5,0.5,-0.008652752685546876,-0.14,-0.011,-0.56,0.0009807764749837427,10,1,100,0.0170597980476155,-10,-1,-100,845.905914478586,-0.0014678208401675092,8.597449226350286e-05,0.9999989190545997,32.884297833266956,-2.0171296580595315,-2285.675334490794,70.40941339194795,-89.92022705078125,6060.16357421875,True
1598628747.8228245,0,5,0.5,0.5,-0.008540359497070313,-0.14,-0.011,-0.56,0.0009736824156717809,10,1,100,0.0169577721218375,-10,-1,-100,851.5497295923997,-0.001475792070181377,8.624927271734296e-05,0.9999989072988174,32.98721012880088,-2.017480713323813,-2284.787733947977,70.4150789650408,-89.92529296875,6058.3056640625,True
1598628747.914275,0,5,0.5,0.5,-0.01005069580078125,-0.14,-0.011,-0.56,0.0010023901452266386,10,1,100,0.01690039807018967,-10,-1,-100,857.1774314620998,-0.0014823726308969595,8.675500718931972e-05,0.9999988975218681,33.09032108830924,-2.017854400003883,-2283.9076269193724,70.4204920553804,-89.92718505859375,6056.44921875,True
1598628748.0103052,0,5,0.5,0.5,-0.012539358520507813,-0.14,-0.011,-0.56,0.0009661656649016216,10,1,100,0.016874653092456598,-10,-1,-100,862.8211245330749,-0.001487991951626112,8.688071863189876e-05,0.9999988891652295,33.1934888252767,-2.018238167909318,-2283.0275469808707,70.42565646171268,-89.92514038085938,6054.59375,True
1598628748.1027448,0,5,0.5,0.5,-0.015109735107421876,-0.14,-0.011,-0.56,0.0009506674864983944,10,1,100,0.01677240978787391,-10,-1,-100,868.4486423935741,-0.0014920568325850478,8.685001911465209e-05,0.9999988831111176,33.29663375749378,-2.018628148173982,-2282.1333228155154,70.43018095070315,-89.91983032226562,6052.74072265625,True
1598628748.1976628,0,5,0.5,0.5,-0.016771151733398437,-0.14,-0.011,-0.56,0.0009474817398812344,10,1,100,0.016755278013149272,-10,-1,-100,874.092641322175,-0.0014954970891318466,8.678968897225181e-05,0.9999988779773737,33.39958317574277,-2.0190131992564297,-2281.23556214589,70.43476893100423,-89.9132080078125,6050.88818359375,True
1598628748.2865427,0,5,0.5,0.5,-0.016780267333984376,-0.14,-0.011,-0.56,0.0009397892198015806,10,1,100,0.016641720951182173,-10,-1,-100,879.7095398800448,-0.001497506660903057,8.666202683239896e-05,0.999998874981114,33.50261655992168,-2.0194134906501855,-2280.3538116354252,70.43936946162451,-89.90789794921875,6049.037109375,True
1598628748.3752308,0,5,0.5,0.5,-0.015132440185546877,-0.14,-0.011,-0.56,0.0009617528497179175,10,1,100,0.01665268930274534,-10,-1,-100,885.3371815648861,-0.0014993610544746213,8.674338520472068e-05,0.9999988721953706,33.60549524890665,-2.019810797592123,-2279.476498176889,70.44409791030392,-89.906005859375,6047.1865234375,True
1598628748.4659576,0,5,0.5,0.5,-0.012343966674804687,-0.14,-0.011,-0.56,0.000937298550562918,10,1,100,0.016585726932570592,-10,-1,-100,890.9809356395854,-0.0015003779644686775,8.65934040415548e-05,0.9999988706831353,33.70818143236462,-2.0202050442339425,-2278.5953630269855,70.44871681371936,-89.90847778320312,6045.33642578125,True
1598628748.5572524,0,5,0.5,0.5,-0.009542004394531251,-0.14,-0.011,-0.56,0.0009253028761048884,10,1,100,0.016550609158224327,-10,-1,-100,896.6246893485077,-0.0015009340202720418,8.634667240702583e-05,0.999998869870021,33.81051558659456,-2.020585492954848,-2277.6981516505675,70.45314164408298,-89.91445922851562,6043.48828125,True
1598628748.6498642,0,5,0.5,0.5,-0.0077642578125000005,-0.14,-0.011,-0.56,0.0009294647375621936,10,1,100,0.01654581293940116,-10,-1,-100,902.2523304260103,-0.0015013567623194056,8.615952281388463e-05,0.9999988692515652,33.91255067056884,-2.0209591612522892,-2276.790059939377,70.45740111064536,-89.92178344726562,6041.640625,True
1598628748.7423704,0,5,0.5,0.5,-0.007805270385742189,-0.14,-0.011,-0.56,0.0009489088803377357,10,1,100,0.016542132860296703,-10,-1,-100,907.8961455918616,-0.0015016771308050123,8.616598354485176e-05,0.9999988687699692,34.01430424065115,-2.0213216562157816,-2275.8737277949117,70.46153222789158,-89.92758178710938,6039.79443359375,True
1598628748.838251,0,5,0.5,0.5,-0.009639910888671875,-0.14,-0.011,-0.56,0.0009481504766819638,10,1,100,0.016553476034506943,-10,-1,-100,913.5398389059119,-0.00150204796277509,8.616503807538077e-05,0.9999988682131115,34.11588072788441,-2.0216840731104813,-2274.9570196399004,70.46556198705623,-89.92959594726562,6037.94921875,True
1598628748.936599,0,5,0.5,0.5,-0.012687796020507815,-0.14,-0.011,-0.56,0.000925153395864387,10,1,100,0.01652867351895083,-10,-1,-100,919.1676627707202,-0.0015021417186683976,8.59556505221691e-05,0.999998868090301,34.21733203230993,-2.022045330936723,-2274.0439947533937,70.46950589995907,-89.92684936523438,6036.10546875,True
1598628749.0193574,0,5,0.5,0.5,-0.015740725708007813,-0.14,-0.011,-0.56,0.0009352563217784294,10,1,100,0.016539980467367602,-10,-1,-100,924.8113559469348,-0.0015023168783142458,8.585798395311319e-05,0.9999988678355608,34.31861793136095,-2.022404073696804,-2273.1324883108123,70.4733782830178,-89.9202880859375,6034.26220703125,True
1598628749.115492,0,5,0.5,0.5,-0.018047351074218752,-0.14,-0.011,-0.56,0.0008997475615909065,10,1,100,0.01656972716988267,-10,-1,-100,930.4551709982334,-0.0015027372116099456,8.544729110241355e-05,0.999998867239175,34.419697863065416,-2.0227559585363344,-2272.219340236281,70.47718611870887,-89.9117431640625,6032.419921875,True
1598628749.2004673,0,5,0.5,0.5,-0.018091687011718753,-0.14,-0.011,-0.56,0.0009266387490975775,10,1,100,0.016639853875189892,-10,-1,-100,936.0989861765411,-0.0015037502663611218,8.531961966808346e-05,0.9999988657272063,34.52051616643836,-2.0230997361276297,-2271.3007744207835,70.48093507812733,-89.90484619140625,6030.57861328125,True
1598628749.292654,0,5,0.5,0.5,-0.016283520507812503,-0.14,-0.011,-0.56,0.000900660292225088,10,1,100,0.016658360708148388,-10,-1,-100,941.7265052500879,-0.001504833793156852,8.496860730818286e-05,0.9999988641271502,34.620944053294494,-2.0234240693039394,-2270.368027832735,70.48462953095337,-89.90191650390625,6028.7392578125,True
1598628749.3852642,0,5,0.5,0.5,-0.012767510986328126,-0.14,-0.011,-0.56,0.0009027019412189599,10,1,100,0.016687705202660105,-10,-1,-100,947.3702591237379,-0.0015060806104315475,8.466967904266891e-05,0.999998862275473,34.72098107392207,-2.0237301035023383,-2269.4206291135547,70.48827177875762,-89.90460205078125,6026.8994140625,True
1598628749.4805317,0,5,0.5,0.5,-0.008977828979492189,-0.14,-0.011,-0.56,0.0009331004095581462,10,1,100,0.0167547351652424,-10,-1,-100,953.0140135166002,-0.0015078182597538707,8.467602462710236e-05,0.999998859656383,34.8206224512799,-2.0240170370789787,-2268.4579676736453,70.491860938209,-89.91217041015625,6025.06103515625,True
1598628749.5732858,0,5,0.5,0.5,-0.006361328125,-0.14,-0.011,-0.56,0.0009133414572645017,10,1,100,0.01681317819344391,-10,-1,-100,958.6312177978689,-0.0015099229828128312,8.450368527189957e-05,0.9999988564952028,34.91991888615342,-2.0242869548583045,-2267.4826623208464,70.49539766902559,-89.92196655273438,6023.22412109375,True
1598628749.6648555,0,5,0.5,0.5,-0.006036419677734376,-0.14,-0.011,-0.56,0.0009237636565559466,10,1,100,0.016866452773769674,-10,-1,-100,964.2750326166861,-0.0015123128943053082,8.444326570394834e-05,0.9999988528888645,35.01896702687266,-2.024545532246404,-2266.4973231691697,70.49877272788049,-89.93026733398438,6021.3876953125,True
1598628749.7522788,0,5,0.5,0.5,-0.008182513427734375,-0.14,-0.011,-0.56,0.0008885671337403797,10,1,100,0.016944204260870826,-10,-1,-100,969.9187262147898,-0.0015151827039416612,8.406993654188834e-05,0.999998848576147,35.117892003392065,-2.024800172437545,-2265.5199032759083,70.50233652464748,-89.933837890625,6019.5517578125,True
1598628749.813414,0,5,0.5,0.5,-0.012099966430664064,-0.14,-0.011,-0.56,0.0008952655052288175,10,1,100,0.016986573931681202,-10,-1,-100,975.5463059482863,-0.0015181648599446522,8.379334531857731e-05,0.9999988440763986,35.216976099245514,-2.0250644658750363,-2264.565051123908,70.50600426991518,-89.93109130859375,6017.7158203125,True
1598628749.900448,0,5,0.5,0.5,-0.012992517089843753,-0.14,-0.011,-0.56,0.0009206033281431903,10,1,100,0.016867470616258744,-10,-1,-100,978.3815499809571,-0.0015197785869514615,8.37742083286103e-05,0.9999988416267935,35.266552831776806,-2.0252006798217628,-2264.093408816665,70.50784821550593,-89.9276123046875,6016.798828125,True
1598628749.9933748,0,5,0.5,0.5,-0.01744490966796875,-0.14,-0.011,-0.56,0.0009246493690563188,10,1,100,0.017095450757943113,-10,-1,-100,984.0253650160739,-0.001523302283965112,8.37954875966001e-05,0.9999988362635568,35.36545064233702,-2.0254607132752462,-2263.1344783650143,70.5113369334102,-89.91845703125,6014.9658203125,True
1598628750.0863805,0,5,0.5,0.5,-0.018761987304687498,-0.14,-0.011,-0.56,0.0008788227841572893,10,1,100,0.017155107418448903,-10,-1,-100,989.6691192932194,-0.0015270292826436152,8.339972870796858e-05,0.9999988306123438,35.46425070488938,-2.0257198839121164,-2262.180583030286,70.51493800202697,-89.90924072265625,6013.1328125,True
1598628750.1805134,0,5,0.5,0.5,-0.017996655273437502,-0.14,-0.011,-0.56,0.0009131906764717355,10,1,100,0.017256501622753294,-10,-1,-100,995.3127511977218,-0.0015313180660120375,8.335412864021681e-05,0.9999988240578436,35.56284225219509,-2.025969790423511,-2261.215601770593,70.51836798888952,-89.9029541015625,6011.30078125,True
1598628750.2723174,0,5,0.5,0.5,-0.014816802978515627,-0.14,-0.011,-0.56,0.0009248480564935813,10,1,100,0.017308792351332758,-10,-1,-100,1000.9567500468111,-0.0015356682536314572,8.342011792306649e-05,0.99999881738135,35.66106140741523,-2.026199564127004,-2260.234764976051,70.52182334011239,-89.9024658203125,6009.4697265625,True
1598628750.367338,0,5,0.5,0.5,-0.010615051269531252,-0.14,-0.011,-0.56,0.0008991673771925736,10,1,100,0.017366408210388012,-10,-1,-100,1006.6005648805294,-0.001540119852328523,8.32477834239385e-05,0.9999988105496161,35.75898572708161,-2.0264167065628125,-2259.2426634902185,70.52531953995319,-89.9080810546875,6007.63916015625,True
1598628750.4586747,0,5,0.5,0.5,-0.006885418701171876,-0.14,-0.011,-0.56,0.0009292621767974513,10,1,100,0.01747595075168943,-10,-1,-100,1012.2442581974901,-0.001545133236435346,8.336600318586936e-05,0.9999988028059789,35.856691401843115,-2.0266238723183343,-2258.2430488328905,70.52881011222308,-89.91790771484375,6005.81005859375,True
1598628750.5511801,0,5,0.5,0.5,-0.005193716430664063,-0.14,-0.011,-0.56,0.0008983742536484715,10,1,100,0.01751153804543685,-10,-1,-100,1017.888073440874,-0.001549982369881414,8.319371065180308e-05,0.9999987953160041,35.954230685669515,-2.0268237795129633,-2257.2387839191747,70.5322884163147,-89.92819213867188,6003.9814453125,True
1598628750.6462379,0,5,0.5,0.5,-0.006234207153320313,-0.14,-0.011,-0.56,0.0009350181770281001,10,1,100,0.0175739546385298,-10,-1,-100,1023.5319496059092,-0.0015549238516099789,8.337134361069595e-05,0.9999987876297824,36.05172785503975,-2.027025228791155,-2256.2373246391353,70.5357512502668,-89.9349365234375,6002.15380859375,True
1598628750.7365918,0,5,0.5,0.5,-0.009732144165039064,-0.14,-0.011,-0.56,0.0008924967222884107,10,1,100,0.017631691376556888,-10,-1,-100,1029.1758261508076,-0.0015599048588474038,8.314690452381156e-05,0.9999987798909674,36.14930503488486,-2.0272319224151247,-2255.2462595399184,70.53919866064534,-89.93533325195312,6000.32666015625,True
1598628750.8252234,0,5,0.5,0.5,-0.014393005371093752,-0.14,-0.011,-0.56,0.000922130127709976,10,1,100,0.01767781893525911,-10,-1,-100,1034.8195800385438,-0.0015648144432342623,8.321285125847158e-05,0.999998772214936,36.24697804645383,-2.0274489479593263,-2254.266425107715,70.54262786411584,-89.92898559570312,5998.5009765625,True
1598628750.9183161,0,5,0.5,0.5,-0.018377700805664064,-0.14,-0.011,-0.56,0.0009153784920796875,10,1,100,0.01771555093190847,-10,-1,-100,1040.4633343247697,-0.001569579778231598,8.321193465431456e-05,0.9999987647467838,36.344719302204915,-2.0276754820487617,-2253.2959922764126,70.54604208185918,-89.918212890625,5996.67578125,True
1598628751.0162187,0,5,0.5,0.5,-0.020142495727539064,-0.14,-0.011,-0.56,0.0009054597383244202,10,1,100,0.01782742813568218,-10,-1,-100,1046.1069662517402,-0.0015748868959959675,8.312146139179873e-05,0.9999987564102706,36.442410312359506,-2.027906021119262,-2252.3275331249565,70.54944439362117,-89.90707397460938,5994.85107421875,True
1598628751.1112683,0,5,0.5,0.5,-0.018799053955078127,-0.14,-0.011,-0.56,0.0009127291706614721,10,1,100,0.017828987411654527,-10,-1,-100,1051.7508421359817,-0.0015796822168239134,8.310555169013587e-05,0.9999987488479979,36.539913167210166,-2.028124953261749,-2251.352512117395,70.5528312093654,-89.90008544921875,5993.02734375,True
1598628751.2052782,0,5,0.5,0.5,-0.014845910644531252,-0.14,-0.011,-0.56,0.0008773362893185106,10,1,100,0.017915346805523015,-10,-1,-100,1057.3947185941506,-0.0015847827173837488,8.276956083727916e-05,0.9999987408056765,36.63712353572189,-2.0283320241659193,-2250.36469619939,70.55620592924146,-89.900146484375,5991.205078125,True
1598628751.3011892,0,5,0.5,0.5,-0.0097129638671875,-0.14,-0.011,-0.56,0.0009353090344494757,10,1,100,0.017951203452517762,-10,-1,-100,1063.0384728654753,-0.0015897008560801403,8.2991730978678e-05,0.9999987329809777,36.734010828691254,-2.028523898821581,-2249.362264821706,70.55956739359166,-89.90753173828125,5989.38330078125,True
1598628751.3882723,0,5,0.5,0.5,-0.005368475341796876,-0.14,-0.011,-0.56,0.0009055903964751308,10,1,100,0.017979263673024045,-10,-1,-100,1068.6819829321466,-0.0015943819105325972,8.292376717331495e-05,0.9999987255341739,36.830656306765015,-2.028706248856622,-2248.350698613598,70.56291539024278,-89.91964721679688,5987.5625,True
1598628751.4799328,0,5,0.5,0.5,-0.003606307983398436,-0.14,-0.011,-0.56,0.0009204395882552508,10,1,100,0.018045557667692943,-10,-1,-100,1074.325859526638,-0.001599195315737187,8.299737658099742e-05,0.9999987178420668,36.927182416268295,-2.028887749896061,-2247.344874515744,70.56650401948939,-89.93185424804688,5985.74169921875,True
1598628751.5718787,0,5,0.5,0.5,-0.005161727905273438,-0.14,-0.011,-0.56,0.0009309757569683664,10,1,100,0.018096360481565345,-10,-1,-100,1079.9698578339303,-0.0016039882433712396,8.316025606180144e-05,0.9999987101522116,37.02388193688057,-2.029082144789547,-2246.358224610669,70.57018594379254,-89.93939208984375,5983.92138671875,True
1598628751.6662946,0,5,0.5,0.5,-0.009613003540039064,-0.14,-0.011,-0.56,0.0009079922254057966,10,1,100,0.018119920995802688,-10,-1,-100,1085.6134897593874,-0.001608515032811844,8.309957901882618e-05,0.9999987028860834,37.12072907169167,-2.029289013067053,-2245.3861497945495,70.57386085566813,-89.93905639648438,5982.10205078125,True
1598628751.7602026,0,5,0.5,0.5,-0.01527419128417969,-0.14,-0.011,-0.56,0.0008901605623264507,10,1,100,0.01821163124861191,-10,-1,-100,1091.25736567087,-0.0016134198344434187,8.288235506585916e-05,0.9999986950026248,37.21771177228609,-2.0295094653151793,-2244.4279664373016,70.5775137394582,-89.93069458007812,5980.2841796875,True
1598628751.8552215,0,5,0.5,0.5,-0.01996774597167969,-0.14,-0.011,-0.56,0.0009256560542420052,10,1,100,0.01820363838700342,-10,-1,-100,1096.9011201065732,-0.0016177618959200375,8.300786548620564e-05,0.9999986879772104,37.3148106631767,-2.029741060368328,-2243.4819130173546,70.58114227636675,-89.91729736328125,5978.46630859375,True
1598628751.9471896,0,5,0.5,0.5,-0.021737551879882813,-0.14,-0.011,-0.56,0.000916261335365405,10,1,100,0.01826523140865534,-10,-1,-100,1102.5448741524015,-0.0016222253591704461,8.303674485052254e-05,0.9999986807440213,37.41184061491608,-2.029972296412075,-2242.5371204557096,70.58474808601198,-89.904052734375,5976.6494140625,True
1598628752.0386667,0,5,0.5,0.5,-0.019813995361328128,-0.14,-0.011,-0.56,0.0008960301781969816,10,1,100,0.018292132702923243,-10,-1,-100,1108.2048634724924,-0.001626484575288549,8.287915622249885e-05,0.9999986738386064,37.508629139186475,-2.030198999526342,-2241.583867872911,70.58833346063604,-89.89620971679688,5974.833984375,True
1598628752.129191,0,5,0.5,0.5,-0.014763937377929689,-0.14,-0.011,-0.56,0.0009419657507317013,10,1,100,0.01833935254498545,-10,-1,-100,1113.84873956698,-0.0016307433136342404,8.315369576139989e-05,0.9999986668799654,37.60504296047518,-2.0304096235702835,-2240.6141618357337,70.59190129826779,-89.89715576171875,5973.0185546875,True
1598628752.2187562,0,5,0.5,0.5,-0.008503799438476563,-0.14,-0.011,-0.56,0.0009127825061276869,10,1,100,0.018395490962628748,-10,-1,-100,1119.4924934124574,-0.00163508346083958,8.31376257231606e-05,0.9999986597942075,37.70105985224919,-2.0306019300328493,-2239.626938478278,70.59545147089175,-89.9068603515625,5971.205078125,True
1598628752.3125222,0,5,0.5,0.5,-0.0034074920654296875,-0.14,-0.011,-0.56,0.0008798821188832689,10,1,100,0.01840954684189081,-10,-1,-100,1125.13612536015,-0.0016391155730152173,8.282378953640791e-05,0.9999986532192723,37.79677846397576,-2.0307816040105218,-2238.6285021490967,70.59898610077414,-89.92190551757812,5969.3916015625,True
1598628752.4051366,0,5,0.5,0.5,-0.0016404815673828135,-0.14,-0.011,-0.56,0.0009013056016317672,10,1,100,0.018452089202808164,-10,-1,-100,1130.7801235632505,-0.001643127211308243,8.273333373492536e-05,0.9999986466431656,37.89231909829201,-2.0309554977588107,-2237.626380792848,70.60250728341579,-89.93646240234375,5967.5791015625,True
1598628752.497197,0,5,0.5,0.5,-0.00397672119140625,-0.14,-0.011,-0.56,0.0009069215684939651,10,1,100,0.018499950296710376,-10,-1,-100,1136.4401131686755,-0.0016471693179777671,8.270239547127583e-05,0.999998639995851,37.98793096491367,-2.031132202638325,-2236.6350981940154,70.60601574834176,-89.94476318359375,5965.767578125,True
1598628752.5945377,0,5,0.5,0.5,-0.00964464111328125,-0.14,-0.011,-0.56,0.0008893731229623421,10,1,100,0.01853782846713169,-10,-1,-100,1142.0838670879602,-0.001651149051886068,8.25151546909347e-05,0.999998633448095,38.08369058995974,-2.0313220429056136,-2235.6592111196705,70.60951318658313,-89.94329833984375,5963.9560546875,True
1598628752.684281,0,5,0.5,0.5,-0.016574179077148442,-0.14,-0.011,-0.56,0.000917736543848191,10,1,100,0.018577437969828504,-10,-1,-100,1147.7276211481076,-0.0016550883199916995,8.260331637533947e-05,0.9999986269287298,38.179673141613904,-2.031530811047782,-2234.703125573014,70.61300314972583,-89.93222045898438,5962.146484375,True
1598628752.7764494,0,5,0.5,0.5,-0.022011343383789066,-0.14,-0.011,-0.56,0.0009046790317383314,10,1,100,0.018643358862431555,-10,-1,-100,1153.3714972637827,-0.0016592308732154392,8.256501237715465e-05,0.9999986200670119,38.27574942326767,-2.0317485219006866,-2233.75889275341,70.61648227719476,-89.91558837890625,5960.337890625,True
1598628752.8669102,0,5,0.5,0.5,-0.023743569946289067,-0.14,-0.011,-0.56,0.0009239042692869099,10,1,100,0.01867206831075097,-10,-1,-100,1159.0152511103079,-0.0016632201266060197,8.270536804116375e-05,0.9999986134283549,38.37173570997368,-2.0319698930255776,-2232.815863101468,70.61995200939616,-89.89981079101562,5958.529296875,True
1598628752.9593534,0,5,0.5,0.5,-0.020915594482421876,-0.14,-0.011,-0.56,0.0008933273785032821,10,1,100,0.018694587944945208,-10,-1,-100,1164.6753628561273,-0.0016670141765742809,8.25552936166021e-05,0.9999986071232092,38.4674313052096,-2.032181995223225,-2231.8623627831303,70.62341176157207,-89.8912353515625,5956.7216796875,True
1598628753.0532618,0,5,0.5,0.5,-0.01445256042480469,-0.14,-0.011,-0.56,0.0008934185616444412,10,1,100,0.01877255967655548,-10,-1,-100,1170.3191165807657,-0.0016711353017407156,8.241998567974377e-05,0.9999986002558949,38.56263123769805,-2.032375100934552,-2230.8866951661907,70.62686453790019,-89.89361572265625,5954.9150390625,True
1598628753.148189,0,5,0.5,0.5,-0.006838656616210939,-0.14,-0.011,-0.56,0.0009206943458974859,10,1,100,0.018810948990135405,-10,-1,-100,1175.9628708254313,-0.0016751940529353769,8.254560714861084e-05,0.9999985934545647,38.65737226433586,-2.032546199359167,-2229.8913326659526,70.63031125339953,-89.90640258789062,5953.10888671875,True
1598628753.2512362,0,5,0.5,0.5,-0.0009474365234374994,-0.14,-0.011,-0.56,0.0009161429445610758,10,1,100,0.018844288156995258,-10,-1,-100,1181.6226162036182,-0.0016791504459091624,8.261897030686312e-05,0.9999985868129444,38.75172054905309,-2.032700724069202,-2228.881630862064,70.63379427256461,-89.925048828125,5951.3037109375,True
1598628753.3392928,0,5,0.5,0.5,0.0007051910400390632,-0.14,-0.011,-0.56,0.0008980165547364922,10,1,100,0.01889900964268274,-10,-1,-100,1187.2664919005474,-0.0016832082395071318,8.252106492435039e-05,0.99999857999914,38.84597184682799,-2.032851902215986,-2227.8731215041144,70.63727034528331,-89.94232177734375,5949.5,True
1598628753.4315498,0,5,0.5,0.5,-0.0017621185302734372,-0.14,-0.011,-0.56,0.0008830758064444563,10,1,100,0.018923328504893165,-10,-1,-100,1192.9372234437615,-0.0016870817860451998,8.229642801832993e-05,0.9999985734901551,38.94028371770847,-2.0330090603044817,-2226.874195698525,70.64071461390354,-89.95260620117188,5947.6962890625,True
1598628753.5214255,0,5,0.5,0.5,-0.0087090576171875,-0.14,-0.011,-0.56,0.0008979720065388523,10,1,100,0.018976215891361208,-10,-1,-100,1198.597090511932,-0.0016910477023494553,8.222800171139941e-05,0.999998566797085,39.0348493036776,-2.033183703664606,-2225.8958435329287,70.64412711171877,-89.95089721679688,5945.8935546875,True
1598628753.6112685,0,5,0.5,0.5,-0.017249893188476563,-0.14,-0.011,-0.56,0.000895650289376336,10,1,100,0.019038821476130115,-10,-1,-100,1204.2408445646288,-0.0016951859509871654,8.21449505063302e-05,0.9999985597973622,39.129690209165595,-2.0333753554129963,-2224.939230951483,70.64751007906435,-89.93731689453125,5944.09228515625,True
1598628753.7084928,0,5,0.5,0.5,-0.024144311523437503,-0.14,-0.011,-0.56,0.000915267717037275,10,1,100,0.01905153444058199,-10,-1,-100,1209.8847206358332,-0.0016990271152155594,8.224820635852036e-05,0.9999985532700008,39.224712274463855,-2.0335786098937816,-2223.998636857355,70.65086578290415,-89.91659545898438,5942.291015625,True
1598628753.793031,0,5,0.5,0.5,-0.026488784790039063,-0.14,-0.011,-0.56,0.0008891953748055123,10,1,100,0.019104086419740148,-10,-1,-100,1215.544713727897,-0.0017029606495591735,8.210534202751234e-05,0.9999985465908132,39.320166661269376,-2.033810919395007,-2223.1573770356995,70.65662295881329,-89.89666748046875,5940.48583984375,True
1598628753.8865833,0,5,0.5,0.5,-0.024240655517578126,-0.14,-0.011,-0.56,0.0008983769197614328,10,1,100,0.01916415324035748,-10,-1,-100,1221.188589236117,-0.0017070465241290228,8.205947943166218e-05,0.9999985396281369,39.41666763004611,-2.034101183131282,-2222.404351522653,70.66319280188713,-89.88394165039062,5938.6796875,True
1598628753.979522,0,5,0.5,0.5,-0.01678041687011719,-0.14,-0.011,-0.56,0.0009273833785820137,10,1,100,0.019220169266211753,-10,-1,-100,1226.8483303477988,-0.0017112337991116021,8.228193198306273e-05,0.9999985324532075,39.51197547920604,-2.0343366207306586,-2221.5128172567192,70.66705156044043,-89.88442993164062,5936.8798828125,True
1598628754.072753,0,5,0.5,0.5,-0.007130487060546876,-0.14,-0.011,-0.56,0.0008558272214356192,10,1,100,0.019222165749487635,-10,-1,-100,1232.492205800023,-0.0017150221094006633,8.183377655909298e-05,0.9999985260001124,39.60510390505131,-2.034462818853615,-2220.468411786105,70.66960501142333,-89.89862060546875,5935.083984375,True
1598628754.1662343,0,5,0.5,0.5,0.0009786285400390643,-0.14,-0.011,-0.56,0.0009242078965677103,10,1,100,0.019281994985927017,-10,-1,-100,1238.152317770524,-0.001718973722670654,8.204865215722087e-05,0.9999985191975833,39.69754595613764,-2.0345590925608583,-2219.391536561685,70.67211761928645,-89.92156982421875,5933.2890625,True
1598628754.2583098,0,5,0.5,0.5,0.004294503784179688,-0.14,-0.011,-0.56,0.0008926772735373375,10,1,100,0.019355868994694145,-10,-1,-100,1243.796071456978,-0.0017232014772896544,8.19578700535607e-05,0.9999985119286809,39.789835631823465,-2.034647057528119,-2218.315961193683,70.67472364547203,-89.94467163085938,5931.4951171875,True
1598628754.3502507,0,5,0.5,0.5,0.001186737060546875,-0.14,-0.011,-0.56,0.0008892772379110599,10,1,100,0.01936265740797773,-10,-1,-100,1249.4398254603148,-0.001727070245938794,8.184494344896782e-05,0.9999985052637683,39.88234774855819,-2.0347453553381833,-2217.262827495915,70.67742882208111,-89.95870971679688,5929.701171875,True
1598628754.4462957,0,5,0.5,0.5,-0.007287384033203126,-0.14,-0.011,-0.56,0.0008700883349268222,10,1,100,0.019422101035223384,-10,-1,-100,1255.1266701251734,-0.0017310913518130693,8.156824876727156e-05,0.9999984983335487,39.97527030853422,-2.0348673625316818,-2216.2412089070367,70.68020367658909,-89.95782470703125,5927.908203125,True
1598628754.5789027,0,5,0.5,0.5,-0.018042092895507816,-0.14,-0.011,-0.56,0.0008623158618394758,10,1,100,0.019482081055929388,-10,-1,-100,1260.770424233633,-0.0017352557722056798,8.124664907670283e-05,0.9999984911420552,40.068690292574445,-2.0350184805707787,-2215.2551969351216,70.68301862214217,-89.94174194335938,5926.115234375,True
1598628754.6705856,0,5,0.5,0.5,-0.037015496826171876,-0.14,-0.011,-0.56,0.0008994988493337152,10,1,100,0.01970724072884058,-10,-1,-100,1269.238619904616,-0.0017410520879334106,8.129312951834219e-05,0.9999984810633735,40.20924699224771,-2.0352736742267976,-2213.826757666417,70.68776153146997,-89.90176391601562,5923.42724609375,True
1598628754.7592316,0,5,0.5,0.5,-0.0337420166015625,-0.14,-0.011,-0.56,0.0009053006681144311,10,1,100,0.01957955266478052,-10,-1,-100,1274.8988534391392,-0.0017451224607646946,8.138899652405737e-05,0.9999984739605496,40.303760502844064,-2.035494940573805,-2212.95917866627,70.6920763267655,-89.87448120117188,5921.63330078125,True
1598628754.8509107,0,5,0.5,0.5,-0.026605776977539068,-0.14,-0.011,-0.56,0.0008684618320040638,10,1,100,0.019611015111605942,-10,-1,-100,1280.5692186839879,-0.0017490704930268153,8.114190106052551e-05,0.9999984670830262,40.397843202849,-2.0357026583549143,-2212.0747281362665,70.69641115309342,-89.86288452148438,5919.84033203125,True
1598628754.9423168,0,5,0.5,0.5,-0.01163260192871094,-0.14,-0.011,-0.56,0.0009249087763128557,10,1,100,0.019631026530463794,-10,-1,-100,1286.2292078038445,-0.0017528033316466347,8.143125702227751e-05,0.9999984605235305,40.490884364656004,-2.0358614348137007,-2211.1345262743293,70.70056037213092,-89.87503051757812,5918.04833984375,True
1598628755.0373547,0,5,0.5,0.5,0.0033021270751953137,-0.14,-0.011,-0.56,0.0008842763497473435,10,1,100,0.0196814671574591,-10,-1,-100,1291.8730819394113,-0.001756617581971396,8.132569554142084e-05,0.9999984538392057,40.58267163953677,-2.035962529887766,-2210.0998093193325,70.70354157566823,-89.90609741210938,5916.259765625,True
1598628755.130143,0,5,0.5,0.5,0.012936206054687501,-0.14,-0.011,-0.56,0.0009175910375242638,10,1,100,0.019723716865914183,-10,-1,-100,1297.5331928697415,-0.0017604313564593427,8.153305324863012e-05,0.9999984471156944,40.67325406750037,-2.036006867184003,-2208.991830545319,70.70599350184807,-89.9447021484375,5914.4736328125,True
1598628755.223224,0,5,0.5,0.5,0.012983013916015628,-0.14,-0.011,-0.56,0.0008745330136430403,10,1,100,0.01977495577410154,-10,-1,-100,1303.192938076565,-0.001764326543673917,8.133059240072615e-05,0.9999984402673745,40.76380119380625,-2.0360488464957345,-2207.889418437007,70.7084474438171,-89.97561645507812,5912.6875,True
1598628755.3171964,0,5,0.5,0.5,0.0030750366210937504,-0.14,-0.011,-0.56,0.0008806407840551305,10,1,100,0.019817967788097014,-10,-1,-100,1308.8365700980648,-0.0017682212548449576,8.120263252242594e-05,0.9999984333986363,40.854929366570815,-2.0361242794285648,-2206.8299959318592,70.71104780017052,-89.98614501953125,5910.90283203125,True
1598628755.4103625,0,5,0.5,0.5,-0.013322396850585939,-0.14,-0.011,-0.56,0.0009112755703283608,10,1,100,0.01983955695564504,-10,-1,-100,1314.4968038351508,-0.0017719207565155164,8.136538733638834e-05,0.9999984268370158,40.94699973005794,-2.0362453710429125,-2205.831908835135,70.71377993922096,-89.97109985351562,5909.11767578125,True
1598628755.5004165,0,5,0.5,0.5,-0.029876397705078127,-0.14,-0.011,-0.56,0.0008620589436284317,10,1,100,0.019945836196066248,-10,-1,-100,1320.1406799380202,-0.0017762129971246696,8.106610679856469e-05,0.9999984192465882,41.0398926518643,-2.0364146703778867,-2204.8870288970343,70.71659625017983,-89.93539428710938,5907.3330078125,True
1598628755.555187,0,5,0.5,0.5,-0.03998775024414063,-0.14,-0.011,-0.56,0.0008754421597743623,10,1,100,0.01994556397004026,-10,-1,-100,1325.8274025649298,-0.0017800753254191917,8.091586331303177e-05,0.9999984123909691,41.13312909590932,-2.0366090926377702,-2203.968334421433,70.71947037466087,-89.89239501953125,5905.5498046875,True
1598628755.6383102,0,5,0.5,0.5,-0.029120370483398442,-0.14,-0.011,-0.56,0.0008866682675333303,10,1,100,0.01977734431783009,-10,-1,-100,1328.6359733298887,-0.0017820217877236777,8.088167682054275e-05,0.9999984089269854,41.179734305339906,-2.0367092731752456,-2203.5110944890525,70.7209265925527,-89.87353515625,5904.658203125,True
1598628755.7322536,0,5,0.5,0.5,-0.033598950195312505,-0.14,-0.011,-0.56,0.0008948046345462263,10,1,100,0.020023578515666163,-10,-1,-100,1334.2959626115626,-0.0017859962467744847,8.092502636358226e-05,0.9999984018329964,41.272206725260375,-2.0368787480138115,-2202.560660425424,70.72379526136002,-89.85205078125,5902.8759765625,True
1598628755.8243504,0,5,0.5,0.5,-0.020554226684570315,-0.14,-0.011,-0.56,0.0008477138932302287,10,1,100,0.020062351267273733,-10,-1,-100,1339.9559519154718,-0.001789928302059153,8.053653454956087e-05,0.9999983948339818,41.36360767916563,-2.0370028372218196,-2201.561729002999,70.72674311712818,-89.853515625,5901.0947265625,True
1598628755.8835816,0,5,0.5,0.5,-0.0061241577148437535,-0.14,-0.011,-0.56,0.0009035418221013741,10,1,100,0.020130158041180124,-10,-1,-100,1345.6264394925674,-0.0017940855730167163,8.069170018334521e-05,0.9999983873716027,41.45418160248357,-2.037087976104995,-2200.527662248948,70.72977413250413,-89.87533569335938,5899.3134765625,True
1598628755.9708602,0,5,0.5,0.5,-0.006136633300781251,-0.14,-0.011,-0.56,0.0008932049044818801,10,1,100,0.019959221029177215,-10,-1,-100,1348.4511236253893,-0.0017962768756044334,8.073936423147929e-05,0.999998383433964,41.499154104588875,-2.037117172842702,-2199.996685553329,70.73130398948052,-89.892822265625,5898.4228515625,True
1598628756.0644164,0,5,0.5,0.5,0.010588525390625003,-0.14,-0.011,-0.56,0.0008964278026939649,10,1,100,0.020217705509446023,-10,-1,-100,1354.0948776728474,-0.0018005862409419427,8.08127157944539e-05,0.9999983756779276,41.588667602861506,-2.037150602036858,-2198.914982243407,70.73430303319259,-89.9307861328125,5896.64306640625,True
1598628756.157197,0,5,0.5,0.5,0.012222561645507814,-0.14,-0.011,-0.56,0.0008995405646578906,10,1,100,0.020274587865940177,-10,-1,-100,1359.755110896076,-0.0018049879947648361,8.090816766647221e-05,0.9999983677347714,41.67821979029218,-2.0371872810324962,-2197.8437932201923,70.73736781962681,-89.96356201171875,5894.8642578125,True
1598628756.2501945,0,5,0.5,0.5,0.006575161743164064,-0.14,-0.011,-0.56,0.0008693398273174963,10,1,100,0.020315419512576684,-10,-1,-100,1365.4417115449905,-0.0018093273616278712,8.072065763326341e-05,0.9999983599079919,41.76817814009987,-2.0372445844068974,-2196.8021073462537,70.74050025156542,-89.98175048828125,5893.08544921875,True
1598628756.3432388,0,5,0.5,0.5,-0.0074652465820312505,-0.14,-0.011,-0.56,0.0008772273494970638,10,1,100,0.020380517579249094,-10,-1,-100,1371.0853431952419,-0.001813830035195732,8.062248483170887e-05,0.9999983517589508,41.85887422297264,-2.037337652496922,-2195.8032402391714,70.74356679521073,-89.97622680664062,5891.3076171875,True
1598628756.4307432,0,5,0.5,0.5,-0.023638592529296877,-0.14,-0.011,-0.56,0.0008737508734845342,10,1,100,0.020387618483010402,-10,-1,-100,1376.7454544756329,-0.0018179537311660981,8.050203579560615e-05,0.9999983442804561,41.95050851502785,-2.037478572356273,-2194.8621264946687,70.74673148344058,-89.94863891601562,5889.5302734375,True
1598628756.5211532,0,5,0.5,0.5,-0.035791690063476565,-0.14,-0.011,-0.56,0.0008757774969028995,10,1,100,0.020465217999249448,-10,-1,-100,1382.4054435945582,-0.0018223735609179251,8.04113367279683e-05,0.9999983362429267,42.042673074177756,-2.0376514366656466,-2193.9549020450736,70.74990946082366,-89.90911865234375,5887.75439453125,True
1598628756.5691853,0,5,0.5,0.5,-0.03887144470214844,-0.14,-0.011,-0.56,0.0008551658437190323,10,1,100,0.020462755739018665,-10,-1,-100,1388.0654325537616,-0.0018263325203509478,8.014193194671017e-05,0.9999983290420018,42.13475278606728,-2.0378278693264362,-2193.049299726549,70.75309349300343,-89.873046875,5885.97900390625,True
1598628756.6192415,0,5,0.5,0.5,-0.02702217712402344,-0.14,-0.011,-0.56,0.0008971000705894577,10,1,100,0.020282518684631306,-10,-1,-100,1390.9003706964431,-0.0018282563863651047,8.027895065749471e-05,0.9999983255155359,42.18058234390277,-2.0379079498058092,-2192.5851412387806,70.75459602030938,-89.861083984375,5885.091796875,True
1598628756.7153702,0,5,0.5,0.5,-0.024202572631835943,-0.14,-0.011,-0.56,0.0008591253602978437,10,1,100,0.02031337749532742,-10,-1,-100,1393.7094301688485,-0.0018302510463985703,8.005852265000422e-05,0.9999983218844619,42.22613732765556,-2.0379753801768543,-2192.108154661868,70.75609904512798,-89.85552978515625,5884.20458984375,True
1598628756.8095245,0,5,0.5,0.5,-0.018465081787109375,-0.14,-0.011,-0.56,0.0008662252238442821,10,1,100,0.02058213074589484,-10,-1,-100,1399.3692975633312,-0.001834474707367441,7.992325338228353e-05,0.9999983141559898,42.316249026617214,-2.038071633937718,-2191.10608781728,70.75906821862436,-89.85931396484375,5882.4306640625,True
1598628756.90417,0,5,0.5,0.5,-0.00773961181640625,-0.14,-0.011,-0.56,0.0008999934977387423,10,1,100,0.02062714494224478,-10,-1,-100,1405.055898169172,-0.0018386888938225386,8.010800754780453e-05,0.9999983064014953,42.4056970695638,-2.0381377628206216,-2190.0813176029915,70.76222605758068,-89.87771606445312,5880.65771484375,True
1598628757.0025625,0,5,0.5,0.5,0.001699691772460937,-0.14,-0.011,-0.56,0.0008591599385767264,10,1,100,0.020655028449503794,-10,-1,-100,1410.7160093132406,-0.0018427388200723631,7.99053923497568e-05,0.9999982989629379,42.49465153982639,-2.038179526152644,-2189.038963828942,70.76544472930625,-89.906005859375,5878.88525390625,True
1598628757.0901837,0,5,0.5,0.5,0.006600979614257813,-0.14,-0.011,-0.56,0.0008849236115558481,10,1,100,0.02071265373859551,-10,-1,-100,1416.3759982518386,-0.0018469101185409397,7.995632353799334e-05,0.9999982912635402,42.58331572796646,-2.038207320136247,-2187.9880539426795,70.76867177952693,-89.93572998046875,5877.11328125,True
1598628757.1822321,0,5,0.5,0.5,0.005926577758789063,-0.14,-0.011,-0.56,0.0008796009409979691,10,1,100,0.020764883283255382,-10,-1,-100,1422.0197517431807,-0.0018511428559575417,7.995493155322337e-05,0.9999982834371947,42.67208185808799,-2.038240081917679,-2186.9486899646663,70.77189392522912,-89.9586181640625,5875.3427734375,True
1598628757.2369242,0,5,0.5,0.5,-0.0020609313964843746,-0.14,-0.011,-0.56,0.0008631573261589094,10,1,100,0.02077705438576437,-10,-1,-100,1427.679618787486,-0.0018550675247038417,7.980478557151238e-05,0.9999982761763517,42.76134898283199,-2.038294796965894,-2185.9407858370078,70.77509610826228,-89.96554565429688,5873.572265625,True
1598628757.319275,0,5,0.5,0.5,-0.008421118164062501,-0.14,-0.011,-0.56,0.0008718909857338338,10,1,100,0.02058952513275971,-10,-1,-100,1430.5310365738114,-0.0018568968541790379,7.974831999356906e-05,0.9999982727856475,42.80633452839369,-2.0383411772900595,-2185.455901809993,70.77664996019526,-89.96197509765625,5872.68798828125,True
1598628757.4101775,0,5,0.5,0.5,-0.019415832519531252,-0.14,-0.011,-0.56,0.0008764734844816046,10,1,100,0.020838492774735214,-10,-1,-100,1436.1912694245111,-0.0018607918383623924,7.973924947199523e-05,0.9999982655461891,42.89639004467524,-2.0384413433563284,-2184.4901424185587,70.7795766119345,-89.94332885742188,5870.91943359375,True
1598628757.5032,0,5,0.5,0.5,-0.02705458679199219,-0.14,-0.011,-0.56,0.0008722949245699955,10,1,100,0.020869412088868475,-10,-1,-100,1441.8349013974657,-0.001864582491095734,7.96933827099814e-05,0.9999982584890329,42.98672025504871,-2.038560716619243,-2183.5458708345673,70.78254835307712,-89.91738891601562,5869.15185546875,True
1598628757.5973105,0,5,0.5,0.5,-0.029171606445312505,-0.14,-0.011,-0.56,0.0008660095271376307,10,1,100,0.02093012327842538,-10,-1,-100,1447.4948903517798,-0.001868547435208625,7.959507801144508e-05,0.9999982510960236,43.07696634151085,-2.0386835488122723,-2182.603569434674,70.78552502672031,-89.89352416992188,5867.384765625,True
1598628757.6892662,0,5,0.5,0.5,-0.024310476684570315,-0.14,-0.011,-0.56,0.0008518792499860636,10,1,100,0.020961136493884945,-10,-1,-100,1453.1818567031296,-0.001872399053280149,7.937767435197832e-05,0.9999982439089431,43.166713763866504,-2.0387904830963235,-2181.641482330554,70.78847482448819,-89.88131713867188,5865.61865234375,True
1598628757.783132,0,5,0.5,0.5,-0.014224627685546878,-0.14,-0.011,-0.56,0.000872596000746692,10,1,100,0.020988781982041082,-10,-1,-100,1458.841723532183,-0.0018761173701957606,7.936886474031453e-05,0.9999982369405439,43.25560032901929,-2.0388612772711006,-2180.641142270848,70.79138540413138,-89.88592529296875,5863.853515625,True
1598628757.876396,0,5,0.5,0.5,-0.002718405151367188,-0.14,-0.011,-0.56,0.0008773563380077012,10,1,100,0.021035258415651258,-10,-1,-100,1464.501713419566,-0.0018798861454460698,7.940480374372706e-05,0.999998229859912,43.34372944342701,-2.038895589253041,-2179.618060198165,70.79461099584879,-89.90603637695312,5862.08837890625,True
1598628757.971558,0,5,0.5,0.5,0.005672741699218751,-0.14,-0.011,-0.56,0.0008604505399385856,10,1,100,0.02104738676846612,-10,-1,-100,1470.161580010783,-0.0018833887922216008,7.928424157220653e-05,0.9999982232787548,43.4314614724193,-2.038913830780542,-2178.5828689004,70.79787791074006,-89.93411254882812,5860.32421875,True
1598628758.062258,0,5,0.5,0.5,0.0074226715087890634,-0.14,-0.011,-0.56,0.0008583450158270072,10,1,100,0.021098422628515648,-10,-1,-100,1475.8216909547336,-0.0018870038164964604,7.915610945341513e-05,0.999998216473863,43.51903417299857,-2.0389265372504717,-2177.543727308329,70.80104108190548,-89.95907592773438,5858.560546875,True
1598628758.1574678,0,5,0.5,0.5,0.0014759094238281254,-0.14,-0.011,-0.56,0.0008660237596510091,10,1,100,0.02111327924200692,-10,-1,-100,1481.4815578806447,-0.001890392661450309,7.911015867300462e-05,0.9999982100769822,43.606897849687975,-2.0389514751243625,-2176.5236003685286,70.80410670538353,-89.97055053710938,5856.7978515625,True
1598628758.2582278,0,5,0.5,0.5,-0.010092681884765625,-0.14,-0.011,-0.56,0.0008703845043958151,10,1,100,0.021160864686952375,-10,-1,-100,1487.1682799789123,-0.0018938739107835425,7.910865984931012e-05,0.9999982034901012,43.69535131925065,-2.039008454387623,-2175.537791926997,70.80710555041193,-89.96319580078125,5855.0361328125,True
1598628758.3451717,0,5,0.5,0.5,-0.022870269775390625,-0.14,-0.011,-0.56,0.0008563924983574719,10,1,100,0.021207122351057008,-10,-1,-100,1492.8281470774673,-0.0018974255916177926,7.898067873664315e-05,0.9999981967674625,43.78449628217261,-2.039102249492008,-2174.5920877361405,70.81007034871044,-89.93905639648438,5853.27587890625,True
1598628758.4377174,0,5,0.5,0.5,-0.033496307373046874,-0.14,-0.011,-0.56,0.0008484724468242521,10,1,100,0.021226036851015345,-10,-1,-100,1498.488258149242,-0.0019007930389637728,7.879302141185786e-05,0.9999981903871041,43.87401475707713,-2.039221642289044,-2173.6712596939597,70.81302609980007,-89.90457153320312,5851.515625,True
1598628758.5312335,0,5,0.5,0.5,-0.03541165161132813,-0.14,-0.011,-0.56,0.0008481463671714111,10,1,100,0.021277891067562435,-10,-1,-100,1504.1481246439507,-0.0019042928380215754,7.862027799366188e-05,0.9999981837421701,43.96341962943274,-2.039343673993518,-2172.7514467937995,70.81599161675312,-89.874267578125,5849.7568359375,True
1598628758.6222024,0,5,0.5,0.5,-0.02788339538574219,-0.14,-0.011,-0.56,0.0008823798055099714,10,1,100,0.02130180070125601,-10,-1,-100,1509.8082360394765,-0.001907659338014235,7.877533778021407e-05,0.999998177313487,44.05206383646285,-2.039438174516133,-2171.800983768085,70.8189767443058,-89.86080932617188,5847.998046875,True
1598628758.7172208,0,5,0.5,0.5,-0.013383859252929689,-0.14,-0.011,-0.56,0.0008379689079913029,10,1,100,0.021371566832047828,-10,-1,-100,1515.4952023180667,-0.0019113219753013656,7.851311336924795e-05,0.9999981703403251,44.139546236703794,-2.0394863652092554,-2170.8006976125207,70.8219884243596,-89.87078857421875,5846.240234375,True
1598628758.81076,0,5,0.5,0.5,0.0025229522705078142,-0.14,-0.011,-0.56,0.000886901860332411,10,1,100,0.021370026029031763,-10,-1,-100,1521.155069573666,-0.0019146056340757877,7.872035051817161e-05,0.999998164042501,44.225914391279936,-2.0394869335387416,-2169.7535236301355,70.82503023217375,-89.90151977539062,5844.4833984375,True
1598628758.9043226,0,5,0.5,0.5,0.013506753540039064,-0.14,-0.011,-0.56,0.0008724868642192131,10,1,100,0.021416499622649264,-10,-1,-100,1526.8150584113318,-0.0019179817024593945,7.877832473727819e-05,0.9999981575683851,44.311527725590636,-2.0394519811232166,-2168.677419889982,70.82810565779494,-89.94180297851562,5842.72705078125,True
1598628758.9961975,0,5,0.5,0.5,0.014839675903320314,-0.14,-0.011,-0.56,0.0008583124750239386,10,1,100,0.021465860474073162,-10,-1,-100,1532.4750471136067,-0.001921468142448129,7.870263041363161e-05,0.9999981508813272,44.39710790306381,-2.039415417967231,-2167.6052631762195,70.83113046760131,-89.97592163085938,5840.9716796875,True
1598628759.0890918,0,5,0.5,0.5,0.0055784210205078125,-0.14,-0.011,-0.56,0.0008484527951779967,10,1,100,0.021512139645414555,-10,-1,-100,1538.1349142174004,-0.0019250270218810351,7.854459619266232e-05,0.9999981440491333,44.483367822308814,-2.0394107445901617,-2166.5761855516753,70.83426525361597,-89.98995971679688,5839.216796875,True
1598628759.1833074,0,5,0.5,0.5,-0.011126913452148439,-0.14,-0.011,-0.56,0.0008746986497646619,10,1,100,0.021544328352535218,-10,-1,-100,1543.8215147393057,-0.0019285235056480188,7.864004154482388e-05,0.9999981373046812,44.57082731104729,-2.039460518516032,-2165.61743342299,70.83758883438725,-89.977294921875,5837.4619140625,True
1598628759.2765625,0,5,0.5,0.5,-0.02879939270019531,-0.14,-0.011,-0.56,0.0008469336866155171,10,1,100,0.02157029189553296,-10,-1,-100,1549.4816259713843,-0.001931906659831743,7.847482730752805e-05,0.9999981307874326,44.65940409007401,-2.0395661782859014,-2164.7264722808136,70.84117196367131,-89.94189453125,5835.7080078125,True
1598628759.3707287,0,5,0.5,0.5,-0.04041736450195313,-0.14,-0.011,-0.56,0.0008238984732743052,10,1,100,0.021646958488503346,-10,-1,-100,1555.1578496823786,-0.001935647877145574,7.811568138091093e-05,0.9999981235808576,44.74843262162017,-2.039701160023802,-2163.8539399043902,70.84442116111795,-89.89697265625,5833.955078125,True
1598628759.4641771,0,5,0.5,0.5,-0.04092560119628907,-0.14,-0.011,-0.56,0.0008800721109985996,10,1,100,0.02165517687365714,-10,-1,-100,1560.817716390593,-0.0019390920101702896,7.8300470281508e-05,0.9999981168938333,44.83709382750197,-2.0398324000430748,-2162.966774635578,70.84757013301599,-89.86032104492188,5832.203125,True
1598628759.5582232,0,5,0.5,0.5,-0.0296018310546875,-0.14,-0.011,-0.56,0.0008261520049227524,10,1,100,0.0217256734439929,-10,-1,-100,1566.47782707843,-0.0019428322824938573,7.797856814291777e-05,0.9999981096592458,44.924541014155366,-2.039914374202897,-2162.023494496309,70.85059273974395,-89.84719848632812,5830.45166015625,True
1598628759.6532342,0,5,0.5,0.5,-0.010412091064453127,-0.14,-0.011,-0.56,0.0008515627786384768,10,1,100,0.021741713119255913,-10,-1,-100,1572.1646713594673,-0.0019463463698863284,7.791766120492169e-05,0.9999981028305235,45.01040723620605,-2.0399316748730376,-2161.010784517345,70.8536264704642,-89.8641357421875,5828.70166015625,True
1598628759.7453623,0,5,0.5,0.5,0.009212548828125002,-0.14,-0.011,-0.56,0.0008844759451915344,10,1,100,0.02181073547903641,-10,-1,-100,1577.8244161505718,-0.0019501366304278658,7.816204318646607e-05,0.9999980954270953,45.09483184131286,-2.039885466460541,-2159.93605061712,70.8566841286077,-89.90573120117188,5826.9521484375,True
1598628759.837144,0,5,0.5,0.5,0.021406512451171877,-0.14,-0.011,-0.56,0.0008647297650392842,10,1,100,0.021846536727305303,-10,-1,-100,1583.4846497296821,-0.0019538754868168424,7.82052054476966e-05,0.9999980881254362,45.1785819745165,-2.039805481302491,-2158.8380042464923,70.85982896825976,-89.9564208984375,5825.2041015625,True
1598628759.932219,0,5,0.5,0.5,0.02080201721191406,-0.14,-0.011,-0.56,0.0008601916897867438,10,1,100,0.021893065113589225,-10,-1,-100,1589.1446384125156,-0.001957664801787259,7.820370965496452e-05,0.9999980807145099,45.26255061453478,-2.0397330241673726,-2157.7608214846446,70.86310659149191,-89.99608612060547,5823.455078125,True
1598628760.0266314,0,5,0.5,0.5,0.007071146392822266,-0.14,-0.011,-0.56,0.0008093461252593628,10,1,100,0.021929910272576625,-10,-1,-100,1594.8474738313816,-0.0019614116835153968,7.774057100292159e-05,0.9999980734084498,45.34760031744164,-2.0397072081829934,-2156.7426577387196,70.86641710836697,-90.00817108154297,5821.7080078125,True
1598628760.120272,0,5,0.5,0.5,-0.014923744201660158,-0.14,-0.011,-0.56,0.0008496606894049473,10,1,100,0.021958774133762293,-10,-1,-100,1600.5074625866255,-0.001965047261404815,7.768676283437855e-05,0.9999980662751441,45.43414568639573,-2.039749003902066,-2155.8018459940167,70.86972874327338,-89.98638916015625,5819.9609375,True
1598628760.214504,0,5,0.5,0.5,-0.036639204406738284,-0.14,-0.011,-0.56,0.0008416779143366614,10,1,100,0.021988512277061906,-10,-1,-100,1606.1674514770275,-0.001968589475556322,7.756614225209177e-05,0.9999980593176019,45.52203167691974,-2.0398573213996327,-2154.929630102776,70.87301210536762,-89.93792724609375,5818.21484375,True
1598628760.3055007,0,5,0.5,0.5,-0.04928150787353516,-0.14,-0.011,-0.56,0.000846088200796814,10,1,100,0.022023158189738497,-10,-1,-100,1611.8275621761568,-0.0019720912850677294,7.749740676788285e-05,0.9999980524231613,45.61038708504588,-2.0399971332525824,-2154.08423265082,70.87625724023307,-89.881103515625,5816.4697265625,True
1598628760.399739,0,5,0.5,0.5,-0.047256727600097664,-0.14,-0.011,-0.56,0.0008461819315513751,10,1,100,0.022098788948628007,-10,-1,-100,1617.5036639811005,-0.0019759291702426207,7.743633412965532e-05,0.9999980448518527,45.69818800678172,-2.0401255673604073,-2153.2168832092357,70.87945867290138,-89.83856201171875,5814.72509765625,True
1598628760.4924097,0,5,0.5,0.5,-0.030613792419433596,-0.14,-0.011,-0.56,0.0008471324859485084,10,1,100,0.022137393554672154,-10,-1,-100,1623.1903864920605,-0.0019797356194019484,7.739024053137864e-05,0.9999980373268881,45.78442072632367,-2.0401953201166916,-2152.2818925419137,70.88267696340354,-89.82833862304688,5812.9814453125,True
1598628760.5931568,0,5,0.5,0.5,-0.005405656433105468,-0.14,-0.011,-0.56,0.0008679170401630226,10,1,100,0.02214987500323016,-10,-1,-100,1628.8503752115648,-0.0019832759469546753,7.753782259636047e-05,0.9999980303002624,45.868676536116354,-2.040181490305265,-2151.2600801370063,70.88589801232536,-89.856201171875,5811.23828125,True
1598628760.680348,0,5,0.5,0.5,0.018566938781738283,-0.14,-0.011,-0.56,0.0008275294977891875,10,1,100,0.022199137587772477,-10,-1,-100,1634.5104860550491,-0.0019869086958829315,7.73051739416805e-05,0.9999980231069182,45.95118582076898,-2.0400894799514204,-2150.1624002088784,70.88910369561194,-89.91275024414062,5809.49609375,True
1598628760.774243,0,5,0.5,0.5,0.03542097320556641,-0.14,-0.011,-0.56,0.0009120195789934098,10,1,100,0.022243483063066193,-10,-1,-100,1640.1864660335705,-0.0019905809064426935,7.786254578405053e-05,0.9999980157605708,46.03275610149025,-2.0399494172881725,-2149.0291032371483,70.89236636372249,-89.9820556640625,5807.7548828125,True
1598628760.8681686,0,5,0.5,0.5,0.033044844055175784,-0.14,-0.011,-0.56,0.0007765901772867067,10,1,100,0.022292831840763576,-10,-1,-100,1645.8729442083277,-0.001994334536367339,7.713838258856567e-05,0.9999980083377301,46.114623535616964,-2.039819243023189,-2147.918273910891,70.89569862974619,-90.03406524658203,5806.01416015625,True
1598628760.9602263,0,5,0.5,0.5,0.012586285400390626,-0.14,-0.011,-0.56,0.000872515499133506,10,1,100,0.022330577375626805,-10,-1,-100,1651.5330548863858,-0.0019980567323116096,7.735306927042887e-05,0.9999980008909003,46.19817555697608,-2.0397590585747483,-2146.8890665158033,70.89890957422921,-90.04638671875,5804.2744140625,True
1598628761.0532966,0,5,0.5,0.5,-0.018849033355712894,-0.14,-0.011,-0.56,0.0008163960296493906,10,1,100,0.02237042596235972,-10,-1,-100,1657.2095230644336,-0.0020017694930050674,7.703841426020573e-05,0.9999979934899766,46.28389859401291,-2.0397949879032877,-2145.9645494933784,70.90204313686947,-90.01127624511719,5802.53515625,True
1598628761.1462786,0,5,0.5,0.5,-0.048944643402099614,-0.14,-0.011,-0.56,0.0008197769248249527,10,1,100,0.02239754909457238,-10,-1,-100,1662.8692675762577,-0.0020053579200814166,7.67836890693936e-05,0.9999979863199114,46.37152901919707,-2.039925670088655,-2145.1356172482033,70.90523127062903,-89.94015502929688,5800.796875,True
1598628761.235488,0,5,0.5,0.5,-0.06542534713745118,-0.14,-0.011,-0.56,0.0008450089189217226,10,1,100,0.022455075481959845,-10,-1,-100,1668.5559894276084,-0.00200910966781387,7.678221379970111e-05,0.9999979787893746,46.459918344765086,-2.0401044425131643,-2144.342758277871,70.90826993219726,-89.85971069335938,5799.0595703125,True
1598628761.3334773,0,5,0.5,0.5,-0.06083889389038087,-0.14,-0.011,-0.56,0.0008530994230627885,10,1,100,0.022464825610575632,-10,-1,-100,1674.2323359558359,-0.002012575332028293,7.685507285850689e-05,0.9999979718148586,46.54732361755172,-2.0402565434802087,-2143.511381026242,70.9113686845661,-89.80194091796875,5797.3232421875,True
1598628761.4242816,0,5,0.5,0.5,-0.036004909515380865,-0.14,-0.011,-0.56,0.0008570586182301568,10,1,100,0.022514299598657916,-10,-1,-100,1679.8924463744042,-0.0020161423846950747,7.695782946918926e-05,0.999997964621617,46.632477431942704,-2.040321386106109,-2142.579820461894,70.9143917897489,-89.791259765625,5795.58740234375,True
1598628761.5126455,0,5,0.5,0.5,0.0007829170227050784,-0.14,-0.011,-0.56,0.0008572102444308288,10,1,100,0.022565973913136902,-10,-1,-100,1685.5520690098638,-0.0020198218292826007,7.705301609078133e-05,0.9999979571892188,46.71471794778804,-2.0402643073019737,-2141.523017881877,70.91750674130036,-89.8353271484375,5793.8525390625,True
1598628761.6026602,0,5,0.5,0.5,0.03807562942504883,-0.14,-0.011,-0.56,0.0008409292802498381,10,1,100,0.02255792214298042,-10,-1,-100,1691.2551486861194,-0.002023060357467722,7.699198135104292e-05,0.9999979506474125,46.79436545008529,-2.040089267574697,-2140.360592866333,70.92085742206152,-89.92388916015625,5792.1171875,True
1598628761.695639,0,5,0.5,0.5,0.05614223403930664,-0.14,-0.011,-0.56,0.0008132346361631265,10,1,100,0.022650117821132423,-10,-1,-100,1696.9152592156315,-0.0020268097513814094,7.668501045284756e-05,0.9999979430787049,46.87299062555147,-2.0398584458325595,-2139.152512860366,70.92398994927068,-90.0205307006836,5790.3837890625,True
1598628761.7893384,0,5,0.5,0.5,0.04774324188232422,-0.14,-0.011,-0.56,0.0008616483759520927,10,1,100,0.022710410821221175,-10,-1,-100,1702.591483182041,-0.002030733474171988,7.684714139377984e-05,0.9999979351059051,46.95236199426785,-2.039648071320147,-2137.980195989626,70.92692831313916,-90.08578491210938,5788.6513671875,True
1598628761.884205,0,5,0.5,0.5,0.014633019256591799,-0.14,-0.011,-0.56,0.0008050888382741285,10,1,100,0.022677761270272413,-10,-1,-100,1708.2779608420096,-0.0020339705908477028,7.648062030773205e-05,0.9999979285550297,47.03444702891427,-2.0395495805210597,-2136.9342943073807,70.92973269295484,-90.09060668945312,5786.919921875,True
1598628761.9783638,0,5,0.5,0.5,-0.03085529556274414,-0.14,-0.011,-0.56,0.0007980488364746302,10,1,100,0.02275530850093186,-10,-1,-100,1713.9540630346164,-0.002037585750051133,7.608421243947743e-05,0.9999979212255912,47.11982201111071,-2.0395972272869027,-2136.0416049509045,70.93246088862722,-90.02941131591797,5785.18896484375,True
1598628762.0702436,0,5,0.5,0.5,-0.07088005523681641,-0.14,-0.011,-0.56,0.0008447891119945697,10,1,100,0.02280740522774839,-10,-1,-100,1719.61429610115,-0.0020413133047916324,7.614962070199152e-05,0.999997913618437,47.20791403276037,-2.03977245139237,-2135.2843274716906,70.93544477382572,-89.92324829101562,5783.458984375,True
1598628762.1614795,0,5,0.5,0.5,-0.08880026397705079,-0.14,-0.011,-0.56,0.0007896633712564944,10,1,100,0.022812190155438408,-10,-1,-100,1725.2903977038804,-0.002044712803548623,7.57085160869922e-05,0.9999979067066949,47.29686252762658,-2.040002547357137,-2134.568483893647,70.93834915895908,-89.812744140625,5781.7294921875,True
1598628762.2544186,0,5,0.5,0.5,-0.0761669906616211,-0.14,-0.011,-0.56,0.0008220250344927529,10,1,100,0.022887923941237932,-10,-1,-100,1730.9771198062226,-0.002048459379438851,7.560268491887944e-05,0.9999978990469953,47.38392062069413,-2.040172769539212,-2133.7690468996866,70.94113096398571,-89.74246215820312,5780.0009765625,True
1598628762.3483148,0,5,0.5,0.5,-0.03653271026611328,-0.14,-0.011,-0.56,0.0008298614437294639,10,1,100,0.022896298571072032,-10,-1,-100,1736.6535883846227,-0.002051908868658086,7.557885338451033e-05,0.9999978919766939,47.46740531476958,-2.0402054616436294,-2132.821111215315,70.94417088113083,-89.74295043945312,5778.2724609375,True
1598628762.446622,0,5,0.5,0.5,-0.0021455429077148445,-0.14,-0.011,-0.56,0.000863305178359139,10,1,100,0.022821022509812917,-10,-1,-100,1740.9089256371371,-0.0020543279251332503,7.586247591906699e-05,0.999997886988598,47.52736188032323,-2.0401175989704976,-2131.9958597141276,70.9464863098625,-89.79254150390625,5776.97705078125,True
1598628762.543429,0,5,0.5,0.5,0.0731522415161133,-0.14,-0.011,-0.56,0.000857354896072202,10,1,100,0.023065211113642136,-10,-1,-100,1747.989313268452,-0.002058715594603801,7.606730342075699e-05,0.9999978779496815,47.62318311042741,-2.039783474399566,-2130.4542641748353,70.95067712429962,-89.93984985351562,5774.8173828125,True
1598628762.637301,0,5,0.5,0.5,0.08260446014404298,-0.14,-0.011,-0.56,0.0008480711867202731,10,1,100,0.023016111829769526,-10,-1,-100,1753.6765228909208,-0.002062225614053518,7.616995349903062e-05,0.9999978707095606,47.69850989101949,-2.039443564246045,-2129.166014982155,70.9539000667353,-90.07117462158203,5773.09130859375,True
1598628762.7293105,0,5,0.5,0.5,0.06748545532226563,-0.14,-0.011,-0.56,0.0008097374956291703,10,1,100,0.02303547354020781,-10,-1,-100,1759.3525026934221,-0.002065560360136634,7.591525188477283e-05,0.999997863846355,47.775089972228756,-2.0391397086518808,-2127.9352544748253,70.95691381598469,-90.15455627441406,5771.3662109375,True
1598628762.8245697,0,5,0.5,0.5,0.014853889465332035,-0.14,-0.011,-0.56,0.0008078729597922371,10,1,100,0.023103895853433858,-10,-1,-100,1765.012369331438,-0.002069182307708827,7.56676018092109e-05,0.9999978563771982,47.85623272164341,-2.0390195693550086,-2126.91296565593,70.95987424962526,-90.14596557617188,5769.6416015625,True
1598628762.9201574,0,5,0.5,0.5,-0.04967521209716797,-0.14,-0.011,-0.56,0.0007873206104306327,10,1,100,0.023129958369930512,-10,-1,-100,1770.71532667242,-0.0020726799086363706,7.525636494495685e-05,0.9999978491649247,47.94236433178224,-2.0391190318278833,-2126.1188648041734,70.96286486561864,-90.04682159423828,5767.91796875,True
1598628763.0132186,0,5,0.5,0.5,-0.10246901855468751,-0.14,-0.011,-0.56,0.0008117841523306863,10,1,100,0.023154993014287,-10,-1,-100,1776.3754375280114,-0.0020760552297386646,7.510566167426686e-05,0.9999978421745831,48.03212141338888,-2.039389917984462,-2125.4914119222562,70.96590418295058,-89.89205932617188,5766.1953125,True
1598628763.1053202,0,5,0.5,0.5,-0.12072537231445314,-0.14,-0.011,-0.56,0.0007929743300406672,10,1,100,0.023217983492253284,-10,-1,-100,1782.0512950223638,-0.0020796647606086734,7.479860937011917e-05,0.9999978346974815,48.122370878534305,-2.039713493104981,-2124.8904732793544,70.96895689246038,-89.74221801757812,5764.47265625,True
1598628763.1972556,0,5,0.5,0.5,-0.0953177215576172,-0.14,-0.011,-0.56,0.0008061852043644767,10,1,100,0.023226106009909916,-10,-1,-100,1787.7542518876726,-0.002082988218871869,7.46403969572167e-05,0.9999978277920865,48.209576191104844,-2.039937790025751,-2124.156173810143,70.97188191182676,-89.65875244140625,5762.75146484375,True
1598628763.2901766,0,5,0.5,0.5,-0.034249523925781254,-0.14,-0.011,-0.56,0.0008561715328084588,10,1,100,0.023258124021914406,-10,-1,-100,1793.4141191644594,-0.0020862692275480576,7.495186346585216e-05,0.9999978209290901,48.291199686743276,-2.0399404432451886,-2123.19007359452,70.97513044739962,-89.67935180664062,5761.0302734375,True
1598628763.3853025,0,5,0.5,0.5,0.039401831054687496,-0.14,-0.011,-0.56,0.0008641133926157048,10,1,100,0.023342768808840328,-10,-1,-100,1799.0908312576357,-0.002089990224081292,7.53077835536945e-05,0.9999978131324093,48.367047462308584,-2.039701633227495,-2121.977040839869,70.97839167166975,-89.8011474609375,5759.3095703125,True
1598628763.4812932,0,5,0.5,0.5,0.09636747436523439,-0.14,-0.011,-0.56,0.000844681075219338,10,1,100,0.023294618183375627,-10,-1,-100,1804.7509419668932,-0.0020929027949718733,7.545519410482546e-05,0.9999978070297978,48.438645310301894,-2.039267033287187,-2120.5815493238947,70.98152674510409,-89.97994995117188,5757.59033203125,True
1598628763.5781436,0,5,0.5,0.5,0.11232222900390626,-0.14,-0.011,-0.56,0.0008165880370971318,10,1,100,0.0234271902949829,-10,-1,-100,1810.453654907993,-0.002096724708432133,7.533436890412076e-05,0.9999977990326927,48.509693881823324,-2.0387816506953285,-2119.1684251296183,70.98460613887458,-90.14572143554688,5755.87158203125,True
1598628763.6721623,0,5,0.5,0.5,0.07862294998168946,-0.14,-0.011,-0.56,0.0008210160098626274,10,1,100,0.023413772291444118,-10,-1,-100,1816.1296346242307,-0.0021000458305507636,7.526554173279818e-05,0.9999977920688665,48.58431532107405,-2.0384212230980765,-2117.9174540903655,70.9876386358686,-90.2300796508789,5754.154296875,True
1598628763.7643743,0,5,0.5,0.5,0.006327333068847658,-0.14,-0.011,-0.56,0.000786680307208067,10,1,100,0.023458177564094875,-10,-1,-100,1821.7897451765602,-0.002103437366345967,7.489141947123799e-05,0.9999977849688073,48.66528480131243,-2.0383179000992047,-2116.9491443610927,70.99065314457314,-90.19416809082031,5752.43701171875,True
1598628763.8572702,0,5,0.5,0.5,-0.07708430480957032,-0.14,-0.011,-0.56,0.0008000737543763974,10,1,100,0.02351007771559767,-10,-1,-100,1827.4928244793555,-0.002106961259301962,7.467377255529352e-05,0.9999977775665703,48.75284771245866,-2.038500896026049,-2116.2727211787123,70.99365864329081,-90.04620361328125,5750.720703125,True
1598628763.9562035,0,5,0.5,0.5,-0.13805727462768558,-0.14,-0.011,-0.56,0.0007871713693265918,10,1,100,0.023522878986130237,-10,-1,-100,1833.168682047166,-0.0021102500086752846,7.43591469425182e-05,0.9999977706553241,48.844558784926164,-2.0388861328901497,-2115.780190907125,70.99665581555296,-89.84072875976562,5749.00537109375,True
1598628764.0523624,0,5,0.5,0.5,-0.15049533004760746,-0.14,-0.011,-0.56,0.00077901445800106,10,1,100,0.023565948455899655,-10,-1,-100,1838.8286701579345,-0.0021136002353044484,7.399964856861011e-05,0.9999977636065479,48.93595201497183,-2.039300804674015,-2115.2775469339617,70.99964373298303,-89.65866088867188,5747.29052734375,True
1598628764.151179,0,5,0.5,0.5,-0.10658516769409182,-0.14,-0.011,-0.56,0.0008294483963981255,10,1,100,0.023595979416740798,-10,-1,-100,1844.531750057824,-0.0021168880541797934,7.41320485421229e-05,0.9999977566421864,49.02245432318321,-2.0395447921602448,-2114.5670405047804,71.00261034525093,-89.57586669921875,5745.57666015625,True
1598628764.2531803,0,5,0.5,0.5,-0.02130402755737305,-0.14,-0.011,-0.56,0.0008168248150549986,10,1,100,0.023618568529293036,-10,-1,-100,1850.2076075873338,-0.0021200515179666656,7.413811445893802e-05,0.9999977499400191,49.10119183757343,-2.0394821343829372,-2113.527226707269,71.0055853870652,-89.631591796875,5743.86328125,True
1598628764.3440747,0,5,0.5,0.5,0.07274866104125978,-0.14,-0.011,-0.56,0.0008741259335179773,10,1,100,0.02369418426066394,-10,-1,-100,1855.8843199020484,-0.002123584098703177,7.466528795934875e-05,0.9999977424052867,49.17214574547326,-2.0390896212863683,-2112.159754417426,71.00857200373562,-89.81060791015625,5742.15087890625,True
1598628764.4392054,0,5,0.5,0.5,0.15069836807250978,-0.14,-0.011,-0.56,0.0008646080413187787,10,1,100,0.023722597290346585,-10,-1,-100,1861.5709197121905,-0.0021270232961201918,7.505859439026975e-05,0.9999977350664876,49.237677609967946,-2.0384410186526427,-2110.56775914688,71.01156700313861,-90.0651626586914,5740.4384765625,True
1598628764.5361788,0,5,0.5,0.5,0.16314485473632814,-0.14,-0.011,-0.56,0.000834878628841714,10,1,100,0.02371432338522353,-10,-1,-100,1867.2467773233075,-0.0021300436032698606,7.514623885014694e-05,0.9999977286310658,49.30324747280391,-2.0377515803850543,-2108.98599523979,71.01456955256937,-90.28645324707031,5738.72802734375,True
1598628764.6319077,0,5,0.5,0.5,0.10535440826416018,-0.14,-0.011,-0.56,0.0007709908347206942,10,1,100,0.023824266806863535,-10,-1,-100,1872.922878826852,-0.0021337585327891617,7.464528853080236e-05,0.9999977207487049,49.374871035628274,-2.037277869817496,-2107.6711523431095,71.01757625932547,-90.38070678710938,5737.017578125,True
1598628764.7259655,0,5,0.5,0.5,-0.003989484405517579,-0.14,-0.011,-0.56,0.0007757679749555535,10,1,100,0.023828701037806967,-10,-1,-100,1878.6257141289534,-0.0021371454047223407,7.423387156371691e-05,0.9999977135468117,49.45639434690093,-2.0371979174722465,-2106.78500827355,71.02058017225747,-90.29966735839844,5735.30810546875,True
1598628764.8169522,0,5,0.5,0.5,-0.1224363624572754,-0.14,-0.011,-0.56,0.0007412748047679731,10,1,100,0.023877092694622903,-10,-1,-100,1884.3021819113055,-0.00214063365968867,7.354687963548625e-05,0.9999977061365647,49.547591080614616,-2.0375333962213995,-2106.315305685619,71.02358085538987,-90.06546020507812,5733.59912109375,True
1598628764.9102023,0,5,0.5,0.5,-0.20201967239379887,-0.14,-0.011,-0.56,0.0007416568448178147,10,1,100,0.02390408782359473,-10,-1,-100,1889.9621703632874,-0.0021440195995574523,7.292683905838404e-05,0.999997698928169,49.64411911362109,-2.0381303112853093,-2106.0750917477108,71.02657458243567,-89.76437377929688,5731.89111328125,True
1598628765.008255,0,5,0.5,0.5,-0.207875757598877,-0.14,-0.011,-0.56,0.0007869179427912483,10,1,100,0.02395149443424415,-10,-1,-100,1895.6651276547927,-0.0021474979962705382,7.277593243158063e-05,0.9999976914753452,49.739019200428494,-2.0387214778291236,-2105.763333265094,71.02937094168988,-89.5152587890625,5730.1845703125,True
1598628765.106251,0,5,0.5,0.5,-0.13357732315063478,-0.14,-0.011,-0.56,0.0008123677008004943,10,1,100,0.023937758853498553,-10,-1,-100,1901.3415957810357,-0.0021505044900384145,7.287121849469525e-05,0.9999976850074322,49.82587540405983,-2.0390255747514954,-2105.116526277772,71.03224065226912,-89.42233276367188,5728.4775390625,True
1598628765.2004342,0,5,0.5,0.5,-0.0049956001281738285,-0.14,-0.011,-0.56,0.0008041589440799668,10,1,100,0.02400156786631121,-10,-1,-100,1907.0175752019277,-0.0021537871877294547,7.288436333647414e-05,0.9999976779416136,49.90079435759265,-2.0388600559667096,-2103.9710335953414,71.0351190323179,-89.53192138671875,5726.771484375,True
1598628765.2573833,0,5,0.5,0.5,0.1280716423034668,-0.14,-0.011,-0.56,0.000847610435884416,10,1,100,0.024034310323900264,-10,-1,-100,1912.7204101487296,-0.0021570384482723346,7.329246652824308e-05,0.9999976709039612,49.96464670006156,-2.0382233774877347,-2102.3669645660525,71.03801000831855,-89.80984497070312,5725.06689453125,True
1598628765.347693,0,5,0.5,0.5,0.09169934310913087,-0.14,-0.011,-0.56,0.0008315706065373314,10,1,100,0.023882321020007202,-10,-1,-100,1915.5452164917951,-0.0021585820056854075,7.3518900818906e-05,0.9999976675566277,49.993838961265375,-2.037775713872965,-2101.4533526014993,71.03946097382789,-89.980224609375,5724.21484375,True
1598628765.4001484,0,5,0.5,0.5,0.20707664489746094,-0.14,-0.011,-0.56,0.0008298967820552104,10,1,100,0.024126912970748003,-10,-1,-100,1921.2480513734045,-0.0021621801131498763,7.371093330928151e-05,0.9999976597691899,50.05246292063002,-2.0368489256604216,-2099.6411848790417,71.04228487936942,-90.28148651123047,5722.5107421875,True
1598628765.4983242,0,5,0.5,0.5,0.11148234481811525,-0.14,-0.011,-0.56,0.0008690339551298702,10,1,100,0.0239266711227717,-10,-1,-100,1924.0729797192616,-0.002163601524490627,7.424260560624786e-05,0.9999976566554937,50.08427823172287,-2.036465985995972,-2098.8434365775197,71.04369996596073,-90.38594055175781,5721.6591796875,True
1598628765.59563,0,5,0.5,0.5,0.09926459121704101,-0.14,-0.011,-0.56,0.0007418982909275513,10,1,100,0.02417641478839918,-10,-1,-100,1929.7593352575786,-0.002167136983586376,7.357053136794578e-05,0.9999976490495722,50.15495577690855,-2.0359615117643615,-2097.545830011767,71.04642000609734,-90.45204162597656,5719.95703125,True
1598628765.6892898,0,5,0.5,0.5,-0.016341875457763673,-0.14,-0.011,-0.56,0.0007694999500676035,10,1,100,0.02425756749473173,-10,-1,-100,1935.435803131666,-0.00217106152411384,7.321108199821325e-05,0.9999976405632146,50.237484869334594,-2.035934612147273,-2096.7528511642786,71.04926011440882,-90.33953094482422,5718.2548828125,True
1598628765.782552,0,5,0.5,0.5,-0.11928121185302736,-0.14,-0.011,-0.56,0.0007470157928196886,10,1,100,0.024255973086871812,-10,-1,-100,1941.1120271611726,-0.0021745871319178763,7.268021368496378e-05,0.9999976329413947,50.32800655834345,-2.036254494501523,-2096.2986828894914,71.05214928481975,-90.10203552246094,5716.5537109375,True
1598628765.8753345,0,5,0.5,0.5,-0.19144976196289065,-0.14,-0.011,-0.56,0.000716326519618573,10,1,100,0.024282800129610912,-10,-1,-100,1946.8148621682776,-0.0021780083234624824,7.191883693961178e-05,0.9999976255508929,50.423399200981436,-2.0368192003489036,-2096.0475739686563,71.05494335696757,-89.80841064453125,5714.853515625,True
1598628765.9696162,0,5,0.5,0.5,-0.1923193115234375,-0.14,-0.011,-0.56,0.0007487069461939942,10,1,100,0.024341668833592553,-10,-1,-100,1952.4909638160607,-0.0021816259309690557,7.152182295406104e-05,0.9999976176936254,50.51683143313159,-2.0373607889016117,-2095.7195337776448,71.05781024452232,-89.57180786132812,5713.1533203125,True
1598628766.0672336,0,5,0.5,0.5,-0.12041172485351562,-0.14,-0.011,-0.56,0.0007881145458155618,10,1,100,0.0243446389401893,-10,-1,-100,1958.1673097094754,-0.002184913373815974,7.152037877788428e-05,0.9999976105163374,50.602135200374164,-2.037615266389732,-2095.0633135604558,71.06088492188566,-89.48501586914062,5711.4541015625,True
1598628766.1631894,0,5,0.5,0.5,-8.246154785156168e-05,-0.14,-0.011,-0.56,0.0008420086670823604,10,1,100,0.024359381881600486,-10,-1,-100,1963.8700228381203,-0.002188007688429559,7.201025243338412e-05,0.9999976037155683,50.67603030951229,-2.03742823414629,-2093.9418841463194,71.0640323285674,-89.58755493164062,5709.7548828125,True
1598628766.2592356,0,5,0.5,0.5,0.12165177917480469,-0.14,-0.011,-0.56,0.000809069971105515,10,1,100,0.024435008166262852,-10,-1,-100,1969.5463684136048,-0.002191480059538697,7.21573150786807e-05,0.9999975961013459,50.739321918909155,-2.036793739305859,-2092.3891002768496,71.06715944738478,-89.84384155273438,5708.056640625,True
1598628766.3532543,0,5,0.5,0.5,0.19519316406250004,-0.14,-0.011,-0.56,0.0008235679327293825,10,1,100,0.024461535538733287,-10,-1,-100,1975.2224699591752,-0.0021948480111568685,7.242404584893113e-05,0.9999975886955755,50.7971604703528,-2.0358900526854633,-2090.619578621414,71.07027373802407,-90.15414428710938,5706.359375,True
1598628766.4462318,0,5,0.5,0.5,0.18751433029174808,-0.14,-0.011,-0.56,0.0008227767097227043,10,1,100,0.02447163633915944,-10,-1,-100,1980.9256710994523,-0.0021979719127245287,7.26605053286075e-05,0.9999975818170371,50.85734524178706,-2.0350212906725753,-2088.9491939712802,71.07315222856687,-90.39161682128906,5704.66357421875,True
1598628766.5392497,0,5,0.5,0.5,0.09748486862182618,-0.14,-0.011,-0.56,0.0007479803839226461,10,1,100,0.024530861563496785,-10,-1,-100,1986.601406353293,-0.0022013189885634376,7.219694016674698e-05,0.9999975744882147,50.926909827011386,-2.034490444664447,-2087.6691991209714,71.07593764591286,-90.45297241210938,5702.9677734375,True
1598628766.6324503,0,5,0.5,0.5,-0.042611305999755864,-0.14,-0.011,-0.56,0.000722694012604278,10,1,100,0.02453068297451439,-10,-1,-100,1992.2777519809315,-0.0022043290866944447,7.154688990870789e-05,0.9999975679042025,51.00982543698345,-2.034489370086662,-2086.941942731724,71.07871010131953,-90.30191802978516,5701.2734375,True
1598628766.7262714,0,5,0.5,0.5,-0.17782159500122072,-0.14,-0.011,-0.56,0.0007127704596534077,10,1,100,0.024586465940520864,-10,-1,-100,1997.9807092607953,-0.0022075424141748913,7.086723391283672e-05,0.9999975608641878,51.10417147740894,-2.034979920096822,-2086.6856398968434,71.08147139938237,-89.98797607421875,5699.57958984375,True
1598628766.8205974,0,5,0.5,0.5,-0.25218534164428713,-0.14,-0.011,-0.56,0.0007344586907843467,10,1,100,0.024628658889794517,-10,-1,-100,2003.6569327199832,-0.002210817233893915,7.04481787266643e-05,0.9999975536591138,51.20319319529437,-2.035725548778075,-2086.6223244331436,71.08422041621824,-89.63076782226562,5697.88671875,True
1598628766.9221284,0,5,0.5,0.5,-0.2315525016784668,-0.14,-0.011,-0.56,0.0007743786846275626,10,1,100,0.024641017911641406,-10,-1,-100,2009.3598898301134,-0.0022138768711912433,7.043146546345766e-05,0.9999975468912952,51.29775108561477,-2.0363663579866245,-2086.3791439405613,71.08695612014895,-89.374755859375,5696.1943359375,True
1598628767.0123563,0,5,0.5,0.5,-0.11890793075561523,-0.14,-0.011,-0.56,0.000795441547721892,10,1,100,0.024655557176388468,-10,-1,-100,2015.0361136234133,-0.0022167612157408586,7.060874339548243e-05,0.9999975404890343,51.38008510093706,-2.0365744274413866,-2085.6422731191415,71.0896889844345,-89.3311767578125,5694.5029296875,True
1598628767.0705192,0,5,0.5,0.5,0.047835077667236325,-0.14,-0.011,-0.56,0.000851977113223038,10,1,100,0.024731599311189165,-10,-1,-100,2020.7124593683984,-0.0022200456867005835,7.128469359768119e-05,0.9999975331547781,51.44659523957373,-2.0361660519666884,-2084.269383993405,71.09242499731256,-89.53475952148438,5692.81201171875,True
1598628767.160317,0,5,0.5,0.5,0.05581350173950196,-0.14,-0.011,-0.56,0.0007952822727113915,10,1,100,0.024552043829810095,-10,-1,-100,2023.5635101911612,-0.002221370121380277,7.138444573942483e-05,0.9999975302064725,51.474424622158914,-2.0357349226598216,-2083.3662634501525,71.09379605529948,-89.7091064453125,5691.966796875,True
1598628767.254617,0,5,0.5,0.5,0.2302722267150879,-0.14,-0.011,-0.56,0.0008891132203414915,10,1,100,0.024758972184582142,-10,-1,-100,2029.256213741377,-0.0022244281469853432,7.232884072795564e-05,0.9999975233409119,51.52506098222721,-2.0346265188207093,-2081.3621056804795,71.09646452596125,-90.0980224609375,5690.27734375,True
1598628767.3501923,0,5,0.5,0.5,0.24489814529418946,-0.14,-0.011,-0.56,0.0008215229109045951,10,1,100,0.02479465333038761,-10,-1,-100,2034.9586824678117,-0.0022275056532828816,7.257301081821275e-05,0.9999975164727775,51.57771456412269,-2.033529610926603,-2079.4508582292638,71.0991933240372,-90.43013763427734,5688.587890625,True
1598628767.447292,0,5,0.5,0.5,0.17791201477050783,-0.14,-0.011,-0.56,0.0008124471597134049,10,1,100,0.024856571835868917,-10,-1,-100,2040.6351502840407,-0.0022308394329299663,7.271255633899057e-05,0.9999975090310518,51.638243564962636,-2.0326829096509402,-2077.8673456107003,71.1019841994211,-90.6000747680664,5686.900390625,True
1598628767.5421336,0,5,0.5,0.5,0.020381566619873052,-0.14,-0.011,-0.56,0.0007286975338269069,10,1,100,0.024893790753760033,-10,-1,-100,2046.3112516138935,-0.0022341816587314474,7.207758692602748e-05,0.9999975016154475,51.71499149017317,-2.032451633128017,-2076.943211218202,71.10478520662552,-90.51074981689453,5685.2119140625,True
1598628767.634346,0,5,0.5,0.5,-0.15672575454711918,-0.14,-0.011,-0.56,0.0007002613523129169,10,1,100,0.024918944667264985,-10,-1,-100,2052.014330745791,-0.0022374215790628054,7.124134881228174e-05,0.9999974944315349,51.80810817332383,-2.032890138818139,-2076.6799963702088,71.10757327072508,-90.18595123291016,5683.525390625,True
1598628767.728199,0,5,0.5,0.5,-0.285127214050293,-0.14,-0.011,-0.56,0.0006845508250373964,10,1,100,0.0249576887780078,-10,-1,-100,2057.6903099882184,-0.002240692017493622,7.033796926555412e-05,0.9999974871727692,51.91121734809069,-2.0337931744545044,-2076.8186741942595,71.1103414377277,-89.74237060546875,5681.8388671875,True
1598628767.8211923,0,5,0.5,0.5,-0.30764422149658205,-0.14,-0.011,-0.56,0.0007525425460062887,10,1,100,0.024978719914253104,-10,-1,-100,2063.3931451329263,-0.0022438291765933217,7.013492187684722e-05,0.9999974801526845,52.01328561055659,-2.034748892640579,-2076.9163752357967,71.1130925740143,-89.35516357421875,5680.1533203125,True
1598628767.9152064,0,5,0.5,0.5,-0.20930517730712894,-0.14,-0.011,-0.56,0.0007758864645775855,10,1,100,0.024998425810960484,-10,-1,-100,2069.0854818619555,-0.002246833054558205,7.01628203682951e-05,0.99999747340601,52.103117986122825,-2.0353045934062424,-2076.527169725187,71.11582954508032,-89.1859130859375,5678.46875,True
1598628768.0115132,0,5,0.5,0.5,-0.023489015197753912,-0.14,-0.011,-0.56,0.0008269533504052188,10,1,100,0.025039216435629112,-10,-1,-100,2074.761949965963,-0.002249907338533434,7.065283243443275e-05,0.999997466459363,52.173911140847835,-2.0351490051257786,-2075.3839374539066,71.118565765385,-89.31619262695312,5676.78466796875,True
1598628768.107201,0,5,0.5,0.5,0.17807598114013673,-0.14,-0.011,-0.56,0.0008629276538296184,10,1,100,0.02506729359035731,-10,-1,-100,2080.4652730012313,-0.0022529302420522326,7.142591149038264e-05,0.999997459598605,52.22591333221996,-2.0342367902766445,-2073.5016648449496,71.12131548404595,-89.70870971679688,5675.1015625,True
1598628768.2073524,0,5,0.5,0.5,0.3133448623657227,-0.14,-0.011,-0.56,0.000840340206985903,10,1,100,0.025115238361417734,-10,-1,-100,2086.141008714796,-0.0022560855066965334,7.192333251016608e-05,0.9999974524493653,52.2671263803859,-2.032820402795561,-2071.2130348182554,71.12450843010359,-90.2159652709961,5673.41796875,True
1598628768.3012218,0,5,0.5,0.5,0.3224542442321778,-0.14,-0.011,-0.56,0.0008411627233697647,10,1,100,0.025124093102471812,-10,-1,-100,2091.844087439007,-0.00225900564732847,7.238337950274776e-05,0.9999974458238039,52.31070206423689,-2.031392407018578,-2069.0332210599363,71.12787645628045,-90.63459777832031,5671.73486328125,True
1598628768.394343,0,5,0.5,0.5,0.19426072387695315,-0.14,-0.011,-0.56,0.0007432932559753092,10,1,100,0.025189022232854793,-10,-1,-100,2097.549119542353,-0.002262221949093671,7.191205400270466e-05,0.9999974385869743,52.36950919084324,-2.0304762522131754,-2067.4643912097217,71.13123377894156,-90.78604888916016,5670.052734375,True
1598628768.4884248,0,5,0.5,0.5,-0.026398504638671882,-0.14,-0.011,-0.56,0.000709013528721112,10,1,100,0.025217457383756418,-10,-1,-100,2103.2434094498167,-0.002265375831600992,7.117267012066031e-05,0.9999974315000978,52.45123409195102,-2.030426709000699,-2066.805140165056,71.13454244637855,-90.59169006347656,5668.37109375,True
1598628768.5808122,0,5,0.5,0.5,-0.2537485877990723,-0.14,-0.011,-0.56,0.0006490677417299099,10,1,100,0.025255472749100644,-10,-1,-100,2108.962845963193,-0.0022685602334081684,6.995636390688667e-05,0.9999974243669703,52.55408873890421,-2.0312452832217645,-2066.979583254708,71.13778885843662,-90.11128997802734,5666.6904296875,True
1598628768.6752727,0,5,0.5,0.5,-0.394231258392334,-0.14,-0.011,-0.56,0.0006925058162437437,10,1,100,0.025252150483403846,-10,-1,-100,2114.656891650753,-0.002271396633858953,6.924669073985948e-05,0.9999974179777804,52.66725562161502,-2.0325728048148695,-2067.558152675177,71.14096831279845,-89.52639770507812,5665.01025390625,True
1598628768.7722344,0,5,0.5,0.5,-0.3845011772155762,-0.14,-0.011,-0.56,0.0007205627393488921,10,1,100,0.02530593970753653,-10,-1,-100,2120.396103069419,-0.0022744362593823584,6.885758832399584e-05,0.9999974110958162,52.77500144262529,-2.033816581793034,-2067.921996271139,71.14408101244697,-89.07272338867188,5663.3310546875,True
1598628768.8666017,0,5,0.5,0.5,-0.21966415634155276,-0.14,-0.011,-0.56,0.0007698021132998129,10,1,100,0.025313533538614614,-10,-1,-100,2126.0906370873563,-0.0022772407655199923,6.895265073963076e-05,0.999997404706646,52.86315875935875,-2.034395182160807,-2067.518639255149,71.14714632720879,-88.94570922851562,5661.6533203125,True
1598628768.9652534,0,5,0.5,0.5,-0.03218362960815428,-0.14,-0.011,-0.56,0.000850365950752727,10,1,100,0.02528158360682996,-10,-1,-100,2130.3777124969056,-0.0022794722192552882,6.977256979398779e-05,0.999997399565714,52.911758100412435,-2.034175040654882,-2066.533390661945,71.14941444565301,-89.1123046875,5660.39453125,True
1598628769.059336,0,5,0.5,0.5,0.3550786659240723,-0.14,-0.011,-0.56,0.0009104214259986082,10,1,100,0.02543739816338863,-10,-1,-100,2137.523650817573,-0.0022828904323645254,7.106470985712986e-05,0.9999973916771387,52.962193431304634,-2.032571261476793,-2063.7104697756786,71.15322016274779,-89.79913330078125,5658.298828125,True
1598628769.1562197,0,5,0.5,0.5,0.46588720779418946,-0.14,-0.011,-0.56,0.000889127575594276,10,1,100,0.025455371445198664,-10,-1,-100,2143.2186728519155,-0.002286134055761821,7.204613054870441e-05,0.9999973841967958,52.987282870073734,-2.030564787778132,-2060.8724977824863,71.15632819169859,-90.50675201416016,5656.6220703125,True
1598628769.2514808,0,5,0.5,0.5,0.4416927604675293,-0.14,-0.011,-0.56,0.0008457239538255928,10,1,100,0.025482731534285735,-10,-1,-100,2148.937620737357,-0.00228930421552464,7.254364116311276e-05,0.9999973769083741,53.01750942381477,-2.0286052764422773,-2058.2452871541273,71.15939561035685,-91.03782653808594,5654.947265625,True
1598628769.3452578,0,5,0.5,0.5,0.2095104270935059,-0.14,-0.011,-0.56,0.0006941546179643078,10,1,100,0.025518626747622536,-10,-1,-100,2154.652174087125,-0.0022924849549137228,7.161787479414469e-05,0.9999973696883463,53.075408873615885,-2.0276011229886444,-2056.7008597995145,71.16243191885164,-91.13036346435547,5653.2724609375,True
1598628769.4357436,0,5,0.5,0.5,-0.12117421188354492,-0.14,-0.011,-0.56,0.0006283047297350665,10,1,100,0.025565827152304203,-10,-1,-100,2160.34646412672,-0.0022957781189410676,7.017790109227931e-05,0.9999973622354665,53.16800477187497,-2.0279133829715965,-2056.5050950612904,71.16543805774354,-90.7314453125,5651.5986328125,True
1598628769.534254,0,5,0.5,0.5,-0.42830868911743164,-0.14,-0.011,-0.56,0.0005941536447326392,10,1,100,0.02555670284695465,-10,-1,-100,2166.0659004307818,-0.002298661317746985,6.855927401695089e-05,0.99999735572439,53.28926286300909,-2.0294218770683217,-2057.4174012774306,71.16840137378671,-89.97332763671875,5649.92578125,True
1598628769.627428,0,5,0.5,0.5,-0.5802054428100586,-0.14,-0.011,-0.56,0.0006466652713664869,10,1,100,0.025621123691345053,-10,-1,-100,2171.779965808848,-0.002301840686988333,6.75664433632236e-05,0.9999973484785984,53.41998040467412,-2.031460433947062,-2058.6912571620096,71.1713173421014,-89.15005493164062,5648.25390625,True
1598628769.7225077,0,5,0.5,0.5,-0.5055394638061523,-0.14,-0.011,-0.56,0.0006751075844272492,10,1,100,0.02558724624101527,-10,-1,-100,2177.4986694226973,-0.00230439536942917,6.692396402163903e-05,0.9999973426380513,53.536625282669746,-2.033137238889126,-2059.4191034346086,71.1741924990836,-88.59869384765625,5646.58203125,True
1598628769.817406,0,5,0.5,0.5,-0.22124583282470706,-0.14,-0.011,-0.56,0.0008381021387547865,10,1,100,0.025667601459519823,-10,-1,-100,2183.212978886906,-0.002307421074443566,6.782341840890554e-05,0.9999973356004351,53.62044861216989,-2.0336787717989004,-2058.8849374349566,71.17704601211187,-88.56448364257812,5644.9111328125,True
1598628769.9168186,0,5,0.5,0.5,0.16748765106201172,-0.14,-0.011,-0.56,0.0008781666070970834,10,1,100,0.02567818505815686,-10,-1,-100,2188.932415055344,-0.002310240493254332,6.9006353229833e-05,0.9999973290099262,53.664571269088604,-2.032714325097009,-2056.8336133725015,71.17990655835187,-89.09304809570312,5643.2412109375,True
1598628770.0135405,0,5,0.5,0.5,0.5060483169555665,-0.14,-0.011,-0.56,0.0009742791555757994,10,1,100,0.025729854708376163,-10,-1,-100,2194.6267048885347,-0.0023132453541988415,7.09561955228137e-05,0.9999973219269888,53.677120875399744,-2.0304368978242717,-2053.585706067218,71.18279641338083,-89.99958801269531,5641.57177734375,True
1598628770.1104214,0,5,0.5,0.5,0.6507442199707032,-0.14,-0.011,-0.56,0.0008733597317497062,10,1,100,0.025744632735784194,-10,-1,-100,2200.3407702232944,-0.002316083796286801,7.181142876740832e-05,0.9999973152958799,53.679864703544496,-2.0275819896833935,-2049.97847106863,71.18572150945192,-90.93121337890625,5639.9033203125,True
1598628770.206649,0,5,0.5,0.5,0.5297877876281738,-0.14,-0.011,-0.56,0.0008465872679324752,10,1,100,0.02582903928948356,-10,-1,-100,2206.0599624813767,-0.0023194043034544627,7.234574086577524e-05,0.9999973075612609,53.700976764404295,-2.025217681410563,-2047.0868002922164,71.18867518750872,-91.5030517578125,5638.2353515625,True
1598628770.3122926,0,5,0.5,0.5,0.17708664474487307,-0.14,-0.011,-0.56,0.0006372212700648688,10,1,100,0.02585157102459204,-10,-1,-100,2211.774027439649,-0.002322600416573387,7.092833179303723e-05,0.9999973002445941,53.76369250455839,-2.0243135987433347,-2045.7899463499864,71.19163110895596,-91.4559326171875,5636.568359375,True
1598628770.4012718,0,5,0.5,0.5,-0.27525023651123054,-0.14,-0.011,-0.56,0.0005951076147926308,10,1,100,0.02591912227315616,-10,-1,-100,2217.4932196189184,-0.0023260926985214834,6.925755353625606e-05,0.9999972922444086,53.87452571087981,-2.025258573203327,-2046.3264662244121,71.1945624244935,-90.77153015136719,5634.9013671875,True
1598628770.4997365,0,5,0.5,0.5,-0.48195693664550787,-0.14,-0.011,-0.56,0.0005916679025288705,10,1,100,0.025814374350847692,-10,-1,-100,2221.7805389150744,-0.0023282876877446027,6.77082307800172e-05,0.9999972872423398,53.98387340816326,-2.027061543515179,-2047.7202347862951,71.19663149843186,-89.92864990234375,5633.65185546875,True
1598628770.5952678,0,5,0.5,0.5,-1.0256639190673829,-0.14,-0.011,-0.56,0.0005649120248540316,10,1,100,0.026020076210495374,-10,-1,-100,2228.9269649722846,-0.0023321262163351467,6.605729397115328e-05,0.999997278408169,54.17869938064643,-2.0308708213478734,-2050.515388851326,71.20018718393547,-88.47769165039062,5631.57080078125,True
1598628770.6932964,0,5,0.5,0.5,-0.7430539093017579,-0.14,-0.011,-0.56,0.0007075121924691443,10,1,100,0.025950201933918206,-10,-1,-100,2234.6407859658357,-0.0023349530347855337,6.585417944086172e-05,0.9999972718250546,54.310318320854556,-2.0332939302337927,-2051.82746602486,71.20304392560878,-87.72171020507812,5629.90625,True
1598628770.833075,0,5,0.5,0.5,-0.3115900024414063,-0.14,-0.011,-0.56,0.0009340551510251945,10,1,100,0.02598026134267388,-10,-1,-100,2240.335075702751,-0.0023377683573969766,6.772998384072509e-05,0.9999972651221385,54.396032101541465,-2.034163678030823,-2051.402791718132,71.20583996596423,-87.73468017578125,5628.2421875,True
1598628770.9311798,0,5,0.5,0.5,0.8515078338623048,-0.14,-0.011,-0.56,0.001270236054771868,10,1,100,0.02612029454601624,-10,-1,-100,2248.9336391090183,-0.002341573182271443,7.249153554245081e-05,0.9999972558862397,54.4033453985884,-2.0308526532739517,-2046.211934942912,71.20995173490135,-89.40792846679688,5625.74853515625,True
1598628771.322318,0,5,0.5,0.5,0.8707876129150391,-0.14,-0.011,-0.56,0.0010419930819575572,10,1,100,0.025986382376576803,-10,-1,-100,2253.2199823579285,-0.0023437862463542205,7.474211444360535e-05,0.999997250536044,54.36156090791794,-2.0272705976376035,-2041.9269429792319,71.2121300473493,-90.77357482910156,5624.501953125,True
1598628771.404711,0,5,0.5,0.5,1.0815802520751954,-0.14,-0.011,-0.56,0.000917345209207837,10,1,100,0.02603856630094816,-10,-1,-100,2257.507544401684,-0.002346244757658162,7.565149103882039e-05,0.9999972447023987,54.30628558339886,-2.0229278063285108,-2037.1515215049374,71.21441929050403,-92.16600799560547,5623.255859375,True
1598628771.479359,0,5,0.5,0.5,1.097340991973877,-0.14,-0.011,-0.56,0.0008142672966908858,10,1,100,0.026218928600869735,-10,-1,-100,2263.201590033248,-0.0023500920061506943,7.553763413679686e-05,0.9999972356769936,54.40323843827288,-2.0231118788420437,-2037.1891369701207,71.21726249314057,-93.30052947998047,5621.5947265625,True
1598628771.600492,0,5,0.5,0.5,0.6017944137573243,-0.14,-0.011,-0.56,0.0007148250969641941,10,1,100,0.02604934061649279,-10,-1,-100,2266.081449799938,-0.002352019897919846,7.452720614355916e-05,0.9999972312202146,54.45972273574208,-2.023386157936777,-2037.508116197443,71.21869846511504,-93.49739837646484,5620.7646484375,True
1598628771.6939085,0,5,0.5,0.5,0.44415812911987307,-0.14,-0.011,-0.56,0.0006464638377860074,10,1,100,0.026078365453758107,-10,-1,-100,2268.9410453687888,-0.002354009643974808,7.29838975441318e-05,0.9999972266521279,54.499116329926224,-2.0229863700585295,-2037.1860482519528,71.22006320805599,-93.4264907836914,5619.93505859375,True
1598628771.787214,0,5,0.5,0.5,-0.03321438293457024,-0.14,-0.011,-0.56,0.00028830191965151665,10,1,100,0.026319888688081796,-10,-1,-100,2274.654866677709,-0.0023579887907500315,6.832148470342259e-05,0.999997217606648,54.53249685933047,-2.0205011414072915,-2034.8489510734348,71.22275584076773,-92.68363189697266,5618.2763671875,True
1598628771.8712587,0,5,0.5,0.5,-0.5389303932189942,-0.14,-0.011,-0.56,0.00010284167889374396,10,1,100,0.02639401301960697,-10,-1,-100,2280.373082283186,-0.002362253053465913,6.239636788323137e-05,0.9999972079297046,54.58859809322466,-2.019014106368372,-2033.3713343153045,71.2256078789391,-91.36256408691406,5616.61767578125,True
1598628771.968281,0,5,0.5,0.5,-0.9593608543395997,-0.14,-0.011,-0.56,7.928102302111122e-05,10,1,100,0.026372168241613668,-10,-1,-100,2286.0878797477344,-0.002365903679010293,5.679903838065898e-05,0.9999971996329042,54.780858667478306,-2.022841020673475,-2036.9646734089056,71.2285057248403,-89.7005615234375,5614.9599609375,True
1598628772.0584452,0,5,0.5,0.5,-1.005646642303467,-0.14,-0.011,-0.56,0.00011584687279906833,10,1,100,0.026413912569402044,-10,-1,-100,2291.7826575716026,-0.0023695737864448735,5.205120577726569e-05,0.9999971912014266,54.9622212439047,-2.026585181116322,-2040.1393144790134,71.23134086909485,-88.30172729492188,5613.30224609375,True
1598628772.148101,0,5,0.5,0.5,-0.7236898826599122,-0.14,-0.011,-0.56,0.0003659181503497742,10,1,100,0.026393112023786566,-10,-1,-100,2297.521136842668,-0.002372692237853399,5.0022623004699536e-05,0.9999971839106756,55.09802523335444,-2.0288937927284096,-2041.6126059086885,71.23412302877391,-87.58456420898438,5611.6455078125,True
1598628772.2052603,0,5,0.5,0.5,-0.12009560775756839,-0.14,-0.011,-0.56,0.0005671252947128931,10,1,100,0.02638912968323113,-10,-1,-100,2303.2352018525125,-0.0023754627005328436,5.002803898979298e-05,0.9999971773330931,55.1642758463579,-2.0287300130471264,-2040.5059829841011,71.23680212752662,-87.8759765625,5609.98974609375,True
1598628772.289242,0,5,0.5,0.5,0.06557689743041992,-0.14,-0.011,-0.56,0.0006463552345440133,10,1,100,0.026275521323917795,-10,-1,-100,2306.095286187483,-0.0023769197029256915,5.0775702134209756e-05,0.9999971738332832,55.16979606432755,-2.0275984192301473,-2038.9363961664562,71.23819212685139,-88.37890625,5609.162109375,True
1598628772.3851953,0,5,0.5,0.5,0.7644872573852539,-0.14,-0.011,-0.56,0.0007541164628032,10,1,100,0.026430748575794406,-10,-1,-100,2311.8340091712307,-0.0023796275210769156,5.245765778503999e-05,0.9999971673065154,55.141678174987916,-2.023709991474663,-2034.3609043211181,71.24085116754296,-89.78564453125,5607.5078125,True
1598628772.4821332,0,5,0.5,0.5,0.9962406959533692,-0.14,-0.011,-0.56,0.0007899310545537717,10,1,100,0.02649335966282433,-10,-1,-100,2317.528543125023,-0.002382631515173822,5.433327737111972e-05,0.9999971600534463,55.09864510009788,-2.018935131112695,-2029.2589661998907,71.24365874536339,-91.24763488769531,5605.853515625,True
1598628772.5812616,0,5,0.5,0.5,0.885374690246582,-0.14,-0.011,-0.56,0.0006583288679961467,10,1,100,0.026541020677821155,-10,-1,-100,2323.2428525737487,-0.002385767872109841,5.4860360688643286e-05,0.9999971525469465,55.07488912758347,-2.0145136610125727,-2024.8885236073502,71.24661824719237,-92.26238250732422,5604.2001953125,True
1598628772.677255,0,5,0.5,0.5,0.37146294555664067,-0.14,-0.011,-0.56,0.0005068811386701189,10,1,100,0.026617148124808004,-10,-1,-100,2328.981331563322,-0.002389282302271434,5.397920574420581e-05,0.9999971442040849,55.151069542407996,-2.0135389955227283,-2024.2023525992329,71.24959835085617,-92.34185028076172,5602.546875,True
1598628772.775201,0,5,0.5,0.5,-0.3262523391723633,-0.14,-0.011,-0.56,0.00039665052520197893,10,1,100,0.02663175210429805,-10,-1,-100,2334.6958847050555,-0.002392581553585045,5.2189097744060666e-05,0.9999971364108036,55.240732708724906,-2.0130964651073375,-2024.013785840723,71.25255964682287,-91.40922546386719,5600.89501953125,True
1598628772.8721135,0,5,0.5,0.5,-0.9383656234741212,-0.14,-0.011,-0.56,0.0003596886672477686,10,1,100,0.026594676667088174,-10,-1,-100,2340.414100091206,-0.0023952162521681296,5.023498928083514e-05,0.9999971302036578,55.42566267268302,-2.0164148067321497,-2027.3115484980142,71.25545373975122,-89.78860473632812,5599.24365234375,True
1598628772.9702926,0,5,0.5,0.5,-1.2004355239868165,-0.14,-0.011,-0.56,0.0004476749474546281,10,1,100,0.026600286162697856,-10,-1,-100,2346.12914167298,-0.00239763578031906,4.92643696335105e-05,0.999997124453709,55.62428002777929,-2.020661650545257,-2031.097064991359,71.25826064390893,-88.11758422851562,5597.5927734375,True
1598628773.0684028,0,5,0.5,0.5,-0.9823623245239259,-0.14,-0.011,-0.56,0.0006573581565362521,10,1,100,0.02660240286757425,-10,-1,-100,2351.867376445676,-0.0023998290832334423,5.0290732614997186e-05,0.999997119141457,55.78367483169364,-2.0238859623189804,-2033.4377148832027,71.26099921191222,-87.09259033203125,5595.94287109375,True
1598628773.1642547,0,5,0.5,0.5,-0.4173450241088868,-0.14,-0.011,-0.56,0.0009159662762947648,10,1,100,0.026630409522300228,-10,-1,-100,2357.562642430188,-0.0024020529310664076,5.357452904178038e-05,0.9999971136315774,55.87035514114171,-2.024719925754163,-2033.124001434844,71.26370886551064,-87.08053588867188,5594.29345703125,True
1598628773.2603137,0,5,0.5,0.5,0.3130757675170898,-0.14,-0.011,-0.56,0.0011171574726070062,10,1,100,0.026644056551807974,-10,-1,-100,2363.300633338862,-0.002404174501882325,5.838558531437458e-05,0.9999971082638629,55.87974136072287,-2.022784494932316,-2030.0075342988018,71.26643873560961,-88.1156005859375,5592.6455078125,True
1598628773.3634574,0,5,0.5,0.5,0.9756029037475586,-0.14,-0.011,-0.56,0.0012381447098571657,10,1,100,0.02670057751148914,-10,-1,-100,2369.014942416339,-0.0024065922524403,6.385223873429789e-05,0.9999971021141122,55.822099376157276,-2.018212461413401,-2024.4780418973753,71.26923274176266,-89.89053344726562,5590.9970703125,True
1598628773.452379,0,5,0.5,0.5,1.2663246658325198,-0.14,-0.011,-0.56,0.001230033588770509,10,1,100,0.026723993220848164,-10,-1,-100,2374.7536659975303,-0.002408978564185938,6.873782748712287e-05,0.9999970960444777,55.740977065306524,-2.012401889737459,-2018.1232249067994,71.2721077768492,-91.72563171386719,5589.349609375,True
1598628773.54925,0,5,0.5,0.5,1.1506395248413086,-0.14,-0.011,-0.56,0.0010189024124505298,10,1,100,0.026814482058491962,-10,-1,-100,2380.467730701552,-0.002411946612434178,7.124680243213121e-05,0.9999970887144782,55.787496682479066,-2.0107754018031487,-2016.405775652668,71.27503213447174,-93.02769470214844,5587.70361328125,True
1598628773.6502788,0,5,0.5,0.5,0.6131929466247559,-0.14,-0.011,-0.56,0.0007312794764721924,10,1,100,0.026872782723605246,-10,-1,-100,2386.186922715511,-0.00241515104530604,7.089803801711438e-05,0.9999970810051879,55.89301230229852,-2.011010050332825,-2016.8234353298221,71.27792250290912,-93.30036163330078,5586.0576171875,True
1598628773.7411578,0,5,0.5,0.5,-0.10494778976440433,-0.14,-0.011,-0.56,0.00044761259664529286,10,1,100,0.02691613159221707,-10,-1,-100,2391.901475782972,-0.0024184347296832636,6.798680888478826e-05,0.9999970732713431,55.92382624638865,-2.008544555114944,-2014.5498676204893,71.28080460730312,-92.49107360839844,5584.41259765625,True
1598628773.8367732,0,5,0.5,0.5,-0.8909213005065919,-0.14,-0.011,-0.56,0.0003057125047047993,10,1,100,0.026912298759824173,-10,-1,-100,2397.63971019967,-0.0024213615504807147,6.403587455490482e-05,0.9999970664495216,56.01705784243651,-2.008587814339138,-2014.532903919483,71.28377557030622,-90.71912384033203,5582.76806640625,True
1598628773.9331906,0,5,0.5,0.5,-1.355374871826172,-0.14,-0.011,-0.56,0.0003282489185578273,10,1,100,0.026937314968737275,-10,-1,-100,2403.354019370512,-0.0024242259482882326,6.063644630342552e-05,0.9999970597215639,56.24833922652341,-2.0140535127779087,-2019.4705254404244,71.28657611256546,-88.6365966796875,5581.1240234375,True
1598628774.02946,0,5,0.5,0.5,-1.2947075225830078,-0.14,-0.011,-0.56,0.00046340319456999015,10,1,100,0.026906719806821154,-10,-1,-100,2409.092743000132,-0.002426527635579494,5.8764393968854984e-05,0.9999970542508512,56.45104255082039,-2.0189847053219268,-2023.3642251385436,71.2892784473144,-87.05642700195312,5579.4814453125,True
1598628774.1257272,0,5,0.5,0.5,-0.8249218627929689,-0.14,-0.011,-0.56,0.0007487639408432157,10,1,100,0.026941367854197602,-10,-1,-100,2414.807295705308,-0.0024289107894092028,5.964901348413486e-05,0.9999970484128302,56.58050720215662,-2.0216350038685893,-2024.6214857748491,71.29192487669685,-86.46347045898438,5577.8388671875,True
1598628774.2211607,0,5,0.5,0.5,-0.16633854980468749,-0.14,-0.011,-0.56,0.0009983520303056216,10,1,100,0.026920597464408114,-10,-1,-100,2420.545530626783,-0.00243086405493054,6.271667341637266e-05,0.999997043478912,56.630737799595366,-2.0215851211132096,-2023.0457220756455,71.29457117778202,-86.930908203125,5576.197265625,True
1598628774.3194597,0,5,0.5,0.5,0.5742583129882813,-0.14,-0.011,-0.56,0.0012654767716038982,10,1,100,0.026949568359207393,-10,-1,-100,2426.2405527578667,-0.0024328788593998875,6.792992455920772e-05,0.9999970382386045,56.604070821801265,-2.0187008294212743,-2018.7387528746128,71.2972612665631,-88.36471557617188,5574.556640625,True
1598628774.414634,0,5,0.5,0.5,1.1414922668457033,-0.14,-0.011,-0.56,0.0012967317467127166,10,1,100,0.027009308613536856,-10,-1,-100,2431.9792754276423,-0.002435229696132326,7.294967293020621e-05,0.999997032162932,56.521063042585055,-2.013479769495538,-2012.4479643967377,71.30003252263865,-90.32449340820312,5572.91650390625,True
1598628774.5113487,0,5,0.5,0.5,1.2656596328735352,-0.14,-0.011,-0.56,0.0012030909147244162,10,1,100,0.027095050014213688,-10,-1,-100,2437.6935846172273,-0.0024381224230480172,7.66579712989993e-05,0.9999970248368769,56.434447374285455,-2.0076707635086417,-2006.0549353329668,71.30289399526862,-92.0718994140625,5571.27734375,True
1598628774.6500149,0,5,0.5,0.5,0.9222410095214845,-0.14,-0.011,-0.56,0.0009600310236615126,10,1,100,0.027143346568258283,-10,-1,-100,2443.4320634809555,-0.002441167438180311,7.78145970165422e-05,0.9999970173187654,56.523261693834144,-2.0077020651745223,-2005.910201739571,71.30578663823766,-92.98072814941406,5569.6376953125,True
1598628774.7461734,0,5,0.5,0.5,-0.048229453277587875,-0.14,-0.011,-0.56,0.0005463941372857576,10,1,100,0.027368616883491043,-10,-1,-100,2452.0252557151252,-0.002445959894445536,7.509945182998394e-05,0.999997005815651,56.604982904351225,-2.00568475777916,-2003.870003849149,71.31000072399985,-92.32190704345703,5567.18115234375,True
1598628774.8402524,0,5,0.5,0.5,-0.9042620941162111,-0.14,-0.011,-0.56,0.00041516187050689686,10,1,100,0.027257387978840954,-10,-1,-100,2457.7395646115765,-0.0024492804781309557,7.143165137790025e-05,0.9999969979568232,56.71466469986573,-2.0065529432873053,-2004.4724306103953,71.31295011237391,-90.57221221923828,5565.5439453125,True
1598628774.9371893,0,5,0.5,0.5,-1.4897519134521486,-0.14,-0.011,-0.56,0.0004128464960601006,10,1,100,0.02720104978060664,-10,-1,-100,2463.458512269892,-0.002451761644290434,6.806951503846876e-05,0.9999969921111664,56.95919092973003,-2.01269283195667,-2009.8268913536415,71.31563962096328,-88.33627319335938,5563.90771484375,True
1598628775.034496,0,5,0.5,0.5,-1.4717790466308596,-0.14,-0.011,-0.56,0.0005676328556647003,10,1,100,0.02718814524090125,-10,-1,-100,2469.172821289394,-0.0024538749034417272,6.64134188456319e-05,0.9999969870390693,57.17784234807514,-2.018466123627194,-2014.2509437063088,71.31831185502193,-86.57366943359375,5562.27197265625,True
1598628775.1322417,0,5,0.5,0.5,-1.0222148651123049,-0.14,-0.011,-0.56,0.0008665700740177984,10,1,100,0.027234367072982532,-10,-1,-100,2474.911299870466,-0.002456191385445585,6.761853426910221e-05,0.9999969812712497,57.32029583509684,-2.0219463251759757,-2015.9772948666287,71.32093289283196,-85.80657958984375,5560.63671875,True
1598628775.22826,0,5,0.5,0.5,-0.38564008178710935,-0.14,-0.011,-0.56,0.0012129516215537756,10,1,100,0.027232209247371335,-10,-1,-100,2480.6251204017317,-0.0024582528610380483,7.185577188550687e-05,0.999996975910237,57.38176203714778,-2.022758003468233,-2014.8551099590957,71.32354832307813,-86.10333251953125,5559.0029296875,True
1598628775.3254488,0,5,0.5,0.5,0.3975487060546875,-0.14,-0.011,-0.56,0.0015053675747121725,10,1,100,0.027238713139160556,-10,-1,-100,2486.3645760456566,-0.002460161157132819,7.835782465779731e-05,0.999996970728978,57.36129136601619,-2.0206570884077246,-2010.8701214034022,71.3262050380374,-87.46087646484375,5557.369140625,True
1598628775.427168,0,5,0.5,0.5,1.1002245269775393,-0.14,-0.011,-0.56,0.0016353852438330296,10,1,100,0.02730308864334414,-10,-1,-100,2492.0781526485225,-0.0024624564015317952,8.544128062452497e-05,0.9999969644995219,57.26867488978034,-2.0157358892363364,-2004.3819250423196,71.32894508615885,-89.55215454101562,5555.736328125,True
1598628775.5215137,0,5,0.5,0.5,1.391192581176758,-0.14,-0.011,-0.56,0.001473093353951817,10,1,100,0.02737473584807055,-10,-1,-100,2497.8168754938524,-0.0024651695740234686,9.039404922472608e-05,0.9999969573793147,57.15337996329806,-2.009533966860187,-1997.1291897456595,71.33178862178379,-91.64205932617188,5554.103515625,True
1598628775.622169,0,5,0.5,0.5,1.2578547668457032,-0.14,-0.011,-0.56,0.0013207066885567373,10,1,100,0.02741815859699702,-10,-1,-100,2503.5502276681364,-0.0024680062584143438,9.349874546865751e-05,0.9999969500968956,57.20428151598456,-2.008664068535636,-1995.7001709627657,71.33468330224241,-93.12417602539062,5552.4716796875,True
1598628775.7184348,0,5,0.5,0.5,0.7291609359741211,-0.14,-0.011,-0.56,0.0009349390811418329,10,1,100,0.027516608952826538,-10,-1,-100,2509.289438885404,-0.002471455666713377,9.279996003350322e-05,0.9999969416428506,57.32019736555376,-2.0097345916446,-1996.5401995230998,71.33753438909275,-93.55436706542969,5550.8408203125,True
1598628775.8142076,0,5,0.5,0.5,0.029289377593994137,-0.14,-0.011,-0.56,0.0005789501584103059,10,1,100,0.027568212544219844,-10,-1,-100,2515.0030151448445,-0.0024750374380231024,8.891234624198223e-05,0.9999969331374347,57.356966461348094,-2.0079532640394127,-1994.6257862293564,71.3403675688827,-92.89676666259766,5549.21044921875,True
1598628775.911167,0,5,0.5,0.5,-0.7187534355163575,-0.14,-0.011,-0.56,0.0003242351065667969,10,1,100,0.02758853709752647,-10,-1,-100,2520.741982373409,-0.0024784549470075567,8.3046668964873e-05,0.9999969251774359,57.35961535129846,-2.0051831976697705,-1991.5347557780208,71.34322157813094,-91.29840087890625,5547.5810546875,True
1598628776.0103967,0,5,0.5,0.5,-1.238461403656006,-0.14,-0.011,-0.56,0.0002646003715346514,10,1,100,0.027570301378286942,-10,-1,-100,2526.4560470631113,-0.002481371727452413,7.715848552727565e-05,0.999996918415711,57.59243401852406,-2.010891766603175,-1996.433011760536,71.34601562556891,-89.27261352539062,5545.9521484375,True
1598628776.0706108,0,5,0.5,0.5,-1.2806353874206544,-0.14,-0.011,-0.56,0.00029369495015652014,10,1,100,0.02756832341884284,-10,-1,-100,2532.195014077006,-0.002483980367476417,7.206031941994809e-05,0.9999969123196552,57.80757361660889,-2.0164527958262957,-2000.7013793175283,71.34871358324119,-87.58749389648438,5544.32421875,True
1598628776.1703496,0,5,0.5,0.5,-0.7022701316833497,-0.14,-0.011,-0.56,0.0006296969008783297,10,1,100,0.027435676403418534,-10,-1,-100,2535.053877480561,-0.00248512071373799,7.047614816062054e-05,0.9999969095993001,57.89119424223599,-2.01853624739517,-2002.001044985381,71.35003786284823,-87.06283569335938,5543.509765625,True
1598628776.27136,0,5,0.5,0.5,-0.5889215873718262,-0.14,-0.011,-0.56,0.000657447074615611,10,1,100,0.027611207412624836,-10,-1,-100,2540.788205750636,-0.0024877287032842956,6.928952098041158e-05,0.9999969031976355,57.99558254538354,-2.0206513232156915,-2002.4188925550814,71.35249793087308,-86.80352783203125,5541.8837890625,True
1598628776.377218,0,5,0.5,0.5,0.010606183624267573,-0.14,-0.011,-0.56,0.0008724784487843423,10,1,100,0.02760639343634147,-10,-1,-100,2546.5271733267,-0.002490030778045496,7.017384358509862e-05,0.9999968974063649,58.02225422091953,-2.0200565229567577,-2000.162191497527,71.35509008152532,-87.45358276367188,5540.2568359375,True
1598628776.4725566,0,5,0.5,0.5,0.582093531036377,-0.14,-0.011,-0.56,0.0010068318386515886,10,1,100,0.027637723923016118,-10,-1,-100,2552.2409934442258,-0.0024923833282740715,7.221304716727946e-05,0.9999968914004786,57.9889343910091,-2.017177310940655,-1995.8549984741053,71.35778378984804,-88.7933349609375,5538.630859375,True
1598628776.5722032,0,5,0.5,0.5,1.074131748199463,-0.14,-0.011,-0.56,0.0010844573325323474,10,1,100,0.027670496102113976,-10,-1,-100,2557.979716436821,-0.0024947951994243474,7.478908309732117e-05,0.9999968851969021,57.907213484845784,-2.0122223598876046,-1989.9046989941496,71.36056012176161,-90.57252502441406,5537.005859375,True
1598628776.6724164,0,5,0.5,0.5,1.1174269218444826,-0.14,-0.011,-0.56,0.0009181681123553434,10,1,100,0.027758120559721468,-10,-1,-100,2563.694269508822,-0.0024977600419564755,7.563622254336026e-05,0.999996877732093,57.829768914496775,-2.0069142024708757,-1984.124116536595,71.3634181596219,-92.06173706054688,5535.38134765625,True
1598628776.769505,0,5,0.5,0.5,0.7303118537902833,-0.14,-0.011,-0.56,0.0007360228287386068,10,1,100,0.027786940881869136,-10,-1,-100,2569.432748483494,-0.0025006934432095316,7.476608649550742e-05,0.9999968704662708,57.91366359014135,-2.0068051740382917,-1983.8898607185015,71.36629878360019,-92.70243072509766,5533.7578125,True
1598628776.8664222,0,5,0.5,0.5,0.06392208938598634,-0.14,-0.011,-0.56,0.00047674539739792304,10,1,100,0.027854829473593003,-10,-1,-100,2575.1468129049754,-0.0025039540169959937,7.163084640322269e-05,0.9999968625367294,57.96427185839322,-2.005399653329589,-1982.5186492647483,71.36915569756026,-92.2633056640625,5532.134765625,True
1598628776.962135,0,5,0.5,0.5,-0.6574704338073731,-0.14,-0.011,-0.56,0.00030206770786777107,10,1,100,0.027824677264739202,-10,-1,-100,2580.9053110930836,-0.0025066208830213897,6.720302716229123e-05,0.9999968561628091,58.05900243996851,-2.0056868486028607,-1982.6600463057378,71.372002430913,-90.87992858886719,5530.51171875,True
1598628777.0695882,0,5,0.5,0.5,-1.1631874336242678,-0.14,-0.011,-0.56,0.0002887528257186514,10,1,100,0.02782460234841569,-10,-1,-100,2586.6437898065196,-0.002509021671845564,6.306574297678426e-05,0.9999968504115212,58.27602101415308,-2.010603276715167,-1986.9711319243565,71.37476676999833,-89.04824829101562,5528.89013671875,True
1598628777.162576,0,5,0.5,0.5,-1.2151700813293458,-0.14,-0.011,-0.56,0.0004218847485150941,10,1,100,0.027844247992753424,-10,-1,-100,2592.3578545174096,-0.002511360039084821,6.052304263033027e-05,0.9999968446988797,58.47964634968893,-2.015528290662263,-1990.8106450110831,71.37743924652378,-87.50634765625,5527.26953125,True
1598628777.2645257,0,5,0.5,0.5,-0.8789949623107911,-0.14,-0.011,-0.56,0.0006265801331148216,10,1,100,0.027846588291939665,-10,-1,-100,2598.0965772063937,-0.0025134832489991598,6.0081412271306256e-05,0.9999968393910956,58.621715011949114,-2.0186846306663075,-1992.5437722022664,71.38005354079806,-86.75238037109375,5525.6494140625,True
1598628777.4073222,0,5,0.5,0.5,-0.2520077674865723,-0.14,-0.011,-0.56,0.0009007072889125146,10,1,100,0.027826518266299137,-10,-1,-100,2603.8301730327075,-0.0025152075718284494,6.218036618736264e-05,0.9999968349272275,58.6803134857525,-2.0191214495311525,-1991.4396573300746,71.3826577547023,-87.04498291015625,5524.029296875,True
1598628777.508299,0,5,0.5,0.5,1.1873535636901857,-0.14,-0.011,-0.56,0.0013760400562340836,10,1,100,0.02797816174518957,-10,-1,-100,2612.404321998707,-0.0025181308271233684,6.841697988433519e-05,0.9999968271630937,58.60918225764872,-2.0140466053198227,-1984.4182097036783,71.38672086939677,-89.3359375,5521.6005859375,True
1598628777.6105218,0,5,0.5,0.5,1.55685072555542,-0.14,-0.011,-0.56,0.0012025109302028852,10,1,100,0.027952234894666302,-10,-1,-100,2618.162820371217,-0.002520529226478675,7.251254216064747e-05,0.9999968208321212,58.47171765300195,-2.006972953294068,-1976.721617261772,71.38957424460494,-91.6957015991211,5519.982421875,True
1598628777.706446,0,5,0.5,0.5,1.6139582595825197,-0.14,-0.011,-0.56,0.0009367280219756127,10,1,100,0.028022572891703366,-10,-1,-100,2623.9015430171276,-0.0025233256312956046,7.382164191971677e-05,0.9999968136839854,58.54519950598351,-2.0064221579606176,-1976.1680512787045,71.39230972786805,-93.663330078125,5518.365234375,True
1598628777.8021502,0,5,0.5,0.5,1.145024058532715,-0.14,-0.011,-0.56,0.0005685322015746066,10,1,100,0.02809468284354069,-10,-1,-100,2629.615363340825,-0.0025265001210646627,7.16661474976103e-05,0.9999968058254495,58.695648083237266,-2.007966500922341,-1978.2113481527397,71.39506838416685,-94.56501007080078,5516.7490234375,True
1598628777.9000597,0,5,0.5,0.5,0.5069514358520508,-0.14,-0.011,-0.56,0.00016723399618961997,10,1,100,0.028165969890538316,-10,-1,-100,2635.354330237722,-0.0025300106243020984,6.6061259736739e-05,0.999996797335947,58.76320081889709,-2.0064071659186387,-1977.4587567675708,71.39779887223196,-94.37189483642578,5515.1328125,True
1598628778.008194,0,5,0.5,0.5,-0.2801805625915528,-0.14,-0.011,-0.56,-0.00018895088674473744,10,1,100,0.028199249292731335,-10,-1,-100,2641.0879262425005,-0.002533480843076698,5.7732926097149545e-05,0.9999967890657084,58.74807542745738,-2.0020411423748325,-1973.932387223552,71.4005426852091,-93.08961486816406,5513.517578125,True
1598628778.1025805,0,5,0.5,0.5,-0.6275053092956544,-0.14,-0.011,-0.56,-0.00013930677643191752,10,1,100,0.028113840570237296,-10,-1,-100,2645.3747569028055,-0.0025358347263399745,5.062163297406217e-05,0.9999967834846727,58.68477296476388,-1.9971997016107144,-1969.5525717694152,71.40262477241507,-91.56414031982422,5512.306640625,True
1598628778.2011833,0,5,0.5,0.5,-1.8789048507690431,-0.14,-0.011,-0.56,-0.0005994385492432683,10,1,100,0.028286402217604308,-10,-1,-100,2652.5407137695,-0.0025395189869603855,3.998511775479112e-05,0.9999967746170512,59.015547718043365,-2.004658850347129,-1976.8908174425887,71.4060513375875,-88.55209350585938,5510.2890625,True
1598628778.3012588,0,5,0.5,0.5,-1.5903033584594728,-0.14,-0.011,-0.56,-0.0001585004295762923,10,1,100,0.028193283650688634,-10,-1,-100,2658.2984792336356,-0.0025419961833270934,3.434275766594952e-05,0.9999967685327684,59.25986466819643,-2.010577044636519,-1982.0597255506354,71.408728052075,-86.5531005859375,5508.67578125,True
1598628778.398241,0,5,0.5,0.5,-1.2663624099731448,-0.14,-0.011,-0.56,0.00026848898468117465,10,1,100,0.028195050213840764,-10,-1,-100,2664.01303195511,-0.002544238318839731,3.311846012807537e-05,0.9999967628720327,59.434480109652384,-2.014553076072265,-1984.8769180833071,71.41119854853335,-85.4169921875,5507.0634765625,True
1598628778.494405,0,5,0.5,0.5,-0.6816425796508789,-0.14,-0.011,-0.56,0.0007442961054678305,10,1,100,0.028183070687990926,-10,-1,-100,2669.7515105953207,-0.0025461413274825745,3.635740156084963e-05,0.9999967579159843,59.52119051075124,-2.0157963726201857,-1984.7518439351145,71.41359729049233,-85.34597778320312,5505.45166015625,True
1598628778.590646,0,5,0.5,0.5,0.052625691223144644,-0.14,-0.011,-0.56,0.0011955442853310732,10,1,100,0.028208264831911398,-10,-1,-100,2675.510496750707,-0.0025480749089204736,4.34332950242407e-05,0.9999967527086312,59.51985160926201,-2.014121399655016,-1981.7000105255113,71.41603281842234,-86.34439086914062,5503.84033203125,True
1598628778.686487,0,5,0.5,0.5,0.8138638832092286,-0.14,-0.011,-0.56,0.0014838789396162129,10,1,100,0.028214479072879224,-10,-1,-100,2681.224317202461,-0.0025498641617978696,5.2513585254585134e-05,0.9999967477122511,59.434689882151844,-2.009447808418844,-1975.87993713558,71.418562477318,-88.239013671875,5502.23046875,True
1598628778.7833037,0,5,0.5,0.5,1.309411417388916,-0.14,-0.011,-0.56,0.0015930084937214343,10,1,100,0.028292445622241404,-10,-1,-100,2686.982815546682,-0.0025521754161983382,6.177985237100493e-05,0.9999967412866377,59.298202518797616,-2.00263875969265,-1968.383094336798,71.42121267830758,-90.47116088867188,5500.6201171875,True
1598628778.845389,0,5,0.5,0.5,1.2952278549194336,-0.14,-0.011,-0.56,0.0014707912955454813,10,1,100,0.02835849722184124,-10,-1,-100,2692.696880267351,-0.0025548536844722776,6.910165367081118e-05,0.9999967339684727,59.177654139470874,-1.9958650312273034,-1961.4421934830852,71.42398081960863,-92.24304962158203,5499.0107421875,True
1598628778.8903446,0,5,0.5,0.5,0.673486100769043,-0.14,-0.011,-0.56,0.0010506354748561514,10,1,100,0.028239345755166227,-10,-1,-100,2695.576007141033,-0.002556182694060477,7.193547430624652e-05,0.999996730372316,59.24146432361694,-1.9965101612519423,-1962.0898565304103,71.42537977447756,-92.77570343017578,5498.20654296875,True
1598628778.989293,0,5,0.5,0.5,0.5581859642028808,-0.14,-0.011,-0.56,0.0010021094820463529,10,1,100,0.028276322863557725,-10,-1,-100,2698.435847008601,-0.0025577064020796863,7.405761808727221e-05,0.9999967263213564,59.30356066737679,-1.9970369666265297,-1962.6800151763937,71.42677173390021,-93.03760528564453,5497.40234375,True
1598628779.0434608,0,5,0.5,0.5,0.32545481643676766,-0.14,-0.011,-0.56,0.000953469840643689,10,1,100,0.028455470246094124,-10,-1,-100,2704.1689544083783,-0.0025607003204149896,7.552335570716843e-05,0.9999967185496619,59.36985549970067,-1.9961020965538332,-1961.9398366383148,71.4293333809935,-92.91233825683594,5495.794921875,True
1598628779.0973763,0,5,0.5,0.5,0.17044075241088869,-0.14,-0.011,-0.56,0.0007951611463298794,10,1,100,0.02831334811377987,-10,-1,-100,2707.047837071237,-0.0025621107892138135,7.538436701517366e-05,0.9999967149473548,59.38025361043026,-1.9949098106042114,-1960.8214546923034,71.43067906277271,-92.58382415771484,5494.9912109375,True
1598628779.1985013,0,5,0.5,0.5,0.04471477661132811,-0.14,-0.011,-0.56,0.0007409358478856108,10,1,100,0.028337242774975,-10,-1,-100,2709.9081655776827,-0.002563591971763712,7.472774584627667e-05,0.999996711200575,59.37834583678471,-1.9933635758471109,-1959.2981172413618,71.43199304495288,-92.13192749023438,5494.18798828125,True
1598628779.2508023,0,5,0.5,0.5,-0.46646980895996093,-0.14,-0.011,-0.56,0.0005933121436129118,10,1,100,0.02854294169603975,-10,-1,-100,2715.6417612588266,-0.0025667908973160958,7.275095721232924e-05,0.9999967031404592,59.4652031554148,-1.9935525524705555,-1959.2458524335639,71.43458858595281,-91.02959442138672,5492.58203125,True
1598628779.305297,0,5,0.5,0.5,-0.2680745811462403,-0.14,-0.011,-0.56,0.0006375590135483138,10,1,100,0.028394827144811133,-10,-1,-100,2718.5016009885585,-0.002568333743198154,7.132303585756115e-05,0.9999966992819567,59.549806193492,-1.9951585742404885,-1960.577281012631,71.43593188458277,-90.4222183227539,5491.77880859375,True
1598628779.3581455,0,5,0.5,0.5,-0.31022822265625,-0.14,-0.011,-0.56,0.0006449167065941232,10,1,100,0.02839765960184982,-10,-1,-100,2721.3802396120736,-0.0025697436628510334,7.00664593437945e-05,0.9999966957486401,59.633770578882135,-1.9968314171261268,-1961.8847684582395,71.43722457945752,-89.86968994140625,5490.97607421875,True
1598628779.4115922,0,5,0.5,0.5,-0.32519961547851567,-0.14,-0.011,-0.56,0.0006201716253115589,10,1,100,0.02839912476549821,-10,-1,-100,2724.259854734759,-0.002571020655385861,6.868320461590223e-05,0.9999966925622339,59.708945323962965,-1.9982886353716143,-1962.9002950102704,71.4384654569512,-89.40371704101562,5490.173828125,True
1598628779.4651344,0,5,0.5,0.5,-0.33596120605468754,-0.14,-0.011,-0.56,0.0006283618653487947,10,1,100,0.028450777902362594,-10,-1,-100,2727.138249317184,-0.002572633999626119,6.749388127066149e-05,0.999996688493957,59.77663036167332,-1.9995612151739457,-1963.6682086150684,71.43969648271285,-89.01724243164062,5489.37109375,True
1598628779.5661643,0,5,0.5,0.5,-0.3347628898620606,-0.14,-0.011,-0.56,0.0006638275015434217,10,1,100,0.028428257369722768,-10,-1,-100,2729.973919297685,-0.002573879780170397,6.673655471530302e-05,0.9999966853390613,59.83673924030236,-2.0006309771019954,-1964.186355873575,71.44092410027618,-88.71484375,5488.5693359375,True
1598628779.618566,0,5,0.5,0.5,-0.40890940093994144,-0.14,-0.011,-0.56,0.0006035602900683815,10,1,100,0.028568284644397122,-10,-1,-100,2735.731440955773,-0.0025762691949021348,6.550491857846854e-05,0.9999966792675568,59.93320296922488,-2.0020805159352344,-1964.4435087047289,71.44342191256888,-88.37338256835938,5486.96484375,True
1598628779.720256,0,5,0.5,0.5,-0.2493751289367676,-0.14,-0.011,-0.56,0.000692546421658245,10,1,100,0.028471609316845406,-10,-1,-100,2738.610323647619,-0.002577545648232497,6.520198937717123e-05,0.9999966759980414,59.969595402975834,-2.002441162557623,-1964.1861123049343,71.44473358711973,-88.33544921875,5486.16357421875,True
1598628779.8222094,0,5,0.5,0.5,-0.07410331039428711,-0.14,-0.011,-0.56,0.0007830320523852014,10,1,100,0.02858138372762778,-10,-1,-100,2744.325364779099,-0.002579688695605559,6.5758578897446e-05,0.9999966704354786,60.016562905184124,-2.0023049893768214,-1962.828092877042,71.44729606429597,-88.56268310546875,5484.560546875,True
1598628779.9244726,0,5,0.5,0.5,0.07678166198730468,-0.14,-0.011,-0.56,0.0008436325321318436,10,1,100,0.028550659606334544,-10,-1,-100,2748.6556525815977,-0.0025813416303816844,6.682423353913593e-05,0.9999966660993972,60.028534337180865,-2.0013757412692943,-1961.0563852017526,71.44930520171224,-88.96633911132812,5483.3583984375,True
1598628780.0297728,0,5,0.5,0.5,0.48237483215332033,-0.14,-0.011,-0.56,0.0009463840602089083,10,1,100,0.028680055865228753,-10,-1,-100,2755.7974392271135,-0.002584004491933002,6.873430029801567e-05,0.9999966590926099,60.021836711570046,-1.9987355853459325,-1957.2503835106465,71.45279707243748,-89.8736572265625,5481.35546875,True
1598628780.1381826,0,5,0.5,0.5,0.4839167167663575,-0.14,-0.011,-0.56,0.0008743897044366431,10,1,100,0.028665693129124394,-10,-1,-100,2761.555937213707,-0.0025862790561108724,6.981988198717149e-05,0.9999966531373132,60.01027762746646,-1.9961764697421291,-1954.0189500788224,71.45568748960645,-90.60353088378906,5479.75390625,True
1598628780.2371764,0,5,0.5,0.5,0.3709023544311524,-0.14,-0.011,-0.56,0.000741682140876661,10,1,100,0.0286631554147479,-10,-1,-100,2767.2941710096784,-0.002588307457675593,6.96017085393773e-05,0.999996647904435,60.01771084902893,-1.9940418077880526,-1951.4158417811725,71.45855189251165,-91.02569580078125,5478.1533203125,True
1598628780.3354263,0,5,0.5,0.5,0.06346088714599611,-0.14,-0.011,-0.56,0.0006664670890337784,10,1,100,0.028702296750153677,-10,-1,-100,2773.0287435634527,-0.0025904904132428236,6.872001834354221e-05,0.9999966423128519,60.07287076906442,-1.993396162199656,-1950.3709062784546,71.46138163674594,-90.92240905761719,5476.552734375,True
1598628780.388314,0,5,0.5,0.5,-0.2818863739013672,-0.14,-0.011,-0.56,0.0005511631288901202,10,1,100,0.02869095648724945,-10,-1,-100,2778.7669778474374,-0.002592354125224943,6.687023051536102e-05,0.999996637608578,60.17520592930547,-1.994381094244068,-1950.8598519732109,71.46417565155758,-90.34403991699219,5474.95361328125,True
1598628780.443091,0,5,0.5,0.5,-0.23789241180419923,-0.14,-0.011,-0.56,0.0006494946268949254,10,1,100,0.02858152867223054,-10,-1,-100,2781.64610461914,-0.00259303568313979,6.608309488138116e-05,0.9999966358938265,60.23992247204204,-1.9953926871545329,-1951.543119024434,71.46555416235798,-89.94210815429688,5474.154296875,True
1598628780.5441504,0,5,0.5,0.5,-0.27710089263916016,-0.14,-0.011,-0.56,0.0006358009643775693,10,1,100,0.028620687382407854,-10,-1,-100,2784.500573212048,-0.0025939938550612906,6.524362324563617e-05,0.999996633463908,60.30615732298107,-1.9965131869479067,-1952.272261817776,71.46681963236834,-89.5626220703125,5473.35546875,True
1598628780.644188,0,5,0.5,0.5,-0.4663231246948243,-0.14,-0.011,-0.56,0.0005998104295544818,10,1,100,0.028688945882368894,-10,-1,-100,2790.2395399239613,-0.002595469338934883,6.41535180741425e-05,0.9999966297059389,60.42198890609613,-1.9983612651168452,-1953.1885288560063,71.46925120313594,-88.98684692382812,5471.7578125,True
1598628780.7063692,0,5,0.5,0.5,-0.35683827667236334,-0.14,-0.011,-0.56,0.000638845093904163,10,1,100,0.028741236292272786,-10,-1,-100,2795.998037846759,-0.002597269761009364,6.351832711351174e-05,0.9999966250719102,60.51328771183329,-1.9995492806022854,-1953.3158033470968,71.47183240171871,-88.68161010742188,5470.1611328125,True
1598628780.805227,0,5,0.5,0.5,-0.19805816497802736,-0.14,-0.011,-0.56,0.0007114158977692003,10,1,100,0.028648082184379704,-10,-1,-100,2798.852506408235,-0.00259804367003677,6.36026519587877e-05,0.9999966230561935,60.54823866950494,-1.9998218608130587,-1953.0355729513506,71.47314811101796,-88.6640625,5469.3623046875,True
1598628780.8991222,0,5,0.5,0.5,0.017774491882324245,-0.14,-0.011,-0.56,0.0007827488764841386,10,1,100,0.028724317244391978,-10,-1,-100,2804.591228985577,-0.002599425086025746,6.433072124424742e-05,0.999996619419676,60.58690198984552,-1.999330348772617,-1951.4685055300156,71.475633848733,-88.95883178710938,5467.7666015625,True
1598628781.0008965,0,5,0.5,0.5,0.29167541046142575,-0.14,-0.011,-0.56,0.0008485735920144777,10,1,100,0.028779075712904945,-10,-1,-100,2810.349483245751,-0.002601164704280303,6.559501217135367e-05,0.999996614814008,60.59087910242551,-1.9975839275718859,-1948.7980281239152,71.47830744902943,-89.58737182617188,5466.1708984375,True
1598628781.1021223,0,5,0.5,0.5,0.44705147094726566,-0.14,-0.011,-0.56,0.0008599684503800649,10,1,100,0.028792312997534715,-10,-1,-100,2816.0828347994247,-0.0026028529819645623,6.685179797187907e-05,0.9999966103378508,60.578732226508926,-1.9951107281176952,-1945.6213929906562,71.48102478948702,-90.31376647949219,5464.57568359375,True
1598628781.204169,0,5,0.5,0.5,0.42713306427001957,-0.14,-0.011,-0.56,0.0007493212716867842,10,1,100,0.028843232244922128,-10,-1,-100,2821.8218014349695,-0.002604837458904421,6.69909469938428e-05,0.9999966051612502,60.57531223700482,-1.992704445551132,-1942.7369939375576,71.48377461351252,-90.86754608154297,5462.9814453125,True
1598628781.3034387,0,5,0.5,0.5,0.22119350357055667,-0.14,-0.011,-0.56,0.0006448378128090131,10,1,100,0.02884863427427969,-10,-1,-100,2827.5558855462587,-0.00260667759543876,6.616916836160253e-05,0.9999966004209988,60.606001172941205,-1.9912662865427224,-1940.9583602042117,71.48665320955676,-91.0164566040039,5461.3876953125,True
1598628781.4043338,0,5,0.5,0.5,-0.09470105438232423,-0.14,-0.011,-0.56,0.0005914411089908624,10,1,100,0.028911279962636455,-10,-1,-100,2833.314139353344,-0.002608906931754844,6.493730962681342e-05,0.9999965946880855,60.68316985757841,-1.9913363230341048,-1940.6736531854729,71.48954720236445,-90.6832504272461,5459.7939453125,True
1598628781.5053692,0,5,0.5,0.5,-0.3957554573059083,-0.14,-0.011,-0.56,0.0004848050138418124,10,1,100,0.028856213623015235,-10,-1,-100,2839.0523735842435,-0.002610418569637805,6.284906062588157e-05,0.9999965908766322,60.79977125549725,-1.9928310790306518,-1941.6501738282307,71.49239557690412,-89.98544311523438,5458.2021484375,True
1598628781.6483898,0,5,0.5,0.5,-0.5533585914611817,-0.14,-0.011,-0.56,0.0005177558429367152,10,1,100,0.028917975055323807,-10,-1,-100,2844.7864570542006,-0.002612339321902778,6.125238231009697e-05,0.9999965859598785,60.931298582671666,-1.9950405473064934,-1943.1002047997722,71.49516942041839,-89.20138549804688,5456.609375,True
1598628781.707165,0,5,0.5,0.5,-0.5707764076232911,-0.14,-0.011,-0.56,0.0006107624120147987,10,1,100,0.02901471841930421,-10,-1,-100,2853.4238378942246,-0.0026149496091044224,6.064900822896994e-05,0.999996579174269,61.08915634374551,-1.9974645246437732,-1944.0150076432906,71.49930723158016,-88.54891967773438,5454.22314453125,True
1598628781.7962072,0,5,0.5,0.5,-0.1969538612365723,-0.14,-0.011,-0.56,0.0006997852965943162,10,1,100,0.028844731599260078,-10,-1,-100,2856.2587748570368,-0.0026157611901527025,6.091239375947239e-05,0.9999965770356799,61.12181938531709,-1.997678003142052,-1943.6841107140585,71.50063735540064,-88.56118774414062,5453.42822265625,True
1598628781.8954043,0,5,0.5,0.5,0.12181664352416993,-0.14,-0.011,-0.56,0.0008089824456865946,10,1,100,0.028958467945038556,-10,-1,-100,2862.0165402601706,-0.0026175168510490197,6.21469821954947e-05,0.9999965723657692,61.14656381940516,-1.996759167680028,-1941.736599991726,71.5032849840334,-89.02655029296875,5451.83837890625,True
1598628781.9941218,0,5,0.5,0.5,0.47214320907592777,-0.14,-0.011,-0.56,0.0008137261084988168,10,1,100,0.028995806464811147,-10,-1,-100,2867.7752820651513,-0.002619435900439038,6.331444474385224e-05,0.9999965672675304,61.12391201263987,-1.9941228094014942,-1938.2888466344018,71.5056951696175,-89.89920043945312,5450.25,True
1598628782.0947049,0,5,0.5,0.5,0.6228020774841309,-0.14,-0.011,-0.56,0.0008726869643324897,10,1,100,0.029047217060654506,-10,-1,-100,2873.5088775891345,-0.002621631249668395,6.491385535669021e-05,0.999996561411979,61.08744753304737,-1.9907504293915288,-1934.4179392898104,71.50818291853466,-90.81205749511719,5448.662109375,True
1598628782.1951425,0,5,0.5,0.5,0.5240101402282715,-0.14,-0.011,-0.56,0.0007172149817477912,10,1,100,0.029087800560270802,-10,-1,-100,2879.2478448414477,-0.002623978891448228,6.495624511087765e-05,0.9999965552517985,61.07253523146415,-1.9877953339633465,-1931.2444710632699,71.51080663739282,-91.40042877197266,5447.07421875,True
1598628782.3042552,0,5,0.5,0.5,0.18891332778930667,-0.14,-0.011,-0.56,0.0005592579827845504,10,1,100,0.029136763304421567,-10,-1,-100,2884.981684242259,-0.0026265408258016798,6.356065826218491e-05,0.9999965486157106,61.11178603624494,-1.986443475009906,-1929.7940822363523,71.51353147249993,-91.3915786743164,5445.4873046875,True
1598628782.3973877,0,5,0.5,0.5,-0.2539632225036621,-0.14,-0.011,-0.56,0.00044013712001477736,10,1,100,0.029164321548514442,-10,-1,-100,2890.7399381598225,-0.0026291023290416957,6.12113973837385e-05,0.9999965420310755,61.21563550785465,-1.987236738704091,-1930.3875955500077,71.51629529314206,-90.75122833251953,5443.9013671875,True
1598628782.4972856,0,5,0.5,0.5,-0.6789310188293458,-0.14,-0.011,-0.56,0.00038595873907670256,10,1,100,0.02916487912415726,-10,-1,-100,2896.4984358741203,-0.0026314176777682023,5.8586562133207513e-05,0.9999965360983107,61.37166135801815,-1.9899686070293992,-1932.6231389577804,71.51899672507139,-89.63174438476562,5442.3154296875,True
1598628782.5974712,0,5,0.5,0.5,-0.8358716011047365,-0.14,-0.011,-0.56,0.0005092340947709637,10,1,100,0.0291474768216401,-10,-1,-100,2902.2320314554963,-0.0026333452473983883,5.732490831948415e-05,0.9999965310973148,61.538644217128535,-1.9934159237865672,-1935.2005764662022,71.52178930784433,-88.51251220703125,5440.7294921875,True
1598628782.6962466,0,5,0.5,0.5,-0.6548575111389161,-0.14,-0.011,-0.56,0.0005987100796407532,10,1,100,0.02918438614737589,-10,-1,-100,2907.9702653222485,-0.002635414026454796,5.699493878217974e-05,0.9999965256662074,61.668277511533795,-1.995979279208875,-1936.5959701703507,71.52448204578465,-87.87680053710938,5439.14501953125,True
1598628782.796319,0,5,0.5,0.5,-0.18298148574829104,-0.14,-0.011,-0.56,0.0008162984808880776,10,1,100,0.02917907492716762,-10,-1,-100,2913.7043492185185,-0.0026372278468520453,5.86763647318303e-05,0.9999965207871314,61.72598255369128,-1.9963692761962697,-1935.7293505125601,71.52702885822256,-88.04339599609375,5437.5615234375,True
1598628782.8982298,0,5,0.5,0.5,0.3980761405944825,-0.14,-0.011,-0.56,0.0009042089362603001,10,1,100,0.029230722815854357,-10,-1,-100,2919.4628468686715,-0.002639326785604243,6.1006152488557966e-05,0.9999965151101118,61.70379684472575,-1.9940840194280158,-1932.3665550917679,71.52958822698669,-89.007568359375,5435.978515625,True
1598628783.0012908,0,5,0.5,0.5,0.8493083122253419,-0.14,-0.011,-0.56,0.0009560513677225223,10,1,100,0.029278686720249608,-10,-1,-100,2925.2211004801793,-0.002641651120023875,6.359647330770053e-05,0.9999965088113302,61.624592931709884,-1.9896237730699557,-1927.2332548754773,71.53213730998067,-90.42355346679688,5434.39599609375,True
1598628783.1492426,0,5,0.5,0.5,0.9684736625671388,-0.14,-0.011,-0.56,0.0008656319431569877,10,1,100,0.029293874020863118,-10,-1,-100,2930.9544517046306,-0.002643882022029495,6.512905925763087e-05,0.9999965028169144,61.53829615927323,-1.9844663771721078,-1921.8972563919424,71.5347897586342,-91.72575378417969,5432.814453125,True
1598628783.247754,0,5,0.5,0.5,0.657511107635498,-0.14,-0.011,-0.56,0.0005673450822316771,10,1,100,0.029532213245857655,-10,-1,-100,2939.572789636557,-0.0026480566070142264,6.381042483651841e-05,0.9999964918560643,61.611184796191665,-1.9825682482704134,-1920.2334215565568,71.53896395140362,-92.32184600830078,5430.44287109375,True
1598628783.3521616,0,5,0.5,0.5,-0.2555779640197754,-0.14,-0.011,-0.56,0.00034232457452604346,10,1,100,0.029436712411222147,-10,-1,-100,2945.3066293452866,-0.002650961606034963,6.0567066947523464e-05,0.9999964843609168,61.636200772144,-1.9804902798090902,-1918.4011578652137,71.54196371644183,-91.49285888671875,5428.8623046875,True
1598628783.451551,0,5,0.5,0.5,-0.6468902008056641,-0.14,-0.011,-0.56,0.00038361543318918994,10,1,100,0.029356266677616365,-10,-1,-100,2949.63691648643,-0.002652848988675368,5.799665266475181e-05,0.9999964795081189,61.786147854380296,-1.983362098114301,-1921.106721837329,71.54405059517983,-90.27049255371094,5427.67724609375,True
1598628783.5542202,0,5,0.5,0.5,-1.6882310829162601,-0.14,-0.011,-0.56,0.0002169096891751597,10,1,100,0.029466351943717595,-10,-1,-100,2956.822647777386,-0.0026555439783497166,5.414732813912184e-05,0.9999964725709016,62.094694951375736,-1.9907578760466873,-1927.4191811590144,71.54725415868575,-87.80572509765625,5425.70361328125,True
1598628783.6611319,0,5,0.5,0.5,-1.3632810859680178,-0.14,-0.011,-0.56,0.0005429351195811018,10,1,100,0.029416407905217382,-10,-1,-100,2962.5564869742375,-0.002657517999248594,5.3615845423143236e-05,0.9999964673554725,62.305400653638245,-1.9961900950953593,-1931.330751742747,71.54975405145305,-86.30099487304688,5424.12548828125,True
1598628783.7552617,0,5,0.5,0.5,-0.9614406837463378,-0.14,-0.011,-0.56,0.0009233136830436774,10,1,100,0.02938883936669799,-10,-1,-100,2968.3149846066954,-0.002659039965395715,5.659403813363732e-05,0.9999964631455341,62.438948947487134,-1.9995794088903598,-1932.8358647728908,71.55202430896105,-85.67474365234375,5422.54833984375,True
1598628783.854318,0,5,0.5,0.5,-0.30052493362426763,-0.14,-0.011,-0.56,0.0013217934859474276,10,1,100,0.029430248160061658,-10,-1,-100,2974.072261815192,-0.0026607785364337303,6.292439417016471e-05,0.9999964581427779,62.47317650068392,-1.9999893444217267,-1931.2629321599986,71.55410001265389,-86.12136840820312,5420.97216796875,True
1598628784.0016477,0,5,0.5,0.5,0.4994726524353028,-0.14,-0.011,-0.56,0.0015928995438553779,10,1,100,0.0294543224365516,-10,-1,-100,2979.8068335084245,-0.0026625565029003966,7.114000197577249e-05,0.9999964528596934,62.4057940578131,-1.9970748678074188,-1926.564255396679,71.55624580802436,-87.62454223632812,5419.396484375,True
1598628784.1040826,0,5,0.5,0.5,2.0348719474792483,-0.14,-0.011,-0.56,0.002157433788287528,10,1,100,0.029601345812267227,-10,-1,-100,2988.4442146649817,-0.002665488294269966,8.373165324890164e-05,0.9999964440742594,62.159056098661324,-1.9872179299524455,-1915.0762794186594,71.55997601196857,-91.0226821899414,5417.03369140625,True
1598628784.160566,0,5,0.5,0.5,1.6963894485473634,-0.14,-0.011,-0.56,0.0014745516876839898,10,1,100,0.029613877740763413,-10,-1,-100,2994.177810185589,-0.00266824581561568,8.895228514631307e-05,0.9999964362695292,62.140816070718486,-1.9844137874276155,-1911.962705969876,71.56311564718176,-93.25670623779297,5415.4580078125,True
1598628784.259228,0,5,0.5,0.5,1.0384888404846193,-0.14,-0.011,-0.56,0.0010825699682507407,10,1,100,0.02949233365325837,-10,-1,-100,2997.0571809385438,-0.0026696255580493868,9.01131864892133e-05,0.9999964324831332,62.25237557875788,-1.986585715829537,-1914.1177108765346,71.56458494362799,-94.1016616821289,5414.6708984375,True
1598628784.3612306,0,5,0.5,0.5,1.1828851448059083,-0.14,-0.011,-0.56,0.0008336170623720492,10,1,100,0.029713831365317488,-10,-1,-100,3002.815190116293,-0.0026728738767796256,8.888143150963204e-05,0.9999964239162709,62.404209309691815,-1.988258610810021,-1916.2195740942855,71.56710006333911,-94.98110961914062,5413.09765625,True
1598628784.462158,0,5,0.5,0.5,0.5361716835021972,-0.14,-0.011,-0.56,0.0002914034003634635,10,1,100,0.029837337041935207,-10,-1,-100,3008.5490294698393,-0.0026769297524393268,8.28066988148782e-05,0.9999964135886443,62.46053133488223,-1.9866123406405964,-1915.3892810753798,71.56970948826965,-94.75531005859375,5411.5244140625,True
1598628784.61021,0,5,0.5,0.5,-0.26141378555297856,-0.14,-0.011,-0.56,-0.00014382711581034137,10,1,100,0.02985200460651262,-10,-1,-100,3014.307771641761,-0.0026807283620227007,7.330501890338547e-05,0.9999964041544467,62.42136032977443,-1.9819747795062603,-1911.644375265565,71.57257526033219,-93.42821502685547,5409.951171875,True
1598628784.7112603,0,5,0.5,0.5,-1.95487275390625,-0.14,-0.011,-0.56,-0.0010656850270123063,10,1,100,0.030092586973764955,-10,-1,-100,3022.920493629412,-0.00268634586099745,5.626918552677033e-05,0.9999963901833315,62.45404905397234,-1.9787633261327717,-1908.8387594327658,71.57670751747357,-89.9384765625,5407.59375,True
1598628784.8105917,0,5,0.5,0.5,-1.8450768463134768,-0.14,-0.011,-0.56,-0.00040212439407430716,10,1,100,0.029828972749260666,-10,-1,-100,3028.6792357099475,-0.002689029978150139,4.6812021538280537e-05,0.9999963834566657,62.77729735520116,-1.9870832049068847,-1916.1760034762508,71.57942273251393,-87.29782104492188,5406.0224609375,True
1598628784.9111593,0,5,0.5,0.5,-1.7514506408691408,-0.14,-0.011,-0.56,2.239403884243883e-06,10,1,100,0.029789130150002306,-10,-1,-100,3034.436756185256,-0.0026910806155568214,4.1899526999817876e-05,0.9999963781582162,63.04349342315559,-1.9942760971327107,-1921.7470965916027,71.58198125548259,-85.31649780273438,5404.4521484375,True
1598628785.0113218,0,5,0.5,0.5,-1.2795839233398438,-0.14,-0.011,-0.56,0.0005009745670493315,10,1,100,0.02979898100911089,-10,-1,-100,3040.170351204113,-0.0026930068373010444,4.198669241832566e-05,0.9999963729690682,63.20425655607275,-1.99859556213203,-1924.0849753519362,71.58434835688982,-84.40679931640625,5402.8828125,True
1598628785.1135764,0,5,0.5,0.5,-0.6496413848876953,-0.14,-0.011,-0.56,0.0011250326515274446,10,1,100,0.02975282727995526,-10,-1,-100,3045.9286048429785,-0.002694310686499468,4.776569203000417e-05,0.9999963691975903,63.2626449312134,-1.9999198874894792,-1923.3028673219883,71.58666750725469,-84.58401489257812,5401.314453125,True
1598628785.2227764,0,5,0.5,0.5,0.12499544143676755,-0.14,-0.011,-0.56,0.0015915314862191918,10,1,100,0.02979766968913318,-10,-1,-100,3051.687102461816,-0.00269587746004308,5.7292922866199516e-05,0.9999963644745121,63.219140798410564,-1.9980547682795817,-1919.4366612714073,71.58910127784787,-85.842529296875,5399.74609375,True
1598628785.3186204,0,5,0.5,0.5,0.915337161254883,-0.14,-0.011,-0.56,0.0019499375868079064,10,1,100,0.029821908458414523,-10,-1,-100,3057.4206978608854,-0.002697497032399442,6.924106032471098e-05,0.9999963593510908,63.07810340405056,-1.9928697065110899,-1912.6330277446193,71.59160448100263,-87.99005126953125,5398.17822265625,True
1598628785.419227,0,5,0.5,0.5,1.5333870338439943,-0.14,-0.011,-0.56,0.0019681949212360067,10,1,100,0.02985983282410932,-10,-1,-100,3063.178707603365,-0.002699288800162133,8.028795389649003e-05,0.9999963536902612,62.86646902373742,-1.9848991476581226,-1903.7265930465958,71.59452070705244,-90.60060119628906,5396.61083984375,True
1598628785.5205066,0,5,0.5,0.5,1.525390831756592,-0.14,-0.011,-0.56,0.0018171635104417443,10,1,100,0.02994901536210437,-10,-1,-100,3068.937204358401,-0.0027017044167250955,8.896538384326238e-05,0.9999963464325284,62.75686410731657,-1.979419263678911,-1897.9210610618943,71.59701404908712,-92.68450164794922,5395.044921875,True
1598628785.6204925,0,5,0.5,0.5,1.0833869903564455,-0.14,-0.011,-0.56,0.0014464128244319851,10,1,100,0.03000823103775692,-10,-1,-100,3074.6712882822612,-0.0027044162336843703,9.347789693566817e-05,0.9999963386906565,62.927876050788775,-1.9822421185121684,-1900.6056939278471,71.59944493463368,-93.72344207763672,5393.4794921875,True
1598628785.7202377,0,5,0.5,0.5,0.45367969665527347,-0.14,-0.011,-0.56,0.0010087999735778497,10,1,100,0.0300162390197177,-10,-1,-100,3080.4288093332434,-0.0027069327872363894,9.358354394097012e-05,0.9999963318717753,62.99776616075464,-1.9816658167581642,-1900.2382798992733,71.6020489879043,-93.65454864501953,5391.9150390625,True
1598628785.8194478,0,5,0.5,0.5,-0.32505427932739256,-0.14,-0.011,-0.56,0.0005619892753000702,10,1,100,0.030073856293687456,-10,-1,-100,3086.2068383026635,-0.0027097256412050054,8.9583749090161e-05,0.9999963246740966,62.96719912450758,-1.9780556349752851,-1896.8489314450592,71.60473396562288,-92.48111724853516,5390.3505859375,True
1598628785.9193177,0,5,0.5,0.5,-1.0491626815795898,-0.14,-0.011,-0.56,0.0003291886031625646,10,1,100,0.03007896607138523,-10,-1,-100,3091.941165771452,-0.002712292237643677,8.379231881767366e-05,0.9999963182180547,63.00260310393304,-1.9770028163942288,-1895.4558369872518,71.60746697037862,-90.49978637695312,5388.78662109375,True
1598628786.0205665,0,5,0.5,0.5,-1.3890091598510743,-0.14,-0.011,-0.56,0.00024511178026896414,10,1,100,0.030040479369149525,-10,-1,-100,3097.69893085456,-0.002714256344729339,7.772496309654531e-05,0.9999963133788671,63.27713693794143,-1.9841452353714868,-1901.2507915358271,71.61010436241835,-88.42108154296875,5387.22314453125,True
1598628786.1201348,0,5,0.5,0.5,-1.190217839050293,-0.14,-0.011,-0.56,0.0003953657480842527,10,1,100,0.030029570197443928,-10,-1,-100,3103.4576727983076,-0.0027159234046031364,7.354264099322377e-05,0.9999963091689591,63.492240084627454,-1.9900200833474684,-1905.2444268977965,71.61265973956662,-87.03579711914062,5385.6611328125,True
1598628786.2206354,0,5,0.5,0.5,-0.6308320358276368,-0.14,-0.011,-0.56,0.0006151188636110672,10,1,100,0.030003306337755394,-10,-1,-100,3109.1907791492995,-0.0027171805032929625,7.171485199593594e-05,0.999996305886723,63.599304872023666,-1.992822096701825,-1905.9867708168379,71.61511007827798,-86.72283935546875,5384.0986328125,True
1598628786.3202767,0,5,0.5,0.5,0.0864143814086914,-0.14,-0.011,-0.56,0.0008670876093949536,10,1,100,0.03000676363713546,-10,-1,-100,3114.9497676020255,-0.002718335383875123,7.233073975177349e-05,0.9999963027036675,63.59806159059074,-1.9922163305520013,-1903.5318299735952,71.61935191969691,-87.4957275390625,5382.5341796875,True
1598628786.420413,0,5,0.5,0.5,0.8126845901489259,-0.14,-0.011,-0.56,0.0010202616476996222,10,1,100,0.03002595050183711,-10,-1,-100,3120.7277961198706,-0.0027195407574003064,7.428032016946183e-05,0.9999962992834037,63.49790224907952,-1.9881699229176724,-1898.1448663292651,71.62414198225011,-89.15234375,5380.9697265625,True
1598628786.521245,0,5,0.5,0.5,1.2528062896728518,-0.14,-0.011,-0.56,0.0010391271213954908,10,1,100,0.03007383543076761,-10,-1,-100,3126.461144351517,-0.0027210534581796246,7.622963179525642e-05,0.999996295021697,63.34151163848757,-1.9817318005667532,-1891.0537816602348,71.62713272014753,-91.10865783691406,5379.4091796875,True
1598628786.623492,0,5,0.5,0.5,1.1872401588439943,-0.14,-0.011,-0.56,0.000811503012878599,10,1,100,0.030104238563982144,-10,-1,-100,3132.2191538074985,-0.0027226874427887238,7.594400115223249e-05,0.9999962905959189,63.30308373382129,-1.9782656974879396,-1887.4878213235638,71.62962772618613,-92.58251953125,5377.85009765625,True
1598628786.7712345,0,5,0.5,0.5,0.6264177307128906,-0.14,-0.011,-0.56,0.0007230454224704946,10,1,100,0.030071232108621188,-10,-1,-100,3135.0987687223824,-0.0027238562144672558,7.489611692375836e-05,0.9999962874920558,63.3755917694811,-1.9791877766485415,-1888.4413028989911,71.63084328121205,-92.96222686767578,5377.07080078125,True
1598628786.8721638,0,5,0.5,0.5,-0.4518007934570313,-0.14,-0.011,-0.56,-0.0002801943835674713,10,1,100,0.030398617262341217,-10,-1,-100,3146.6096603352344,-0.002727879577911348,6.484012159481603e-05,0.9999962772274541,63.408520812937255,-1.9745252370985389,-1884.6030585601545,71.63559578771564,-91.72676849365234,5373.9560546875,True
1598628786.9732404,0,5,0.5,0.5,-1.211162223815918,-0.14,-0.011,-0.56,-7.314208517908113e-05,10,1,100,0.030201291320508653,-10,-1,-100,3152.368890343816,-0.002729726805265039,5.760309548794049e-05,0.9999962726297794,63.6061617546203,-1.9783338863299946,-1888.0762916991266,71.63813200600607,-89.65478515625,5372.3994140625,True
1598628787.079204,0,5,0.5,0.5,-1.5875598648071292,-0.14,-0.011,-0.56,0.00010101690496367778,10,1,100,0.030159612871465822,-10,-1,-100,3158.1268989916425,-0.002731011358261077,5.263105277692393e-05,0.999996269396508,63.894248411230734,-1.9856624610565063,-1894.2121854897132,71.64019995089001,-87.4608154296875,5370.84375,True
1598628787.1733346,0,5,0.5,0.5,-1.3649613723754883,-0.14,-0.011,-0.56,0.0003102360649148275,10,1,100,0.030170678769993436,-10,-1,-100,3163.8607382514747,-0.0027322645009590606,5.003581895766444e-05,0.9999962661065858,64.11296656334811,-1.991472280048774,-1898.2759486862421,71.64224056141902,-86.025146484375,5369.2890625,True
1598628787.2723787,0,5,0.5,0.5,-0.812443327331543,-0.14,-0.011,-0.56,0.0007744795481096959,10,1,100,0.03011175215188815,-10,-1,-100,3169.6387669410324,-0.0027328531695232196,5.191828062559603e-05,0.9999962644020458,64.22217304381618,-1.994253820741212,-1899.0891119925316,71.64425090856943,-85.66751098632812,5367.734375,True
1598628787.3742192,0,5,0.5,0.5,-0.10187201080322261,-0.14,-0.011,-0.56,0.0011609411119941028,10,1,100,0.030190022035553488,-10,-1,-100,3175.3957996314857,-0.0027340856192819307,5.7160893242092395e-05,0.9999962607472384,64.2223501415911,-1.9937402239558404,-1896.684033801692,71.64630673572438,-86.39816284179688,5366.1806640625,True
1598628787.4742446,0,5,0.5,0.5,0.6869926895141603,-0.14,-0.011,-0.56,0.0014601820392371645,10,1,100,0.03017124695444319,-10,-1,-100,3181.1301273042336,-0.0027350210272021136,6.466106754703482e-05,0.9999962577324614,64.11614985326399,-1.9897129731876722,-1891.15438963748,71.64840635757814,-88.11135864257812,5364.62744140625,True
1598628787.6241682,0,5,0.5,0.5,1.2741142074584961,-0.14,-0.011,-0.56,0.0014940935296030278,10,1,100,0.030201090724380507,-10,-1,-100,3186.9081561074127,-0.0027361286320655267,7.17964388754198e-05,0.9999962542156746,63.93347891874422,-1.9827769731407694,-1883.3974364781325,71.65071310643546,-90.32229614257812,5363.07470703125,True
1598628787.7283661,0,5,0.5,0.5,1.8335311920166018,-0.14,-0.011,-0.56,0.00157547660258934,10,1,100,0.030395049553685743,-10,-1,-100,3195.5450477594277,-0.0027388851029587808,7.902701637648157e-05,0.9999962461245159,63.850574525160226,-1.9769872951134133,-1877.426731692553,71.65436461926205,-92.89144897460938,5360.74658203125,True
1598628787.8315105,0,5,0.5,0.5,0.8108024719238283,-0.14,-0.011,-0.56,0.0009188111025466956,10,1,100,0.03040711527058857,-10,-1,-100,3201.279863610398,-0.002741485948778883,7.962777954503708e-05,0.9999962389500319,63.979655083844506,-1.978202852820356,-1878.8763356882264,71.65687927178702,-93.48524475097656,5359.1953125,True
1598628787.9333677,0,5,0.5,0.5,0.12224052352905274,-0.14,-0.011,-0.56,0.00047375276572104546,10,1,100,0.030412186092309036,-10,-1,-100,3207.057647994836,-0.0027438804254179693,7.612364148838048e-05,0.9999962326556047,64.00531191220828,-1.9760993405364595,-1877.2893882369349,71.65936089995388,-92.97579956054688,5357.64453125,True
1598628787.9947014,0,5,0.5,0.5,-0.6512593521118164,-0.14,-0.011,-0.56,0.0001877807245663734,10,1,100,0.030431118495969287,-10,-1,-100,3212.8161455229856,-0.002746214788898135,7.032805786283786e-05,0.9999962266720297,63.92906339263748,-1.9711070528078536,-1872.722501029204,71.66184395459723,-91.4612808227539,5356.09423828125,True
1598628788.04113,0,5,0.5,0.5,-0.5000095115661621,-0.14,-0.011,-0.56,0.0003918793242976146,10,1,100,0.03030517810457623,-10,-1,-100,3215.6950290993555,-0.0027471770357914097,6.690321914410594e-05,0.9999962242640187,64.03651274075492,-1.9733119995056603,-1874.7151074263838,71.6634719745304,-90.46289825439453,5355.3193359375,True
1598628788.0936596,0,5,0.5,0.5,-0.6480004028320313,-0.14,-0.011,-0.56,0.0003918497074911357,10,1,100,0.03031299518194283,-10,-1,-100,3218.5494979977375,-0.002748108173963601,6.37764854594115e-05,0.999996221909875,64.17401400463186,-1.976612648159912,-1877.5937782180192,71.66546270932207,-89.44805908203125,5354.54296875,True
1598628788.1591644,0,5,0.5,0.5,-0.7064336853027344,-0.14,-0.011,-0.56,0.00038734643111934693,10,1,100,0.030345311022460682,-10,-1,-100,3221.4481545578456,-0.0027492340402402965,6.08805699003987e-05,0.9999962189957261,64.30264124661387,-1.9798048579684344,-1880.197639722823,71.66695918990021,-88.54733276367188,5353.767578125,True
1598628788.2612906,0,5,0.5,0.5,-0.7212102172851562,-0.14,-0.011,-0.56,0.00039372879672827687,10,1,100,0.0303569744370336,-10,-1,-100,3224.327036618255,-0.0027503486943782126,5.829779336203661e-05,0.9999962160845544,64.41460306487589,-1.9826260461955836,-1882.306212577145,71.6682555613889,-87.80111694335938,5352.9931640625,True
1598628788.361224,0,5,0.5,0.5,-0.966773291015625,-0.14,-0.011,-0.56,0.00026663240968048067,10,1,100,0.030453130006003113,-10,-1,-100,3230.0850454765605,-0.0027522213732441353,5.479335944480025e-05,0.9999962111304224,64.57969982596451,-1.9867621136204834,-1884.7886846883907,71.67047545180318,-86.85113525390625,5351.4453125,True
1598628788.4153311,0,5,0.5,0.5,-0.5615665191650391,-0.14,-0.011,-0.56,0.0005371276585559526,10,1,100,0.030446502227186298,-10,-1,-100,3235.8635624973103,-0.002753847919363874,5.4075528789909876e-05,0.9999962066915424,64.66383939035873,-1.9886219098062123,-1884.904440524753,71.67266835797531,-86.6719970703125,5349.89794921875,True
1598628788.4739535,0,5,0.5,0.5,-0.29840350341796873,-0.14,-0.011,-0.56,0.0006565938925582054,10,1,100,0.030369946709369898,-10,-1,-100,3238.718030637363,-0.0027546145299586705,5.452512205828957e-05,0.9999962045556986,64.67440561429237,-1.988593437274892,-1884.0442711598826,71.67372898789898,-86.91036987304688,5349.12451171875,True
1598628788.5850203,0,5,0.5,0.5,-0.13121743164062502,-0.14,-0.011,-0.56,0.0007217420873931987,10,1,100,0.030388185044366783,-10,-1,-100,3241.597401115345,-0.0027554629522475484,5.554837397742396e-05,0.9999962021619366,64.66028982764693,-1.9877704612881977,-1882.4645333469114,71.674664162541,-87.34930419921875,5348.3515625,True
1598628788.6811652,0,5,0.5,0.5,0.46044673004150394,-0.14,-0.011,-0.56,0.0009830609909012166,10,1,100,0.03050159279050755,-10,-1,-100,3247.355166382971,-0.002757252518381018,5.8876119759044116e-05,0.999996197038845,64.58691287683435,-1.9845191133519378,-1878.0012400368837,71.67652567026457,-88.55532836914062,5346.80615234375,True
1598628788.8352778,0,5,0.5,0.5,0.8128431228637697,-0.14,-0.011,-0.56,0.0010760838442103542,10,1,100,0.03051177060170148,-10,-1,-100,3253.1334393227007,-0.002758959765792333,6.276268506489945e-05,0.9999961920936781,64.47639189735025,-1.979713693989029,-1872.4804838165933,71.67864734823871,-90.030517578125,5345.2607421875,True
1598628788.9391434,0,5,0.5,0.5,1.2147775840759278,-0.14,-0.011,-0.56,0.0011054197045704043,10,1,100,0.03068980250704187,-10,-1,-100,3261.7659388220636,-0.0027621186944176276,6.656949350331198e-05,0.999996183127126,64.32906804260125,-1.9721326395979686,-1864.8485831122616,71.68538463448402,-91.787109375,5342.9375,True
1598628788.993653,0,5,0.5,0.5,0.47064705810546875,-0.14,-0.011,-0.56,0.0006916532623448526,10,1,100,0.030609103947305597,-10,-1,-100,3267.5244362582453,-0.0027642432411169966,6.626901872312816e-05,0.9999961772765539,64.38014831531154,-1.971203206066427,-1864.1109761322891,71.69033289461164,-92.12725830078125,5341.388671875,True
1598628789.0471349,0,5,0.5,0.5,0.1489501647949219,-0.14,-0.011,-0.56,0.0006173153962210266,10,1,100,0.030509496119169567,-10,-1,-100,3270.4033175692894,-0.0027652544532541378,6.531779510977744e-05,0.9999961745433801,64.3984122365391,-1.9704793573750654,-1863.5290182834055,71.69264708213952,-91.93560028076172,5340.615234375,True
1598628789.0998523,0,5,0.5,0.5,-0.013458452606201182,-0.14,-0.011,-0.56,0.0006049578433036343,10,1,100,0.030548229934957902,-10,-1,-100,3273.2821992763784,-0.00276651129860142,6.433667113911015e-05,0.9999961711306835,64.40300002241496,-1.9693754461209576,-1862.5429977385754,71.6945610900617,-91.54493713378906,5339.841796875,True
1598628789.1551611,0,5,0.5,0.5,-0.13176761856079106,-0.14,-0.011,-0.56,0.000520376163185802,10,1,100,0.030537560607388062,-10,-1,-100,3276.156442693202,-0.0027675421981172028,6.267032600308952e-05,0.9999961683839652,64.47777076988875,-1.970491300392442,-1863.5817419096113,71.69624584398083,-91.05751037597656,5339.06982421875,True
1598628789.2151353,0,5,0.5,0.5,-0.21509241867065432,-0.14,-0.011,-0.56,0.0005224848617866843,10,1,100,0.03052821551290914,-10,-1,-100,3279.035568849067,-0.002768380496068221,6.116747589711671e-05,0.9999961661566352,64.5585352228144,-1.9718769028315795,-1864.790312812596,71.6978213674209,-90.54192352294922,5338.2978515625,True
1598628789.3191197,0,5,0.5,0.5,-0.2730094192504883,-0.14,-0.011,-0.56,0.00047543083282950045,10,1,100,0.030573825045589267,-10,-1,-100,3281.914451225428,-0.002769544005796508,5.936703740379684e-05,0.9999961630434163,64.63913091017723,-1.973348072857217,-1865.9909468666763,71.69931181459201,-90.04063415527344,5337.5263671875,True
1598628789.3801274,0,5,0.5,0.5,-0.5908658721923828,-0.14,-0.011,-0.56,0.00028522962669943005,10,1,100,0.030637480319207593,-10,-1,-100,3287.692723895074,-0.0027711668539679916,5.599677152200949e-05,0.9999961587419369,64.78604890038048,-1.9761071583171506,-1867.9739916791248,71.70215311418178,-89.18060302734375,5335.9833984375,True
1598628789.4312427,0,5,0.5,0.5,-0.3428602325439454,-0.14,-0.011,-0.56,0.0004946927322096834,10,1,100,0.030612763068722938,-10,-1,-100,3290.5718505028635,-0.0027724031919360978,5.483669586361913e-05,0.9999961553793484,64.84955753731286,-1.977285097161371,-1868.6775253606904,71.7035821211131,-88.843994140625,5335.2119140625,True
1598628789.4933615,0,5,0.5,0.5,-0.32987485351562507,-0.14,-0.011,-0.56,0.00048520114457233646,10,1,100,0.030529705113835355,-10,-1,-100,3293.4504888788797,-0.0027727582898867116,5.369946667192058e-05,0.9999961544565226,64.90495254392985,-1.9782670359750174,-1869.1470590775523,71.70502002845281,-88.59280395507812,5334.44140625,True
1598628789.5884607,0,5,0.5,0.5,-0.2904877105712891,-0.14,-0.011,-0.56,0.0004917085495460987,10,1,100,0.030634961014355304,-10,-1,-100,3296.3301031459123,-0.002774025433915547,5.273301946867699e-05,0.9999961509936529,64.94838756673533,-1.9789215318171842,-1869.266420181684,71.70622314752207,-88.45037841796875,5333.6708984375,True
1598628789.652431,0,5,0.5,0.5,-0.21901407165527345,-0.14,-0.011,-0.56,0.0005358775890003742,10,1,100,0.03068442892566282,-10,-1,-100,3302.083961860044,-0.0027756162670086494,5.226854643716226e-05,0.9999961466037444,65.00300413632922,-1.9792949108358384,-1868.576960894439,71.70855212918664,-88.44378662109375,5332.1298828125,True
1598628789.7492619,0,5,0.5,0.5,-0.1323230926513672,-0.14,-0.011,-0.56,0.0005975952561612741,10,1,100,0.03061055114998456,-10,-1,-100,3304.962844386464,-0.002776380523654493,5.24200956302352e-05,0.9999961444742281,65.01573568650996,-1.9790308965056156,-1867.8156893772102,71.70975418153866,-88.56814575195312,5331.3603515625,True
1598628789.905328,0,5,0.5,0.5,0.11636833724975584,-0.14,-0.011,-0.56,0.0006963957244041972,10,1,100,0.030714796934627482,-10,-1,-100,3310.74014010292,-0.0027780128767652865,5.3467778880218576e-05,0.9999961398853763,65.01578353169036,-1.977652077888641,-1865.5644520487062,71.71199258832354,-89.0281982421875,5329.8212890625,True
1598628790.0113032,0,5,0.5,0.5,0.5710362953186036,-0.14,-0.011,-0.56,0.0008208318941391883,10,1,100,0.03082061529986458,-10,-1,-100,3319.372392748366,-0.002780448363297105,5.556133691621147e-05,0.9999961330024417,64.97254744896435,-1.973911814732738,-1860.965156013153,71.71548272397652,-90.04972076416016,5327.51318359375,True
1598628790.117279,0,5,0.5,0.5,0.49760350799560554,-0.14,-0.011,-0.56,0.0007301182391928026,10,1,100,0.030769003134714007,-10,-1,-100,3325.130890237284,-0.0027821815075835896,5.664636462131684e-05,0.9999961281211285,64.93155690403279,-1.9707177070656223,-1857.5646294306007,71.71788462149348,-90.76361846923828,5325.9755859375,True
1598628790.2228425,0,5,0.5,0.5,0.33232903137207037,-0.14,-0.011,-0.56,0.0005798966576419475,10,1,100,0.03078985762723719,-10,-1,-100,3330.8952466341434,-0.002783934133220136,5.627121280392832e-05,0.9999961232646318,64.92049498328741,-1.9681872850224793,-1855.0260847677646,71.72016551775639,-91.09828186035156,5324.4384765625,True
1598628790.3273404,0,5,0.5,0.5,-0.03221419067382812,-0.14,-0.011,-0.56,0.00048650483009599814,10,1,100,0.03078515781866563,-10,-1,-100,3336.6310386798577,-0.0027854716217868697,5.5083963469157274e-05,0.9999961190492698,64.977030256128,-1.9676388577463835,-1854.4208666153845,71.72228978441541,-90.84357452392578,5322.90234375,True
1598628790.4303057,0,5,0.5,0.5,-0.39584054946899416,-0.14,-0.011,-0.56,0.000453232073463299,10,1,100,0.030763688893868955,-10,-1,-100,3342.3553558178246,-0.0027866611622877316,5.370299611184347e-05,0.999996115810234,65.0923565302525,-1.9690212433001653,-1855.489834186086,71.72419310762876,-90.11772918701172,5321.3671875,True
1598628790.4841602,0,5,0.5,0.5,-0.6237883483886719,-0.14,-0.011,-0.56,0.0004139115189232362,10,1,100,0.030773554398970664,-10,-1,-100,3348.107017329894,-0.0027878192873618474,5.209114229096833e-05,0.9999961126675112,65.23731888490939,-1.9716087732092962,-1857.3990707027392,71.72597860644944,-89.20941162109375,5319.8330078125,True
1598628790.5362437,0,5,0.5,0.5,-0.39224765319824223,-0.14,-0.011,-0.56,0.0005595961240358456,10,1,100,0.030721963151629613,-10,-1,-100,3350.9746691395994,-0.0027883894251829657,5.1951688249724605e-05,0.9999961110851558,65.30765711790484,-1.9729657526544024,-1858.2897366132681,71.72679559267662,-88.81256103515625,5319.06640625,True
1598628790.5962408,0,5,0.5,0.5,-0.355080453491211,-0.14,-0.011,-0.56,0.0005483216866976131,10,1,100,0.03072445586662017,-10,-1,-100,3353.842565137893,-0.0027889173351645625,5.172312726480906e-05,0.9999961096248404,65.36659985425676,-1.9740529115280903,-1858.8552465441298,71.7275994595117,-88.547607421875,5318.30029296875,True
1598628790.6441228,0,5,0.5,0.5,-0.2999882232666016,-0.14,-0.011,-0.56,0.0005812298370019388,10,1,100,0.030713033355447873,-10,-1,-100,3356.726574061904,-0.0027892813204388515,5.181500538962731e-05,0.9999961086048887,65.40885697169682,-1.9746889625774486,-1858.945032526634,71.72835372187446,-88.4141845703125,5317.53369140625,True
1598628790.7022338,0,5,0.5,0.5,-0.24278697509765626,-0.14,-0.011,-0.56,0.0006271622034652386,10,1,100,0.03074157246557457,-10,-1,-100,3359.594226439134,-0.002789859934601371,5.231664800752899e-05,0.9999961069646791,65.43819965131428,-1.9749627750834888,-1858.6692844994182,71.7291462163295,-88.389404296875,5316.767578125,True
1598628790.8050702,0,5,0.5,0.5,-0.183683740234375,-0.14,-0.011,-0.56,0.0006468082264627661,10,1,100,0.030766552977666867,-10,-1,-100,3362.434778463794,-0.002790602272988286,5.295233344275594e-05,0.9999961048599163,65.45642122376812,-1.9749104478908495,-1858.078568549507,71.72993287475221,-88.45501708984375,5316.00146484375,True
1598628790.8615768,0,5,0.5,0.5,0.018721631622314466,-0.14,-0.011,-0.56,0.0008269113858537202,10,1,100,0.03080377689034467,-10,-1,-100,3368.1861961547984,-0.0027916062944464697,5.516990256331044e-05,0.9999961019376918,65.46676725806519,-1.9739934902310257,-1856.1639181023436,71.73162002191879,-88.79916381835938,5314.46923828125,True
1598628791.0154526,0,5,0.5,0.5,0.0062940078735351235,-0.14,-0.011,-0.56,0.0007413291147572792,10,1,100,0.030773519999969072,-10,-1,-100,3371.0540921117645,-0.002792235410598801,5.6409196082990524e-05,0.9999961001121026,65.46104958040362,-1.9731709315785508,-1854.902811238723,71.73255135472638,-89.059814453125,5313.70361328125,True
1598628791.1206286,0,5,0.5,0.5,0.436749447631836,-0.14,-0.011,-0.56,0.0010517436122651014,10,1,100,0.030888796032443034,-10,-1,-100,3379.672917018179,-0.0027938477516894307,6.03576510934262e-05,0.9999960953782242,65.42855865216323,-1.970000196702633,-1850.7012636644424,71.73546484072781,-89.886474609375,5311.40625,True
1598628791.2252235,0,5,0.5,0.5,0.3362252021789551,-0.14,-0.011,-0.56,0.0009030014436960548,10,1,100,0.03088253794686623,-10,-1,-100,3385.3984556131763,-0.002795249009966666,6.259015985444524e-05,0.9999960913250833,65.40913238187444,-1.9677416119435553,-1847.9814499309186,71.73769893444481,-90.40570068359375,5309.87548828125,True
1598628791.3260837,0,5,0.5,0.5,0.23305335388183596,-0.14,-0.011,-0.56,0.0007844305693276722,10,1,100,0.030897364501613598,-10,-1,-100,3391.1330268828897,-0.0027966498608548752,6.353371699407489e-05,0.9999960873488568,65.40724458744835,-1.9658543553774066,-1845.7635813381605,71.73988095372117,-90.6732406616211,5308.34521484375,True
1598628791.4242792,0,5,0.5,0.5,-0.027492501068115238,-0.14,-0.011,-0.56,0.0006942113533097041,10,1,100,0.03093242028104332,-10,-1,-100,3396.884932179819,-0.00279823402277216,6.35609191802084e-05,0.9999960829155099,65.45603898265387,-1.9654561568806173,-1844.9818569759893,71.7420896093915,-90.51276397705078,5306.8154296875,True
1598628791.5272634,0,5,0.5,0.5,-0.2778886657714844,-0.14,-0.011,-0.56,0.0006538314129410142,10,1,100,0.030908784244007996,-10,-1,-100,3402.6361051982967,-0.0027994503472715624,6.320800422704124e-05,0.9999960795335656,65.54638656531714,-1.9664222746954971,-1845.3740737075827,71.74431123954324,-90.02400207519531,5305.28662109375,True
1598628791.58914,0,5,0.5,0.5,-0.4346212600708008,-0.14,-0.011,-0.56,0.0006203199276459592,10,1,100,0.030947764647204976,-10,-1,-100,3408.344797616359,-0.0028009008886527124,6.257208178787766e-05,0.9999960755117723,65.65865147313635,-1.9682655482675504,-1846.3853119953549,71.74660612039222,-89.40676879882812,5303.7578125,True
1598628791.635194,0,5,0.5,0.5,-0.27565344085693366,-0.14,-0.011,-0.56,0.0006393384143089609,10,1,100,0.030883153203263944,-10,-1,-100,3411.2285627626115,-0.002801621622628645,6.21570866524851e-05,0.9999960735186815,65.71333518676727,-1.9692346911985494,-1846.8497667576696,71.7477502722775,-89.13851928710938,5302.99365234375,True
1598628791.6914492,0,5,0.5,0.5,-0.25917084503173826,-0.14,-0.011,-0.56,0.0006542245982480094,10,1,100,0.03087569301588896,-10,-1,-100,3414.0962146590464,-0.00280219832300515,6.190620143916961e-05,0.9999960719183756,65.76065797085526,-1.9700374424312848,-1847.1073275931863,71.7488929520783,-88.9462890625,5302.2294921875,True
1598628791.7464736,0,5,0.5,0.5,-0.22513007965087894,-0.14,-0.011,-0.56,0.0007140635151402486,10,1,100,0.03088042086979375,-10,-1,-100,3416.9804678965593,-0.002802755034701092,6.221397424608824e-05,0.9999960703390971,65.7977938579019,-1.9705713036071817,-1847.0762106718846,71.74991927612334,-88.84036254882812,5301.4658203125,True
1598628791.801244,0,5,0.5,0.5,-0.1883672317504883,-0.14,-0.011,-0.56,0.0006793351630189825,10,1,100,0.030883680470288,-10,-1,-100,3419.847875523148,-0.00280328063375621,6.217165171338206e-05,0.9999960688684602,65.82576077806289,-1.9708536380716397,-1846.7883348246135,71.75094702504796,-88.80807495117188,5300.70263671875,True
1598628791.858117,0,5,0.5,0.5,-0.14761997528076176,-0.14,-0.011,-0.56,0.0007360472049291423,10,1,100,0.03092484873124493,-10,-1,-100,3422.716015652637,-0.0028041226668848733,6.264350210498662e-05,0.9999960664781941,65.8457792937964,-1.9709065235464638,-1846.2785914495673,71.7519814348936,-88.84085083007812,5299.939453125,True
1598628791.9114778,0,5,0.5,0.5,-0.10549440460205078,-0.14,-0.011,-0.56,0.0007672016316034728,10,1,100,0.030902878381343826,-10,-1,-100,3425.5992924491875,-0.0028046790802616524,6.33536010207469e-05,0.9999960648730463,65.858908990448,-1.9707513278696882,-1845.5771900644795,71.75302778419605,-88.92889404296875,5299.17626953125,True
1598628791.967221,0,5,0.5,0.5,-0.0636466018676758,-0.14,-0.011,-0.56,0.0007227593095223766,10,1,100,0.03093518234967332,-10,-1,-100,3428.440333290724,-0.0028054700102523606,6.359443034236782e-05,0.9999960626391335,65.8662116619056,-1.9704088067950174,-1844.7142380671412,71.75408786837657,-89.06143188476562,5298.4130859375,True
1598628792.0224295,0,5,0.5,0.5,-0.023814366912841806,-0.14,-0.011,-0.56,0.0007850032642762628,10,1,100,0.030920342909242577,-10,-1,-100,3431.30774085375,-0.002806046115195091,6.437916502946918e-05,0.9999960609725032,65.86903180046718,-1.9699118509785123,-1843.7277134625988,71.75516178108111,-89.22689819335938,5297.650390625,True
1598628792.0900538,0,5,0.5,0.5,0.012868714904785153,-0.14,-0.011,-0.56,0.0007798101552717276,10,1,100,0.030930285316061686,-10,-1,-100,3434.191994324792,-0.002806653130575544,6.504460625783894e-05,0.999996059225937,65.86859494962727,-1.9692902975142172,-1842.6520762946645,71.75624836304331,-89.4136962890625,5296.8876953125,True
1598628792.236923,0,5,0.5,0.5,0.04531322326660156,-0.14,-0.011,-0.56,0.0007841584640731963,10,1,100,0.030956308823767494,-10,-1,-100,3437.0594020970166,-0.0028074349920975505,6.568741327088772e-05,0.9999960569891907,65.86622764537495,-1.9685800510607547,-1841.5244782839306,71.75734730322267,-89.61044311523438,5296.125,True
1598628792.2942767,0,5,0.5,0.5,0.34382232971191407,-0.14,-0.011,-0.56,0.0008521439145767756,10,1,100,0.031158604181707312,-10,-1,-100,3445.678715314949,-0.0028099788839138777,6.688700071325278e-05,0.9999960497645983,65.8572882572064,-1.9661870347717445,-1838.1054545843272,71.7608251517581,-90.19396209716797,5293.83740234375,True
1598628792.3482895,0,5,0.5,0.5,0.1424611915588379,-0.14,-0.011,-0.56,0.0007796065771287421,10,1,100,0.03101122041690882,-10,-1,-100,3448.562480575987,-0.0028109440629202932,6.731380448945637e-05,0.9999960470233503,65.8555113155366,-1.9653512332694139,-1837.005087944062,71.7620804766825,-90.3714599609375,5293.0751953125,True
1598628792.404156,0,5,0.5,0.5,0.12885096206665042,-0.14,-0.011,-0.56,0.0007467407875131565,10,1,100,0.03099689234290848,-10,-1,-100,3451.4035209321883,-0.002811683292489836,6.739811201399951e-05,0.9999960449394574,65.85702415844287,-1.964580753919411,-1835.997316885593,71.76330328981477,-90.49177551269531,5292.31298828125,True
1598628792.468374,0,5,0.5,0.5,0.10333978805541993,-0.14,-0.011,-0.56,0.0006882836854117651,10,1,100,0.03107821434103374,-10,-1,-100,3454.2711725260597,-0.0028130864936652964,6.693861416469161e-05,0.9999960410239639,65.86706098617739,-1.9640405717481242,-1835.2267185136106,71.76445009857288,-90.54898834228516,5291.55078125,True
1598628792.5242534,0,5,0.5,0.5,0.08270581207275392,-0.14,-0.011,-0.56,0.0007136547278727526,10,1,100,0.031052798517925168,-10,-1,-100,3457.1546936393715,-0.0028141221637420833,6.674720108546495e-05,0.9999960381227812,65.883019584947,-1.9636628277275059,-1834.6222757227024,71.76559548987815,-90.56254577636719,5290.78955078125,True
1598628792.5721428,0,5,0.5,0.5,0.05981619873046875,-0.14,-0.011,-0.56,0.0006375905691567258,10,1,100,0.03103370129837452,-10,-1,-100,3460.02258979436,-0.0028148809804551954,6.587796620785821e-05,0.9999960360447231,65.90373783372442,-1.963421314243742,-1834.1523249898949,71.76678014693508,-90.5379867553711,5290.0283203125,True
1598628792.629507,0,5,0.5,0.5,0.03585637283325196,-0.14,-0.011,-0.56,0.000659454503440873,10,1,100,0.031072741415963487,-10,-1,-100,3462.906110505108,-0.00281591644953593,6.528422084426514e-05,0.999996033168392,65.92869810762848,-1.9633045940459237,-1833.8003824488253,71.76792835312659,-90.48158264160156,5289.2666015625,True
1598628792.6849287,0,5,0.5,0.5,0.013083669281005864,-0.14,-0.011,-0.56,0.0006077793923815384,10,1,100,0.031072931267181775,-10,-1,-100,3465.7740065987455,-0.002816850014221052,6.427314242182122e-05,0.9999960306046022,65.95697222831727,-1.9632921971913857,-1833.5413015281872,71.76907679554769,-90.40169525146484,5288.505859375,True
1598628792.788119,0,5,0.5,0.5,-0.00822644042968751,-0.14,-0.011,-0.56,0.0006148833670926409,10,1,100,0.031085524351532612,-10,-1,-100,3468.6421467075124,-0.002817803370247965,6.341865819207099e-05,0.9999960279732317,65.98750667377642,-1.9633553486341129,-1833.3457383796947,71.77022506262159,-90.30549621582031,5287.744140625,True
1598628792.941394,0,5,0.5,0.5,-0.10617322540283204,-0.14,-0.011,-0.56,0.0004400849101320527,10,1,100,0.031238015250759088,-10,-1,-100,3474.3667083404725,-0.002820046201865697,6.105425559998886e-05,0.9999960217979854,66.05247713630837,-1.9636351292136127,-1833.065473172979,71.77256039948956,-90.08721160888672,5286.22265625,True
1598628792.9975078,0,5,0.5,0.5,-0.22648572463989258,-0.14,-0.011,-0.56,0.00023672685090989228,10,1,100,0.03134407849830772,-10,-1,-100,3483.001646383782,-0.0028230378863051972,5.706030103032265e-05,0.9999960135926617,66.15345629504608,-1.9642485432468044,-1832.7520700718733,71.77631084016105,-89.73995971679688,5283.94091796875,True
1598628793.0535522,0,5,0.5,0.5,-0.10400233917236329,-0.14,-0.011,-0.56,0.000513293692308479,10,1,100,0.031176827315611742,-10,-1,-100,3485.86978658929,-0.0028242252623144237,5.595261061577955e-05,0.9999960103025276,66.18653581915868,-1.9644632779764846,-1832.6327475331059,71.77757244835176,-89.63784790039062,5283.1806640625,True
1598628793.107132,0,5,0.5,0.5,-0.08968907318115235,-0.14,-0.011,-0.56,0.0005158105022982874,10,1,100,0.031167621833937217,-10,-1,-100,3488.7374380679103,-0.002825208935035412,5.497882777871469e-05,0.9999960075779313,66.21652129779152,-1.9645954890492392,-1832.4270660865363,71.77878571150377,-89.5777587890625,5282.4208984375,True
1598628793.1631117,0,5,0.5,0.5,-0.07103689880371095,-0.14,-0.011,-0.56,0.00048763815967038063,10,1,100,0.031171977453528885,-10,-1,-100,3491.6214472354623,-0.002826130483466648,5.384874870679774e-05,0.9999960050354214,66.24052915443052,-1.964552146833129,-1832.0544757623202,71.77990903507094,-89.55776977539062,5281.66064453125,True
1598628793.269166,0,5,0.5,0.5,-0.05638322067260743,-0.14,-0.011,-0.56,0.0005012562232099286,10,1,100,0.03119709613436166,-10,-1,-100,3494.4888548116433,-0.002827184748239159,5.29571045512854e-05,0.9999960021029806,66.26083778946823,-1.964393974028772,-1831.5803686850088,71.78102919907273,-89.56427001953125,5280.9013671875,True
1598628793.3233557,0,5,0.5,0.5,-0.011368653106689448,-0.14,-0.011,-0.56,0.00041006094347054763,10,1,100,0.031320505982972445,-10,-1,-100,3500.2134164756862,-0.0028292532033974515,5.133000740912907e-05,0.9999959963377562,66.29364712134928,-1.963814799885171,-1830.4204081804062,71.78331595344567,-89.63534545898438,5279.38232421875,True
1598628793.377767,0,5,0.5,0.5,-0.01063548431396484,-0.14,-0.011,-0.56,0.0005445272334035684,10,1,100,0.03119621611595186,-10,-1,-100,3503.081312609953,-0.002829990643638492,5.1086474423649615e-05,0.9999959942635416,66.30697851863047,-1.9634112728652102,-1829.7578083790852,71.78448635462364,-89.69467163085938,5278.623046875,True
1598628793.4334722,0,5,0.5,0.5,0.0015683715820312485,-0.14,-0.011,-0.56,0.0004923178399631178,10,1,100,0.03120498681146102,-10,-1,-100,3505.9650774484035,-0.002830727982731246,5.040335699322839e-05,0.9999959922112635,66.31894093342704,-1.9629485723462883,-1829.0587142654747,71.78566092440394,-89.76080322265625,5277.86376953125,True
1598628793.4895325,0,5,0.5,0.5,0.011061754608154298,-0.14,-0.011,-0.56,0.0004840962133350915,10,1,100,0.031260977292098285,-10,-1,-100,3508.832485106541,-0.0028318946790318066,4.972020798298031e-05,0.9999959889421697,66.3304001026043,-1.962453230898774,-1828.3461104140226,71.78679991126648,-89.82827758789062,5277.1044921875,True
1598628793.5453236,0,5,0.5,0.5,0.019000559234619144,-0.14,-0.011,-0.56,0.0004939268706292347,10,1,100,0.03125042254033417,-10,-1,-100,3511.7164944242686,-0.002832846549462839,4.920098617652798e-05,0.9999959862717901,66.34178138857297,-1.9619361594358782,-1827.6325918319703,71.78794162503367,-89.89434814453125,5276.34619140625,True
1598628793.6472974,0,5,0.5,0.5,0.02506892700195313,-0.14,-0.011,-0.56,0.0005022958097942877,10,1,100,0.03125561133568262,-10,-1,-100,3514.5843902032357,-0.002833747420405493,4.881582331709313e-05,0.9999959837382213,66.35340636686074,-1.9614051467097506,-1826.9270378218562,71.78908706629905,-89.9561767578125,5275.587890625,True
1598628793.7015157,0,5,0.5,0.5,0.06236929626464845,-0.14,-0.011,-0.56,0.00043232227230676043,10,1,100,0.031357931294567445,-10,-1,-100,3520.3091960294405,-0.0028354868394940406,4.783704717473232e-05,0.9999959788549152,66.37893017063051,-1.9603603921088402,-1825.5831420400325,71.79142667551481,-90.05858612060547,5274.07080078125,True
1598628793.7572424,0,5,0.5,0.5,0.032404709625244145,-0.14,-0.011,-0.56,0.00046981861597824345,10,1,100,0.031280767259069295,-10,-1,-100,3523.1929610669613,-0.002836356400545301,4.7295504318182376e-05,0.9999959764146577,66.3930563191997,-1.959855524840753,-1824.951963785424,71.7926614763235,-90.0970458984375,5273.3125,True
1598628793.8602195,0,5,0.5,0.5,0.02801025772094727,-0.14,-0.011,-0.56,0.00045706738711587226,10,1,100,0.03131759817532616,-10,-1,-100,3526.0603687245166,-0.0028374716030437727,4.6694257207534084e-05,0.9999959732791669,66.40855002475854,-1.9593798273660383,-1824.3586166003438,71.7938608250616,-90.12071990966797,5272.5546875,True
1598628793.9173245,0,5,0.5,0.5,0.019131822204589845,-0.14,-0.011,-0.56,0.00038750948860348544,10,1,100,0.031380440127413714,-10,-1,-100,3531.81178559782,-0.0028390464038617457,4.5521828476376905e-05,0.9999959688635147,66.44480112982299,-1.9585568573827985,-1823.3184702430594,71.79621504469732,-90.12609100341797,5271.03857421875,True
1598628794.0214117,0,5,0.5,0.5,0.006642983245849613,-0.14,-0.011,-0.56,0.0004231375773236813,10,1,100,0.031301733387673045,-10,-1,-100,3534.679925615201,-0.0028397517418298763,4.478663523284935e-05,0.999995966893968,66.46513200233632,-1.9582023382377194,-1822.8616918086857,71.79745067372579,-90.11166381835938,5270.28076171875,True
1598628794.1263485,0,5,0.5,0.5,-0.023419614410400393,-0.14,-0.011,-0.56,0.0003653683273595746,10,1,100,0.03141564665477384,-10,-1,-100,3540.4310983754694,-0.0028414189891941546,4.3599051259219946e-05,0.9999959622104734,66.50910754304975,-1.9575876845338671,-1822.0397669530832,71.79984013060562,-90.05642700195312,5268.76611328125,True
1598628794.182456,0,5,0.5,0.5,-0.048143753814697265,-0.14,-0.011,-0.56,0.00034210575664495995,10,1,100,0.03141198611398352,-10,-1,-100,3546.1559038221603,-0.002842891001567627,4.231475829775529e-05,0.9999959580819386,66.55642960422959,-1.9570809322742804,-1821.3154791347627,71.80234184571526,-89.97634887695312,5267.251953125,True
1598628794.2371871,0,5,0.5,0.5,-0.032799231719970706,-0.14,-0.011,-0.56,0.0004552337055323235,10,1,100,0.031337935393233055,-10,-1,-100,3549.0394247291842,-0.0028435449489741097,4.2183008412395705e-05,0.9999959562281826,66.58073372296768,-1.9568534363976993,-1820.9706594521956,71.80352774730291,-89.93386840820312,5266.49462890625,True
1598628794.3441827,0,5,0.5,0.5,-0.033781104278564456,-0.14,-0.011,-0.56,0.0003941743591258885,10,1,100,0.031353415417899086,-10,-1,-100,3551.9073206017492,-0.002844269582958838,4.151500282161993e-05,0.9999959541953378,66.6045796655597,-1.9566173568322478,-1820.6139405146778,71.80470870081676,-89.8983154296875,5265.73828125,True
1598628794.4031885,0,5,0.5,0.5,-0.04757678909301759,-0.14,-0.011,-0.56,0.00041234731789505335,10,1,100,0.03146536196117289,-10,-1,-100,3557.658737426973,-0.0028459356523988107,4.107992098550246e-05,0.999995949473148,66.64893495121444,-1.9560623449524959,-1819.8107065447407,71.80701998664863,-89.85015869140625,5264.2255859375,True
1598628794.4620867,0,5,0.5,0.5,-0.030424121856689454,-0.14,-0.011,-0.56,0.0003873213020695282,10,1,100,0.03136285393673061,-10,-1,-100,3560.5432348181494,-0.0028465072896384077,4.046391544728325e-05,0.999995947871251,66.66981860085642,-1.9557503274612569,-1819.3755053215173,71.80819418519629,-89.8363037109375,5263.46923828125,True
1598628794.5191522,0,5,0.5,0.5,-0.02649871063232422,-0.14,-0.011,-0.56,0.00043370665953606884,10,1,100,0.031380859925578014,-10,-1,-100,3563.41015425534,-0.0028471806320728866,4.0332298327441106e-05,0.9999959459596593,66.68991760802568,-1.955416403242291,-1818.919853543505,71.80936957633821,-89.8311767578125,5262.712890625,True
1598628794.587369,0,5,0.5,0.5,-0.02195474090576172,-0.14,-0.011,-0.56,0.0004586897772205958,10,1,100,0.03141473294603389,-10,-1,-100,3566.2944074841216,-0.0028480908578978957,4.0446095839253714e-05,0.9999959433630611,66.70866528045248,-1.9550446175670668,-1818.427419492139,71.81050663767843,-89.833984375,5261.95703125,True
1598628794.6382358,0,5,0.5,0.5,-0.017925057220458986,-0.14,-0.011,-0.56,0.00042482361042990146,10,1,100,0.031378609650223516,-10,-1,-100,3569.135203627404,-0.002848580288454306,4.024735402586639e-05,0.9999959419770116,66.72663895375246,-1.9546495590460145,-1817.9149109314676,71.81164413414226,-89.84243774414062,5261.201171875,True
1598628794.7453144,0,5,0.5,0.5,-0.013763809204101564,-0.14,-0.011,-0.56,0.00040428026741769034,10,1,100,0.03139905605961533,-10,-1,-100,3572.0194571432658,-0.0028492024346049747,3.988471696308555e-05,0.9999959402191071,66.74390684954186,-1.954230690558765,-1817.3842223715028,71.81278332406852,-89.8555908203125,5260.44580078125,True
1598628794.8045325,0,5,0.5,0.5,0.003198162841796876,-0.14,-0.011,-0.56,0.00047088668473690813,10,1,100,0.031484861190908334,-10,-1,-100,3577.771118405857,-0.0028505394771239055,4.0165016080068374e-05,0.999995936397474,66.77712455817905,-1.9533454786027393,-1816.2903193646584,71.81507038757161,-89.8907470703125,5258.935546875,True
1598628794.9161751,0,5,0.5,0.5,-0.002230667114257812,-0.14,-0.011,-0.56,0.0004304770785635966,10,1,100,0.0314092746912058,-10,-1,-100,3580.6380375478184,-0.0028510595289729743,4.0055595253185517e-05,0.9999959349192935,66.79311916258527,-1.9528821349706198,-1815.7292498623506,71.81625646651031,-89.911376953125,5258.18017578125,True
1598628794.9741406,0,5,0.5,0.5,0.011245837402343754,-0.14,-0.011,-0.56,0.0004843098128538139,10,1,100,0.03147027825795237,-10,-1,-100,3586.389942453243,-0.002852079455326728,4.0447564052334504e-05,0.9999959319951133,66.8254354065579,-1.9519589011887202,-1814.619481515219,71.81863701691955,-89.94723510742188,5256.669921875,True
1598628795.0862193,0,5,0.5,0.5,0.0007289245605468751,-0.14,-0.011,-0.56,0.0004427545108383465,10,1,100,0.03144310958537419,-10,-1,-100,3589.273707422195,-0.0028527519145282003,4.042770152811121e-05,0.9999959300777754,66.84205911095096,-1.9515097186491932,-1814.0788755255137,71.81982886024983,-89.96087646484375,5255.9150390625,True
1598628795.1444356,0,5,0.5,0.5,0.002835705566406251,-0.14,-0.011,-0.56,0.0005123279160659995,10,1,100,0.031506860401619374,-10,-1,-100,3594.9982690073084,-0.0028539350827394318,4.1043118645699154e-05,0.9999959266767071,66.87646998532064,-1.950645424257029,-1813.0322885302332,71.82220762839444,-89.97470092773438,5254.40625,True
1598628795.1984644,0,5,0.5,0.5,-0.004747634887695313,-0.14,-0.011,-0.56,0.00044532655646792394,10,1,100,0.03144526063700087,-10,-1,-100,3597.8661645794054,-0.002854443420134619,4.099351894019642e-05,0.9999959252278444,66.89457506899997,-1.9502410789155304,-1812.535843015999,71.82343581304482,-89.9747314453125,5253.65185546875,True
1598628795.2551036,0,5,0.5,0.5,-0.006919583129882813,-0.14,-0.011,-0.56,0.00047600470968838746,10,1,100,0.03146696060537852,-10,-1,-100,3600.749929427053,-0.0028550956028150437,4.122683914311369e-05,0.9999959233564137,66.91314018909188,-1.9498542569874802,-1812.051929839247,71.82462306937995,-89.971435546875,5252.8974609375,True
1598628795.3081377,0,5,0.5,0.5,-0.008807534790039064,-0.14,-0.011,-0.56,0.0004890665482722291,10,1,100,0.03143384608467288,-10,-1,-100,3603.6175814605085,-0.002855380259635613,4.155687918669551e-05,0.9999959225299864,66.93190648424275,-1.9494768114726504,-1811.5735054483314,71.82576904651489,-89.96588134765625,5252.1435546875,True
1598628795.3632567,0,5,0.5,0.5,-0.010209078979492189,-0.14,-0.011,-0.56,0.0004482254919743028,10,1,100,0.03146662976053599,-10,-1,-100,3606.5015903122257,-0.0028559304452514885,4.148462345692744e-05,0.9999959209618399,66.95081583309258,-1.9491084520011277,-1811.0998754816644,71.82691206778414,-89.959228515625,5251.3896484375,True
1598628795.4692388,0,5,0.5,0.5,-0.011332440185546876,-0.14,-0.011,-0.56,0.0005131916327667414,10,1,100,0.03147285621645775,-10,-1,-100,3609.3692423151806,-0.002856480536177212,4.200841291940494e-05,0.999995919368794,66.96980143349653,-1.9487464090580986,-1810.629253987622,71.82805453005771,-89.95211791992188,5250.63671875,True
1598628795.5273337,0,5,0.5,0.5,-0.016921450805664064,-0.14,-0.011,-0.56,0.0005008811976858065,10,1,100,0.03156195844008221,-10,-1,-100,3615.1204147702083,-0.0028577840225957533,4.237074147914297e-05,0.9999959156292593,67.00756611336217,-1.948031862460636,-1809.686479461402,71.83038547161964,-89.93829345703125,5249.12939453125,True
1598628795.5851998,0,5,0.5,0.5,-0.01359217224121094,-0.14,-0.011,-0.56,0.00046841294701209854,10,1,100,0.031485988747139176,-10,-1,-100,3618.0046681314707,-0.0028582717907263346,4.240295995878104e-05,0.9999959142338329,67.0264201948472,-1.9476819824844875,-1809.2162412233279,71.831571903167,-89.93191528320312,5248.37646484375,True
1598628795.6411412,0,5,0.5,0.5,-0.0134798583984375,-0.14,-0.011,-0.56,0.0004976360321806824,10,1,100,0.031498400130888934,-10,-1,-100,3620.8452200891916,-0.0028588214904593577,4.2695779928434055e-05,0.9999959126500247,67.04523935451553,-1.9473349637302895,-1808.7460224453303,71.83275896381105,-89.92694091796875,5247.62353515625,True
1598628795.707362,0,5,0.5,0.5,-0.01313047790527344,-0.14,-0.011,-0.56,0.0004950632456721926,10,1,100,0.031515758629334166,-10,-1,-100,3623.7294733406743,-0.002859472892897851,4.293654709997225e-05,0.9999959107772531,67.06363163571807,-1.9469799038751974,-1808.2643394752843,71.83390634370727,-89.92349243164062,5246.87060546875,True
1598628795.7652252,0,5,0.5,0.5,-0.012757171630859375,-0.14,-0.011,-0.56,0.0005010019417398123,10,1,100,0.03153754358825315,-10,-1,-100,3626.596636639093,-0.002860257012033591,4.320713372419273e-05,0.9999959085231144,67.08187060796584,-1.9466258735597286,-1807.7794469189712,71.8350528851431,-89.92132568359375,5246.11767578125,True
1598628795.8661983,0,5,0.5,0.5,-0.012286099243164064,-0.14,-0.011,-0.56,0.0005080141875846984,10,1,100,0.03148756808602166,-10,-1,-100,3629.480890165665,-0.002860509777655528,4.351490196745714e-05,0.9999959077867595,67.09992636256924,-1.946272628606735,-1807.2905917706719,71.83619879707923,-89.92034912109375,5245.365234375,True
1598628795.9742506,0,5,0.5,0.5,-0.010965914916992187,-0.14,-0.011,-0.56,0.0005419244725179145,10,1,100,0.03162415291882736,-10,-1,-100,3635.2323069792474,-0.0028619757300123215,4.410067443070197e-05,0.9999959035666353,67.13539675683705,-1.9455588769286722,-1806.2995540330974,71.83853289223104,-89.92153930664062,5243.8603515625,True
1598628796.127239,0,5,0.5,0.5,-0.008226611328125001,-0.14,-0.011,-0.56,0.0005488923074451063,10,1,100,0.0315922174508948,-10,-1,-100,3640.9839679345023,-0.002863011836876204,4.469392622818302e-05,0.9999959005744347,67.17048580653501,-1.9448484470703222,-1805.305943274642,71.84102973362548,-89.92648315429688,5242.35546875,True
1598628796.2354088,0,5,0.5,0.5,-0.002514944458007813,-0.14,-0.011,-0.56,0.0005553796372808086,10,1,100,0.03169628956939409,-10,-1,-100,3649.592293931404,-0.0028648929245776904,4.528936990890719e-05,0.9999958951602769,67.22226547670387,-1.9437820714897391,-1803.7994074692074,71.8447524103985,-89.93865966796875,5240.1005859375,True
1598628796.333173,0,5,0.5,0.5,-0.002990451049804687,-0.14,-0.011,-0.56,0.0005426340547516207,10,1,100,0.03163413985047793,-10,-1,-100,3655.3439550813055,-0.0028660298591531436,4.5711354553434744e-05,0.999995891883221,67.25638259745779,-1.9430713025399802,-1802.7919177821288,71.84735223013557,-89.94775390625,5238.59716796875,True
1598628796.4342036,0,5,0.5,0.5,-0.0037301147460937507,-0.14,-0.011,-0.56,0.000532457012533446,10,1,100,0.031644234064045665,-10,-1,-100,3661.095371518866,-0.002867146520415102,4.599909208135454e-05,0.9999958886690054,67.290668833809,-1.9423756268285017,-1801.7885045515732,71.84976250617446,-89.9539794921875,5237.0947265625,True
1598628796.5885172,0,5,0.5,0.5,-0.007562347412109376,-0.14,-0.011,-0.56,0.0005479976867218963,10,1,100,0.031638273225210456,-10,-1,-100,3666.8470325564267,-0.0028680989662112724,4.63986520079019e-05,0.9999958859192798,67.3256071080621,-1.9417081602725732,-1800.8078332846865,71.8522261923809,-89.95346069335938,5235.59326171875,True
1598628796.642265,0,5,0.5,0.5,-0.016241650390625,-0.14,-0.011,-0.56,0.0005239668791962202,10,1,100,0.031696579588412745,-10,-1,-100,3675.455358516774,-0.0028694859500773707,4.653979397084869e-05,0.9999958819337358,67.37931789228256,-1.9407648961862243,-1799.3782632853797,71.85589027161477,-89.94061279296875,5233.341796875,True
1598628796.7011268,0,5,0.5,0.5,-0.013774218750000001,-0.14,-0.011,-0.56,0.0005031014999506554,10,1,100,0.031613602159002135,-10,-1,-100,3678.339367555105,-0.002869982809270438,4.647492502216572e-05,0.9999958805108929,67.39744179121774,-1.9404622755004854,-1798.9094110525025,71.85710477153913,-89.933837890625,5232.591796875,True
1598628796.7622552,0,5,0.5,0.5,-0.014177267456054687,-0.14,-0.011,-0.56,0.0005265831160032343,10,1,100,0.031616199606819856,-10,-1,-100,3681.2075072698062,-0.0028704485581385036,4.662620578027538e-05,0.9999958791670454,67.41570477494261,-1.940166296455018,-1798.4441710964425,71.85827285995494,-89.92782592773438,5231.841796875,True
1598628796.8091476,0,5,0.5,0.5,-0.014029125976562501,-0.14,-0.011,-0.56,0.0005030240449687745,10,1,100,0.03163988666584672,-10,-1,-100,3684.0905396046583,-0.002871078038058712,4.6546452121828994e-05,0.9999958773636655,67.43356713793283,-1.9398618579554205,-1797.9671904903505,71.85935387799623,-89.9232177734375,5231.09228515625,True
1598628796.8662987,0,5,0.5,0.5,-0.013731170654296876,-0.14,-0.011,-0.56,0.000538618001820112,10,1,100,0.03163699293358432,-10,-1,-100,3686.958679895033,-0.0028716143783652404,4.67947742672041e-05,0.9999958758120512,67.45116520468925,-1.9395523391367557,-1797.4850295139072,71.86047377036745,-89.91995239257812,5230.3427734375,True
1598628796.9201455,0,5,0.5,0.5,-0.013228765869140627,-0.14,-0.011,-0.56,0.00048809147114993375,10,1,100,0.031623100860917144,-10,-1,-100,3689.8426887964597,-0.0028719669064847892,4.6558740393419395e-05,0.9999958748106772,67.46863668529718,-1.9392404821392872,-1796.999514312799,71.86155537406432,-89.91806030273438,5229.59375,True
1598628796.983456,0,5,0.5,0.5,-0.012562982177734374,-0.14,-0.011,-0.56,0.0005006478507834273,10,1,100,0.03168157469140761,-10,-1,-100,3692.710096437135,-0.0028728108258982846,4.645661776467848e-05,0.9999958723913521,67.4858980402729,-1.9389231655870849,-1796.5094675953542,71.86264040399521,-89.91751098632812,5228.84423828125,True
1598628797.0362234,0,5,0.5,0.5,-0.011830020141601564,-0.14,-0.011,-0.56,0.0005194346110748186,10,1,100,0.031636731588446085,-10,-1,-100,3695.5938613460166,-0.0028731631627006114,4.653350660678505e-05,0.9999958713755138,67.50291943150714,-1.9386009339486099,-1796.0140816653486,71.86372960796908,-89.91815185546875,5228.0947265625,True
1598628797.0931797,0,5,0.5,0.5,-0.010982455444335938,-0.14,-0.011,-0.56,0.0004924059652280493,10,1,100,0.03167699995031683,-10,-1,-100,3698.477870210656,-0.002873843060080145,4.635694318095371e-05,0.9999958694300193,67.5197616542997,-1.9382742597815672,-1795.5150038044296,71.86482360714781,-89.919921875,5227.3466796875,True
1598628797.152458,0,5,0.5,0.5,-0.010152609252929688,-0.14,-0.011,-0.56,0.0005193643807503925,10,1,100,0.03167544751587854,-10,-1,-100,3701.3193991621956,-0.0028744409478033135,4.644118216121961e-05,0.9999958677076892,67.53646162682796,-1.9379441362576464,-1795.0131946661122,71.8659222400257,-89.92257690429688,5226.59765625,True
1598628797.20919,0,5,0.5,0.5,-0.009387631225585938,-0.14,-0.011,-0.56,0.00048578932126910586,10,1,100,0.03168204986005493,-10,-1,-100,3704.2026754891267,-0.0028750387379699867,4.621249657512845e-05,0.9999958659997853,67.5530064085119,-1.937608873607151,-1794.508371181066,71.86702499945832,-89.92584228515625,5225.84912109375,True
1598628797.269203,0,5,0.5,0.5,-0.00864765319824219,-0.14,-0.011,-0.56,0.0005277631657681708,10,1,100,0.03171315559362357,-10,-1,-100,3707.0705713218777,-0.0028758599149831384,4.6386478535396814e-05,0.9999958636304672,67.56949308742044,-1.9372718158974678,-1794.0029771658972,71.8681318705035,-89.92953491210938,5225.1005859375,True
1598628797.3774614,0,5,0.5,0.5,-0.008007244873046875,-0.14,-0.011,-0.56,0.0004901031606296906,10,1,100,0.03169517416975889,-10,-1,-100,3709.954336451483,-0.002876437629227495,4.6202360676642574e-05,0.9999958619773919,67.58588044527892,-1.9369314333195744,-1793.4960171415407,71.86924296929087,-89.93341064453125,5224.3525390625,True
1598628797.4381297,0,5,0.5,0.5,-0.004852297973632813,-0.14,-0.011,-0.56,0.000488463014831828,10,1,100,0.03178527560683862,-10,-1,-100,3715.7057532576146,-0.0028777764833584634,4.602045570243418e-05,0.9999958581337373,67.61855658613604,-1.93624842965541,-1792.4833836620628,71.87151216610265,-89.94100952148438,5222.85595703125,True
1598628797.4950788,0,5,0.5,0.5,-0.006652795410156251,-0.14,-0.011,-0.56,0.0005142480529661846,10,1,100,0.031725550406986186,-10,-1,-100,3718.5890298981685,-0.0028784445776195034,4.6089975160211057e-05,0.9999958562076784,67.6349439412299,-1.9359075857831343,-1791.9812406558315,71.8727090460644,-89.94448852539062,5222.10791015625,True
1598628797.553157,0,5,0.5,0.5,-0.0066514404296875015,-0.14,-0.011,-0.56,0.00047306020695412644,10,1,100,0.0317307163780597,-10,-1,-100,3721.474015464075,-0.002879092690139977,4.5779380429995865e-05,0.9999958543561719,67.65137876782502,-1.935566751284028,-1791.480431582268,71.87386947913652,-89.94723510742188,5221.3603515625,True
1598628797.62012,0,5,0.5,0.5,-0.006854333496093751,-0.14,-0.011,-0.56,0.0004977615281270587,10,1,100,0.03170745610524543,-10,-1,-100,3724.3411785648204,-0.0028794639483296822,4.5722287558611824e-05,0.9999958532898238,67.6677908948948,-1.9352249683227747,-1790.9790403895938,71.87499065369535,-89.9490966796875,5220.6123046875,True
1598628797.673106,0,5,0.5,0.5,-0.007071664428710938,-0.14,-0.011,-0.56,0.0004897082885704406,10,1,100,0.03179291894042743,-10,-1,-100,3727.2256759654265,-0.00288057234234704,4.5597841252480773e-05,0.9999958501032977,67.68430665422248,-1.9348833378825625,-1790.4812520522207,71.8761106307886,-89.95022583007812,5219.865234375,True
1598628797.732632,0,5,0.5,0.5,-0.007348272705078125,-0.14,-0.011,-0.56,0.0004859112615886956,10,1,100,0.03176650361386882,-10,-1,-100,3730.0662280097604,-0.0028813330983216996,4.545104042466787e-05,0.9999958479182698,67.70086534866597,-1.9345435185947717,-1789.9855194561735,71.87723076285633,-89.95068359375,5219.1181640625,True
1598628797.788416,0,5,0.5,0.5,-0.007698956298828126,-0.14,-0.011,-0.56,0.0004876417685299769,10,1,100,0.03174781782187444,-10,-1,-100,3732.9492607603315,-0.0028818480147003124,4.533414055590077e-05,0.999995846439792,67.71747420839917,-1.9342046416814744,-1789.4920426913698,71.87835233250136,-89.95050048828125,5218.37060546875,True
1598628797.8991563,0,5,0.5,0.5,-0.008057034301757813,-0.14,-0.011,-0.56,0.00048717817025448976,10,1,100,0.03180093736880117,-10,-1,-100,3735.833513968275,-0.0028827922917739335,4.522465981961291e-05,0.9999958437230291,67.73411235376884,-1.9338666648750666,-1789.000276168066,71.8794764476826,-89.94979858398438,5217.6240234375,True
1598628798.0596855,0,5,0.5,0.5,-0.009517498779296876,-0.14,-0.011,-0.56,0.0004624894769114379,10,1,100,0.031860930658957974,-10,-1,-100,3741.5846860748716,-0.002884189070338829,4.490158724419212e-05,0.999995839709973,67.76745553051737,-1.9331914068259406,-1788.0213245896546,71.88173056528511,-89.94711303710938,5216.1298828125,True
1598628798.1154397,0,5,0.5,0.5,-0.012587152099609377,-0.14,-0.011,-0.56,0.00044539249862368983,10,1,100,0.031969533943378474,-10,-1,-100,3750.2203561172355,-0.0028864385996604154,4.445380772873115e-05,0.9999958332393537,67.81783374284318,-1.9321893460441215,-1786.575588461151,71.88539674531954,-89.9405517578125,5213.890625,True
1598628798.2192879,0,5,0.5,0.5,-0.010678051757812501,-0.14,-0.011,-0.56,0.00047221710112139883,10,1,100,0.031825768311058496,-10,-1,-100,3753.0880076955073,-0.0028871675742312823,4.429218505824391e-05,0.9999958311421107,67.83457261805039,-1.931853366779801,-1786.0946567031865,71.88664794181294,-89.93801879882812,5213.1435546875,True
1598628798.372035,0,5,0.5,0.5,-0.011441839599609375,-0.14,-0.011,-0.56,0.0004895224086901531,10,1,100,0.0319321742905429,-10,-1,-100,3758.855781513732,-0.0028887890681174987,4.430414749082981e-05,0.999995826458722,67.8679533979291,-1.9311800177741871,-1785.1296508062678,71.88900984736354,-89.93490600585938,5211.65185546875,True
1598628798.4271286,0,5,0.5,0.5,-0.00958104248046875,-0.14,-0.011,-0.56,0.0004299124554586396,10,1,100,0.03200467136879599,-10,-1,-100,3767.4648399594007,-0.002890912813734089,4.3774737243502674e-05,0.999995820344703,67.91700151929892,-1.9301384050531916,-1783.6637469017282,71.89263558544057,-89.93508911132812,5209.4150390625,True
1598628798.5824728,0,5,0.5,0.5,-0.008927899169921875,-0.14,-0.011,-0.56,0.0004779779336126521,10,1,100,0.03187701487965018,-10,-1,-100,3770.332003871794,-0.00289167223246276,4.373223649568402e-05,0.9999958181508519,67.93316348612908,-1.9297848769047796,-1783.173055950313,71.89389273387323,-89.93618774414062,5208.66943359375,True
1598628798.6380963,0,5,0.5,0.5,-0.006139364624023438,-0.14,-0.011,-0.56,0.0003951101801975998,10,1,100,0.032012159625965805,-10,-1,-100,3778.967673228006,-0.0028935801032879366,4.294206537667834e-05,0.9999958126663158,67.98127031923836,-1.9287126557751706,-1781.6921423455733,71.89747474396225,-89.94107055664062,5206.4345703125,True
1598628798.742278,0,5,0.5,0.5,-0.007580709838867188,-0.14,-0.011,-0.56,0.00048557934679393274,10,1,100,0.031882547438081214,-10,-1,-100,3781.8511939978926,-0.0028941244134564727,4.304858930652693e-05,0.9999958110865756,67.99717997438847,-1.928350721869918,-1781.198044580211,71.89871162860081,-89.94293212890625,5205.689453125,True
1598628798.8493414,0,5,0.5,0.5,-0.007200442504882813,-0.14,-0.011,-0.56,0.0004350191188100674,10,1,100,0.03194010138163092,-10,-1,-100,3787.602854574914,-0.002895130830082744,4.2687974853007e-05,0.9999958081888211,68.02905797497299,-1.9276262638434296,-1780.2109998933731,71.90105094541856,-89.94497680664062,5204.2001953125,True
1598628798.9554465,0,5,0.5,0.5,-0.008586523437500002,-0.14,-0.011,-0.56,0.00046804522284809766,10,1,100,0.03196824870135842,-10,-1,-100,3793.344017204712,-0.0028962895637265292,4.2662786446246334e-05,0.9999958048345251,68.06105066052092,-1.9269060803885032,-1779.2321913451938,71.90345660971057,-89.94464111328125,5202.7119140625,True
1598628799.0592353,0,5,0.5,0.5,-0.009985018920898439,-0.14,-0.011,-0.56,0.00042738005306658313,10,1,100,0.03195752360963973,-10,-1,-100,3799.0951893876772,-0.0028972331868671163,4.2272533508789567e-05,0.9999958021176358,68.093293605377,-1.9261952998384266,-1778.26437905902,71.90589463965613,-89.9423828125,5201.2236328125,True
1598628799.2162788,0,5,0.5,0.5,-0.011182238769531252,-0.14,-0.011,-0.56,0.0004666568091298495,10,1,100,0.03197382147942216,-10,-1,-100,3804.847093985649,-0.0028982273302506465,4.227720957870893e-05,0.9999957992366665,68.12547402301801,-1.9254834963972127,-1777.2962960046955,71.90823004551832,-89.93887329101562,5199.736328125,True
1598628799.3202553,0,5,0.5,0.5,-0.012423098754882813,-0.14,-0.011,-0.56,0.00044950316693584164,10,1,100,0.03204247221047012,-10,-1,-100,3813.498388570617,-0.0028997444774901187,4.2127497075190116e-05,0.9999957948447781,68.17361794204481,-1.92442234679527,-1775.8499410679667,71.9118270451407,-89.93429565429688,5197.5068359375,True
1598628799.4261768,0,5,0.5,0.5,-0.01061139831542969,-0.14,-0.011,-0.56,0.0004835976263557173,10,1,100,0.03200249172957169,-10,-1,-100,3819.2498054516036,-0.0029007488097875997,4.2303312328520114e-05,0.9999957919245321,68.20517265282226,-1.9237047318503273,-1774.8776353530839,71.91428964109807,-89.9332275390625,5196.0205078125,True
1598628799.5794966,0,5,0.5,0.5,-0.008605187988281252,-0.14,-0.011,-0.56,0.00043846446276516436,10,1,100,0.03201246422065897,-10,-1,-100,3824.9746099921176,-0.002901741625666403,4.205466183087173e-05,0.9999957890546055,68.23642675545257,-1.9229826829884082,-1773.899835086411,71.91669145816384,-89.93524169921875,5194.53515625,True
1598628799.6914413,0,5,0.5,0.5,-0.004221475219726562,-0.14,-0.011,-0.56,0.0004204860118350998,10,1,100,0.03207970806336674,-10,-1,-100,3833.6097911545075,-0.00290324564884272,4.166673916583864e-05,0.9999957847054082,68.28211815370041,-1.9218677951236343,-1772.4049254753322,71.92010663830978,-89.943115234375,5192.30859375,True
1598628799.795247,0,5,0.5,0.5,-0.004158312988281251,-0.14,-0.011,-0.56,0.0004562860705194338,10,1,100,0.03203178329036049,-10,-1,-100,3839.3780537429266,-0.0029041667415971514,4.164141500142055e-05,0.9999957820318691,68.31211988362338,-1.921111044062136,-1771.4037350989897,71.9224991028044,-89.94949340820312,5190.8251953125,True
1598628799.9003127,0,5,0.5,0.5,-0.004495117187500001,-0.14,-0.011,-0.56,0.0004796995294829167,10,1,100,0.032046385260530205,-10,-1,-100,3845.1292258524336,-0.002905127219613351,4.183242507014054e-05,0.9999957792340356,68.34226791675299,-1.9203596375251057,-1770.4090658517584,71.92484852322531,-89.9541015625,5189.341796875,True
1598628800.0102546,0,5,0.5,0.5,-0.007405194091796875,-0.14,-0.011,-0.56,0.00043719979768098787,10,1,100,0.032038065416392335,-10,-1,-100,3850.8969991788035,-0.0029059147439485,4.162081499281062e-05,0.9999957769546873,68.37278906754942,-1.9196210292470606,-1769.4266875444234,71.9271479653969,-89.95361328125,5187.859375,True
1598628800.1296933,0,5,0.5,0.5,-0.011095645141601563,-0.14,-0.011,-0.56,0.0004497308347103322,10,1,100,0.03206158718631665,-10,-1,-100,3856.621560456697,-0.002906834705876251,4.1543330859014006e-05,0.9999957742841439,68.40381519721466,-1.9189004507297018,-1768.4606286427606,71.92943052862816,-89.94793701171875,5186.3779296875,True
1598628800.232577,0,5,0.5,0.5,-0.014300637817382816,-0.14,-0.011,-0.56,0.0004554115179335105,10,1,100,0.03208299750452848,-10,-1,-100,3862.389822447556,-0.0029078560876650873,4.152555099903437e-05,0.9999957713153602,68.43528259320412,-1.9181956132988467,-1767.5094735794082,71.93170431821346,-89.93881225585938,5184.896484375,True
1598628800.3421447,0,5,0.5,0.5,-0.0160306396484375,-0.14,-0.011,-0.56,0.0004657926857648619,10,1,100,0.032086446703840976,-10,-1,-100,3868.1409945697524,-0.002908806315738872,4.1604440817983126e-05,0.9999957685484915,68.46673554008122,-1.9175008045702762,-1766.5614419761562,71.9339744632234,-89.92904663085938,5183.41552734375,True
1598628800.4530747,0,5,0.5,0.5,-0.014674261474609377,-0.14,-0.011,-0.56,0.0004223002579302619,10,1,100,0.03208891642863914,-10,-1,-100,3873.9085242504952,-0.0029096829942263976,4.128138473558629e-05,0.9999957660113967,68.49769253996757,-1.9167988264119058,-1765.6044198982709,71.93625483840633,-89.92318725585938,5181.935546875,True
1598628800.5635424,0,5,0.5,0.5,-0.010721636962890626,-0.14,-0.011,-0.56,0.0004582924960874846,10,1,100,0.03211788244129836,-10,-1,-100,3879.660184677341,-0.002910734267042199,4.131566874605447e-05,0.9999957629505449,68.52770558255673,-1.916074522300596,-1764.626701360497,71.93853690357454,-89.92416381835938,5180.4560546875,True
1598628800.6744952,0,5,0.5,0.5,-0.0055961090087890625,-0.14,-0.011,-0.56,0.0004675403483276052,10,1,100,0.032118155045969925,-10,-1,-100,3885.427958541666,-0.002911683370137892,4.143180527010161e-05,0.9999957601826908,68.55655554011254,-1.9153205519350394,-1763.622297300417,71.94080264499807,-89.93228149414062,5178.9775390625,True
1598628800.78614,0,5,0.5,0.5,-0.0014721679687500003,-0.14,-0.011,-0.56,0.0004424465192796344,10,1,100,0.0321239618355031,-10,-1,-100,3891.152519364492,-0.0029125899421802133,4.1309824442945425e-05,0.9999957575476645,68.5844131190178,-1.9145373725449597,-1762.5902718466073,71.94281542523684,-89.94467163085938,5177.49951171875,True
1598628800.9463654,0,5,0.5,0.5,-0.0002698944091796881,-0.14,-0.011,-0.56,0.00043214812697860334,10,1,100,0.03218238629001176,-10,-1,-100,3896.920293362811,-0.0029139367351748227,4.110563550163306e-05,0.9999957536324993,68.61210202789034,-1.9137489325023718,-1761.5628238169556,71.94506070102278,-89.956298828125,5176.021484375,True
1598628801.0662649,0,5,0.5,0.5,-0.002949786376953125,-0.14,-0.011,-0.56,0.0004811361138802323,10,1,100,0.03222236249668712,-10,-1,-100,3905.5559629873605,-0.0029155156306909912,4.136584159909098e-05,0.9999957490197017,68.65499470806137,-1.912599998549545,-1760.0688462056994,71.94867858118332,-89.96176147460938,5173.8056640625,True
1598628801.2177067,0,5,0.5,0.5,-0.011191482543945313,-0.14,-0.011,-0.56,0.0004318305291099795,10,1,100,0.03220550703606573,-10,-1,-100,3911.3237366842804,-0.0029167883147808793,4.1154584174751385e-05,0.9999957453170624,68.68492698488213,-1.9118760605446274,-1759.112962960906,71.95115184471662,-89.954345703125,5172.3291015625,True
1598628801.326757,0,5,0.5,0.5,-0.025836672973632818,-0.14,-0.011,-0.56,0.0004454318268129877,10,1,100,0.032251888777090204,-10,-1,-100,3919.958917559474,-0.00291835706744388,4.108660397794097e-05,0.9999957407428883,68.73182850749734,-1.910861469459794,-1757.734377079201,71.95475799645516,-89.927490234375,5170.115234375,True
1598628801.4302433,0,5,0.5,0.5,-0.02611551208496094,-0.14,-0.011,-0.56,0.00043464137643869666,10,1,100,0.03222048753700457,-10,-1,-100,3925.7103346851654,-0.002919487265535313,4.0927124001875286e-05,0.9999957374504538,68.76396188331374,-1.9102240826272965,-1756.8543797656796,71.95772484993724,-89.9056396484375,5168.6396484375,True
1598628801.5382407,0,5,0.5,0.5,-0.0218838134765625,-0.14,-0.011,-0.56,0.0004190853212060696,10,1,100,0.03221366484873486,-10,-1,-100,3931.451251594466,-0.0029204421201088275,4.0641267546061836e-05,0.9999957346739586,68.79515043054239,-1.90957173545526,-1755.941019204836,71.96013808135922,-89.89425659179688,5167.1650390625,True
1598628801.6460445,0,5,0.5,0.5,-0.010399255371093753,-0.14,-0.011,-0.56,0.000452984496536995,10,1,100,0.032210952015682096,-10,-1,-100,3937.2195136605296,-0.002921274929598479,4.0690447974032495e-05,0.9999957322394296,68.82328489405718,-1.908839948179249,-1754.9468853353462,71.96227567599986,-89.901611328125,5165.69140625,True
1598628801.75855,0,5,0.5,0.5,0.0025054779052734386,-0.14,-0.011,-0.56,0.0004272021651661939,10,1,100,0.03223159575948488,-10,-1,-100,3942.970197285991,-0.0029222091614096676,4.050130983859995e-05,0.9999957295175119,68.84873271955297,-1.908029848098793,-1753.884620513496,71.96426579402751,-89.92596435546875,5164.21875,True
1598628801.8711827,0,5,0.5,0.5,0.011748791503906252,-0.14,-0.011,-0.56,0.0004366974073690599,10,1,100,0.03223644604989879,-10,-1,-100,3948.7379711094545,-0.0029230921248832678,4.041642678905774e-05,0.9999957269403412,68.87252585295204,-1.907163911508776,-1752.7859083489188,71.96634297866666,-89.95864868164062,5162.74658203125,True
1598628801.9815238,0,5,0.5,0.5,0.012722009277343752,-0.14,-0.011,-0.56,0.0004291776735178269,10,1,100,0.0322970281529996,-10,-1,-100,3954.490119699505,-0.0029244351937467794,4.027182223490002e-05,0.9999957230193427,68.89645060270905,-1.9062902050162545,-1751.695686344553,71.96848221552841,-89.98614501953125,5161.275390625,True
1598628802.094168,0,5,0.5,0.5,0.004296408081054688,-0.14,-0.011,-0.56,0.00044650141202083864,10,1,100,0.03227214766159058,-10,-1,-100,3960.2574053056305,-0.0029254192107448294,4.02987957195186e-05,0.9999957201400655,68.92228002068063,-1.9054595621759043,-1750.655618879245,71.97053892850343,-89.99604034423828,5159.80419921875,True
1598628802.2055712,0,5,0.5,0.5,-0.01069146194458008,-0.14,-0.011,-0.56,0.00041225743261422127,10,1,100,0.03227189773993397,-10,-1,-100,3965.9985674347263,-0.002926301061022933,4.001274165618635e-05,0.9999957175713708,68.95105363148538,-1.9047128287846502,-1749.6961322271027,71.97269385033826,-89.98248291015625,5158.33349609375,True
1598628802.3225734,0,5,0.5,0.5,-0.026275968170166017,-0.14,-0.011,-0.56,0.00042564533187277405,10,1,100,0.03229977573525329,-10,-1,-100,3971.749739579973,-0.0029273463744783554,3.9875630773637424e-05,0.9999957145173863,68.98263016448841,-1.9040512817771282,-1748.8122998902124,71.97490303485299,-89.9493408203125,5156.86328125,True
1598628802.3809354,0,5,0.5,0.5,-0.03559971084594727,-0.14,-0.011,-0.56,0.00040038439655913,10,1,100,0.03231684255883664,-10,-1,-100,3977.517757293186,-0.0029284422141434086,3.9522502335197194e-05,0.9999957113228888,69.01558116164999,-1.9034481533460084,-1747.966680699853,71.97712045968488,-89.90951538085938,5155.39404296875,True
1598628802.5362372,0,5,0.5,0.5,-0.026348242950439454,-0.14,-0.011,-0.56,0.00045874337205505366,10,1,100,0.03226961655746931,-10,-1,-100,3980.40152209613,-0.0029289999364203907,3.973343453352606e-05,0.9999957096811098,69.03193665681634,-1.9031502302317165,-1747.5402818890238,71.97815203298015,-89.89089965820312,5154.6591796875,True
1598628802.701089,0,5,0.5,0.5,-0.03074372940063477,-0.14,-0.011,-0.56,0.00041368381393810174,10,1,100,0.032400008090489686,-10,-1,-100,3989.036703028949,-0.0029306836863624824,3.95166439031876e-05,0.9999957047565582,69.0768884297092,-1.9021684387540094,-1746.1629075815495,71.98129710007493,-89.8697509765625,5152.45703125,True
1598628802.7593195,0,5,0.5,0.5,0.00514789352416992,-0.14,-0.011,-0.56,0.0004540350386620397,10,1,100,0.03241996522174557,-10,-1,-100,3997.6884857736295,-0.0029323864860792068,3.9687413212772865e-05,0.9999956997579567,69.11406878226732,-1.9009793849170615,-1744.6047497506731,71.9848037946542,-89.90414428710938,5150.25537109375,True
1598628802.8191497,0,5,0.5,0.5,0.0012712852478027337,-0.14,-0.011,-0.56,0.00040595955620837434,10,1,100,0.032315486710789126,-10,-1,-100,4000.572250124882,-0.0029329745797616424,3.940652004896366e-05,0.999995698044367,69.12491714446777,-1.9005354986897685,-1744.0472750806725,71.98593671749315,-89.92611694335938,5149.521484375,True
1598628802.9284055,0,5,0.5,0.5,0.0049457695007324234,-0.14,-0.011,-0.56,0.0004563163178082103,10,1,100,0.03231342353729802,-10,-1,-100,4003.456259147846,-0.0029334806675154357,3.960994663258074e-05,0.9999956965518529,69.13531952876771,-1.9000756231107798,-1743.4784782024242,71.9870268847926,-89.94894409179688,5148.7880859375,True
1598628802.9884348,0,5,0.5,0.5,0.0184061637878418,-0.14,-0.011,-0.56,0.00042409152370038853,10,1,100,0.03240779321991251,-10,-1,-100,4009.1813079779968,-0.002934789209367532,3.9502660380485595e-05,0.9999956927166419,69.15641622425872,-1.8991506651699137,-1742.3482164106679,71.98908300177203,-89.9864501953125,5147.322265625,True
1598628803.0443542,0,5,0.5,0.5,0.007138951873779298,-0.14,-0.011,-0.56,0.00044319668868265895,10,1,100,0.03233020152706385,-10,-1,-100,4012.0650729112094,-0.0029352640011020676,3.957950998010557e-05,0.9999956913200707,69.167656411289,-1.8987013653386158,-1741.8032013905913,71.99017107805493,-90.00035858154297,5146.58935546875,True
1598628803.0973299,0,5,0.5,0.5,0.006009363555908204,-0.14,-0.011,-0.56,0.00040044348268255484,10,1,100,0.0323483465335144,-10,-1,-100,4014.949081754079,-0.0029358516347463256,3.926136163952225e-05,0.9999956896075723,69.1792432488698,-1.8982591309473427,-1741.2687485966565,71.99129931778134,-90.0098648071289,5145.8564453125,True
1598628803.206267,0,5,0.5,0.5,0.0028415466308593755,-0.14,-0.011,-0.56,0.00044226836126573304,10,1,100,0.03236076666108724,-10,-1,-100,4017.832602019189,-0.00293649007506111,3.9353045117036e-05,0.9999956877293906,69.19180414013634,-1.8978428433876375,-1740.7572406249467,71.99232203764622,-90.01290130615234,5145.1240234375,True
1598628803.3167772,0,5,0.5,0.5,-0.004311132049560547,-0.14,-0.011,-0.56,0.00042368766541930745,10,1,100,0.032424879663172965,-10,-1,-100,4023.5842626844533,-0.002937645008365709,3.9267953394041545e-05,0.9999956843406039,69.21857052856106,-1.8970546258666652,-1739.779042475743,71.99440763544894,-90.00501251220703,5143.6591796875,True
1598628803.3773384,0,5,0.5,0.5,-0.0158367919921875,-0.14,-0.011,-0.56,0.00040151001928385126,10,1,100,0.03245751686801111,-10,-1,-100,4029.352036164608,-0.002938983283419126,3.898921372548894e-05,0.999995680419221,69.2476101371425,-1.8963342838011454,-1738.8649120889163,71.99666041702906,-89.98208618164062,5142.1953125,True
1598628803.4343576,0,5,0.5,0.5,-0.013642980957031252,-0.14,-0.011,-0.56,0.00040990315683096866,10,1,100,0.032382442617763296,-10,-1,-100,4032.235800810391,-0.0029395083281499802,3.881279184160404e-05,0.999995678882842,69.26284676373011,-1.8959977228024103,-1738.4275878025674,71.99781320961478,-89.96673583984375,5141.462890625,True
1598628803.4911125,0,5,0.5,0.5,-0.015514447021484377,-0.14,-0.011,-0.56,0.00041136161626570075,10,1,100,0.032390751877874914,-10,-1,-100,4035.1193212289363,-0.0029400531578683284,3.866630689844404e-05,0.9999956772868298,69.2781556482969,-1.8956675245960568,-1737.9911687602944,71.99889106767871,-89.95162963867188,5140.7314453125,True
1598628803.5481033,0,5,0.5,0.5,-0.016551690673828126,-0.14,-0.011,-0.56,0.0004121994617011127,10,1,100,0.032393809548645854,-10,-1,-100,4038.003329971456,-0.0029405692849176633,3.8541683823451724e-05,0.9999956757740601,69.29314653009182,-1.8953327018036832,-1737.546558108719,71.99992648398693,-89.93798828125,5140.0,True
1598628803.606352,0,5,0.5,0.5,-0.01729485778808594,-0.14,-0.011,-0.56,0.0004182819837993718,10,1,100,0.0324389106369311,-10,-1,-100,4040.8870947639225,-0.0029414415969422373,3.848447198910244e-05,0.999995673210778,69.30785982350815,-1.8949917371014884,-1737.095729272962,72.00096056990066,-89.92599487304688,5139.2685546875,True
1598628803.6640797,0,5,0.5,0.5,-0.017589266967773437,-0.14,-0.011,-0.56,0.0003987341690053482,10,1,100,0.03242261300918188,-10,-1,-100,4043.77110346104,-0.0029420792104128328,3.825577698215149e-05,0.999995671343839,69.32235008498313,-1.8946483358055684,-1736.6401661487855,72.00199826845478,-89.916015625,5138.537109375,True
1598628803.773339,0,5,0.5,0.5,-0.017418942260742188,-0.14,-0.011,-0.56,0.000418430202203969,10,1,100,0.03242192315305689,-10,-1,-100,4046.63875521149,-0.0029426459603294694,3.822806080800021e-05,0.999995669677308,69.33645552638293,-1.8942980272625045,-1736.1758732139594,72.00304142281604,-89.90838623046875,5137.8056640625,True
1598628803.8304403,0,5,0.5,0.5,-0.01880185012817383,-0.14,-0.011,-0.56,0.0003863047270554027,10,1,100,0.03249842609914479,-10,-1,-100,4052.3799172019353,-0.0029438499579824587,3.7912043102123086e-05,0.9999956661456598,69.3636219787894,-1.8935727751346572,-1735.2237675055396,72.00513983666106,-89.90045166015625,5136.34423828125,True
1598628803.939387,0,5,0.5,0.5,-0.014671105957031251,-0.14,-0.011,-0.56,0.0004180381626032346,10,1,100,0.032465719384363725,-10,-1,-100,4055.263438038295,-0.002944639896329679,3.791446670952181e-05,0.999995663819786,69.37664641764333,-1.8931966660307913,-1734.7358916762282,72.00623243213217,-89.90017700195312,5135.61328125,True
1598628803.998689,0,5,0.5,0.5,-0.009343442535400391,-0.14,-0.011,-0.56,0.0003952165085233849,10,1,100,0.03251528204594476,-10,-1,-100,4061.031211332069,-0.00294580118282219,3.771050820498339e-05,0.9999956604072383,69.40165215445009,-1.8924143028179388,-1733.7368318817034,72.0084342652201,-89.90774536132812,5134.15234375,True
1598628804.1080942,0,5,0.5,0.5,-0.00851903991699219,-0.14,-0.011,-0.56,0.0004410863547275377,10,1,100,0.032418423209548936,-10,-1,-100,4063.915220475872,-0.002945968948235005,3.794350584379445e-05,0.9999956599042049,69.41360881983246,-1.8920077657628807,-1733.225806821946,72.00957709845686,-89.91513061523438,5133.421875,True
1598628804.2188563,0,5,0.5,0.5,-0.000829629516601562,-0.14,-0.011,-0.56,0.00039767182003951773,10,1,100,0.03257289415985722,-10,-1,-100,4069.6829936760478,-0.002947519393008716,3.7761594934533136e-05,0.9999956553423068,69.43676416076214,-1.8911703249615526,-1732.1856994916302,72.01179065410325,-89.93212890625,5131.9619140625,True
1598628804.3355415,0,5,0.5,0.5,0.0017256866455078127,-0.14,-0.011,-0.56,0.0004039742071237761,10,1,100,0.032531682576128026,-10,-1,-100,4075.434654100798,-0.002948546954710134,3.765447144224981e-05,0.9999956523170472,69.45982771601336,-1.8903236725103025,-1731.1490641537537,72.01411485214616,-89.94943237304688,5130.501953125,True
1598628804.438391,0,5,0.5,0.5,0.0009627716064453127,-0.14,-0.011,-0.56,0.0004068808864024051,10,1,100,0.032549591939361563,-10,-1,-100,4081.201939281309,-0.002949636192470963,3.758443065675814e-05,0.9999956491074063,69.48322468565418,-1.8894782551143026,-1730.124994735144,72.01647642099935,-89.96218872070312,5129.0419921875,True
1598628804.4961627,0,5,0.5,0.5,-0.00393248291015625,-0.14,-0.011,-0.56,0.00040936646886757897,10,1,100,0.03255234012446273,-10,-1,-100,4086.969468531781,-0.0029506431494748606,3.754422364978246e-05,0.9999956461382399,69.50766573007489,-1.888661888658245,-1729.1268363179406,72.01868475163407,-89.96536254882812,5127.583984375,True
1598628804.6035092,0,5,0.5,0.5,-0.0075036804199218755,-0.14,-0.011,-0.56,0.0004061548023737193,10,1,100,0.03247311484295391,-10,-1,-100,4089.853721470223,-0.002950829970053294,3.747932962835069e-05,0.9999956455894135,69.52046417397818,-1.8882693332029252,-1728.6445260286841,72.01984044995791,-89.96273803710938,5126.8544921875,True
1598628804.7127597,0,5,0.5,0.5,-0.013566177368164064,-0.14,-0.011,-0.56,0.0004073444182519138,10,1,100,0.032573798022084814,-10,-1,-100,4095.5943950940855,-0.002951907153335205,3.743185561444521e-05,0.9999956424120129,69.54675961503334,-1.8875085596179653,-1727.695896650702,72.02197380497202,-89.951904296875,5125.39697265625,True
1598628804.8217025,0,5,0.5,0.5,-0.01751305847167969,-0.14,-0.011,-0.56,0.00039691952051895815,10,1,100,0.032537255173680384,-10,-1,-100,4101.362901292159,-0.0029525457838850784,3.729464944531659e-05,0.999995640531749,69.57346363397002,-1.8867672605441521,-1726.7630735679838,72.0242163729721,-89.93753051757812,5123.939453125,True
1598628804.9331794,0,5,0.5,0.5,-0.018138775634765625,-0.14,-0.011,-0.56,0.0003864834989189571,10,1,100,0.032570277580288506,-10,-1,-100,4107.129454035661,-0.0029534186555123985,3.707560490761493e-05,0.9999956379623086,69.60020735133979,-1.886036849445092,-1725.836576011132,72.02655399216813,-89.92507934570312,5122.482421875,True
1598628805.0432224,0,5,0.5,0.5,-0.014599420166015627,-0.14,-0.011,-0.56,0.0003875020931097791,10,1,100,0.03258203060186044,-10,-1,-100,4112.881358393934,-0.0029543110401340864,3.688649605853172e-05,0.999995635333307,69.62593769924709,-1.8852877586947878,-1724.88851101349,72.02890094161293,-89.92013549804688,5121.0263671875,True
1598628805.2042985,0,5,0.5,0.5,-0.008164282226562502,-0.14,-0.011,-0.56,0.00041909316505625994,10,1,100,0.03256718526813959,-10,-1,-100,4118.6493756829295,-0.002954979605067875,3.7002519588102675e-05,0.9999956333536396,69.65011573208878,-1.884499423269536,-1723.902386337718,72.03111383547999,-89.92535400390625,5119.5712890625,True
1598628805.3155608,0,5,0.5,0.5,0.0052667633056640625,-0.14,-0.011,-0.56,0.0004204481138792961,10,1,100,0.03258368995440389,-10,-1,-100,4127.300669769291,-0.0029557292424675103,3.7121168682699955e-05,0.9999956311337885,69.68400200809918,-1.883252597278353,-1722.3764494226825,72.03469248941977,-89.94869995117188,5117.388671875,True
1598628805.4754348,0,5,0.5,0.5,0.006438555908203126,-0.14,-0.011,-0.56,0.00038688376436038106,10,1,100,0.032581763655412085,-10,-1,-100,4133.0686873917,-0.002956385755704109,3.692448325148174e-05,0.999995629200371,69.70535077110483,-1.8823827242417004,-1721.3328558843214,72.03707778065909,-89.96902465820312,5115.93408203125,True
1598628805.6283588,0,5,0.5,0.5,0.004135888671875001,-0.14,-0.011,-0.56,0.00040146085326470257,10,1,100,0.032636476577133686,-10,-1,-100,4141.720469222288,-0.0029574728499339458,3.687886092967789e-05,0.9999956259875797,69.73924750558783,-1.8811162097188578,-1719.8200654450736,72.04064488044506,-89.98196411132812,5113.75390625,True
1598628805.7410421,0,5,0.5,0.5,-0.019622875976562502,-0.14,-0.011,-0.56,0.0003821076086783134,10,1,100,0.03260858622053657,-10,-1,-100,4150.345395695884,-0.002958200444485221,3.666208893155002e-05,0.9999956238434354,69.77757163922077,-1.879974320136595,-1718.4214297221736,72.0440927269932,-89.95834350585938,5111.5751953125,True
1598628805.8397257,0,5,0.5,0.5,-0.031396954345703124,-0.14,-0.011,-0.56,0.0003763291263412957,10,1,100,0.032614238814170984,-10,-1,-100,4156.11292538885,-0.0029589064110239565,3.641329376175019e-05,0.999995621763877,69.8056894517206,-1.8792983146533417,-1717.556040450445,72.04637973939202,-89.92263793945312,5110.123046875,True
1598628805.9922547,0,5,0.5,0.5,-0.0412890869140625,-0.14,-0.011,-0.56,0.00038600707781659866,10,1,100,0.03257605223702863,-10,-1,-100,4161.880454423954,-0.002959193705866085,3.627606683522273e-05,0.999995620918741,69.83540628099287,-1.878687311172936,-1716.732781697896,72.04864492756572,-89.8800048828125,5108.671875,True
1598628806.046152,0,5,0.5,0.5,-0.03746741943359375,-0.14,-0.011,-0.56,0.0003987106256358806,10,1,100,0.03266051026204523,-10,-1,-100,4170.531747784349,-0.0029602160590840518,3.626785259926326e-05,0.9999956178931618,69.87576636422493,-1.8776953254069169,-1715.397697559234,72.05192903810897,-89.85147094726562,5106.49609375,True
1598628806.1507766,0,5,0.5,0.5,-0.018293286132812503,-0.14,-0.011,-0.56,0.0004275549407679669,10,1,100,0.03257807825492596,-10,-1,-100,4173.416001031874,-0.0029603891162400292,3.652353961036094e-05,0.9999956173715522,69.88722764327838,-1.8773168806193736,-1714.9050971983456,72.0530093546928,-89.85617065429688,5105.77099609375,True
1598628806.3042738,0,5,0.5,0.5,0.003138482666015626,-0.14,-0.011,-0.56,0.00040325082465834206,10,1,100,0.032591727536272416,-10,-1,-100,4179.167416569078,-0.0029606641885206787,3.653553771517793e-05,0.9999956165567513,69.90652776120967,-1.8764587202424752,-1713.8302256283228,72.05501081833452,-89.89065551757812,5104.322265625,True
1598628806.4073474,0,5,0.5,0.5,0.046044287109375005,-0.14,-0.011,-0.56,0.0004174970350424936,10,1,100,0.03267153856766512,-10,-1,-100,4187.818710407591,-0.0029616340334717604,3.667627513972507e-05,0.9999956136797313,69.92884587894451,-1.8749657417545287,-1712.0665924074362,72.05821267808008,-89.97958374023438,5102.14892578125,True
1598628806.5128586,0,5,0.5,0.5,0.03911419372558594,-0.14,-0.011,-0.56,0.0003932195061931981,10,1,100,0.032626813069806186,-10,-1,-100,4193.586728112074,-0.002962103065784568,3.6583810031091037e-05,0.9999956122939002,69.94252803670098,-1.8739066040401677,-1710.8692572214861,72.06048362885933,-90.04074096679688,5100.701171875,True
1598628806.6681778,0,5,0.5,0.5,0.02217472839355469,-0.14,-0.011,-0.56,0.0003955101833123653,10,1,100,0.032673743416804096,-10,-1,-100,4199.327890337328,-0.0029629503039295406,3.652106368673581e-05,0.999995609786217,69.95980477564737,-1.8729206066608282,-1709.7614210322358,72.06266204505408,-90.06532287597656,5099.25341796875,True
1598628806.775389,0,5,0.5,0.5,-0.03963050689697266,-0.14,-0.011,-0.56,0.0003696956561751749,10,1,100,0.032701750938006154,-10,-1,-100,4207.979183875257,-0.0029639691664829658,3.622971078113364e-05,0.9999956067774439,70.00047662725062,-1.8718409685765858,-1708.4662618706202,72.06592435092998,-89.99654388427734,5097.0830078125,True
1598628806.879459,0,5,0.5,0.5,-0.07381017837524415,-0.14,-0.011,-0.56,0.00036728955596673015,10,1,100,0.03268118910666665,-10,-1,-100,4213.746713052969,-0.0029647025736861303,3.594356100155357e-05,0.9999956046136954,70.03627939824484,-1.871394572216311,-1707.82110695698,72.06821906088814,-89.89266967773438,5095.63671875,True
1598628806.9943442,0,5,0.5,0.5,-0.08902829360961914,-0.14,-0.011,-0.56,0.00038077701871559494,10,1,100,0.032693506509131484,-10,-1,-100,4219.530843712972,-0.0029654753728666867,3.580669134322501e-05,0.9999956023271772,70.07427773486037,-1.8710614204727951,-1707.2311984266623,72.0704753655709,-89.78793334960938,5094.19140625,True
1598628807.1080487,0,5,0.5,0.5,-0.06698957901000976,-0.14,-0.011,-0.56,0.00037193233034301884,10,1,100,0.032700892345828465,-10,-1,-100,4225.298372691148,-0.0029662390897627626,3.560240957991973e-05,0.9999956000693857,70.10595298249062,-1.8706058083555672,-1706.487003668619,72.07260071468772,-89.73583984375,5092.7470703125,True
1598628807.210184,0,5,0.5,0.5,-0.01744662246704102,-0.14,-0.011,-0.56,0.00041078880446215323,10,1,100,0.032697998223720395,-10,-1,-100,4231.065901616821,-0.0029669006627546703,3.57705519755028e-05,0.9999955981007741,70.12670379948491,-1.8698779659331932,-1705.4812856821316,72.07478948410716,-89.76516723632812,5091.30224609375,True
1598628807.3222253,0,5,0.5,0.5,0.04507563095092773,-0.14,-0.011,-0.56,0.0004427665253311951,10,1,100,0.032727637409906495,-10,-1,-100,4236.833919079509,-0.0029677654629820323,3.6214567343591204e-05,0.9999955955186312,70.13498759579474,-1.8687925124262588,-1704.1762414820503,72.07699453453019,-89.87808227539062,5089.8583984375,True
1598628807.420293,0,5,0.5,0.5,0.088887117767334,-0.14,-0.011,-0.56,0.0003824374231782096,10,1,100,0.032718961928915255,-10,-1,-100,4242.600959926262,-0.00296846607122813,3.607005217888695e-05,0.9999955934443587,70.13546576159052,-1.867443150108819,-1702.6857223345971,72.07920982496417,-90.03096771240234,5088.4150390625,True
1598628807.527651,0,5,0.5,0.5,0.10427705688476563,-0.14,-0.011,-0.56,0.00041046493764424657,10,1,100,0.032767124981744486,-10,-1,-100,4248.369465520838,-0.0029695337411296597,3.619389351115277e-05,0.9999955902699584,70.13512427249448,-1.8660007839532735,-1701.1795433223733,72.08143103456398,-90.17504119873047,5086.97216796875,True
1598628807.6332793,0,5,0.5,0.5,0.06799883499145509,-0.14,-0.011,-0.56,0.0003796491093155086,10,1,100,0.03274837413288525,-10,-1,-100,4254.1369947240455,-0.0029703267063162773,3.602677117534097e-05,0.9999955879209316,70.14387821786659,-1.864739120631715,-1699.8981206337526,72.08366704089379,-90.23816680908203,5085.5302734375,True
1598628807.7385883,0,5,0.5,0.5,-0.0054369506835937505,-0.14,-0.011,-0.56,0.000331220174023864,10,1,100,0.03278289328147259,-10,-1,-100,4259.8781564857345,-0.002971353918163513,3.5435085130002333e-05,0.9999955848903772,70.16868745328934,-1.8638885045889864,-1699.0090738284337,72.08590145596634,-90.1834487915039,5084.08837890625,True
1598628807.841199,0,5,0.5,0.5,-0.08801331100463868,-0.14,-0.011,-0.56,0.0003080152667287533,10,1,100,0.03277471860522101,-10,-1,-100,4265.646173978574,-0.002972205792227591,3.46872222756996e-05,0.999995582385005,70.21003546223497,-1.8635162655719233,-1698.522869588593,72.08812875985943,-90.02152252197266,5082.6474609375,True
1598628807.9382327,0,5,0.5,0.5,-0.14328109207153322,-0.14,-0.011,-0.56,0.000312653224845112,10,1,100,0.03276162830715125,-10,-1,-100,4271.413214600994,-0.002972853732643624,3.405091247148713e-05,0.9999955804808437,70.2605736518699,-1.8634729672341914,-1698.2604232243955,72.09033057160187,-89.81298828125,5081.20703125,True
1598628807.9921474,0,5,0.5,0.5,-0.14399679336547852,-0.14,-0.011,-0.56,0.0003814838116183274,10,1,100,0.03279031861925567,-10,-1,-100,4277.181231943425,-0.002973696180260096,3.409990220971418e-05,0.999995577974335,70.3081988111171,-1.8634490650737923,-1697.9290271960335,72.09251163740223,-89.645263671875,5079.76708984375,True
1598628808.0485191,0,5,0.5,0.5,-0.08028471145629884,-0.14,-0.011,-0.56,0.0003233996047939925,10,1,100,0.03274919007879995,-10,-1,-100,4280.064508112497,-0.0029740806724460247,3.361795171800255e-05,0.9999955768472114,70.32721891593111,-1.8633385749845457,-1697.6487556840473,72.09361861350841,-89.60232543945312,5079.046875,True
1598628808.1471224,0,5,0.5,0.5,-0.06040228042602539,-0.14,-0.011,-0.56,0.0003904862457973919,10,1,100,0.0327370144558231,-10,-1,-100,4282.948760912172,-0.002974312394603731,3.3791497514533716e-05,0.9999955761521716,70.34104584456686,-1.863100935512499,-1697.2424547329622,72.09466703275857,-89.59658813476562,5078.32763671875,True
1598628808.2481892,0,5,0.5,0.5,-0.009587351226806644,-0.14,-0.011,-0.56,0.00036601936780329003,10,1,100,0.03281058754790143,-10,-1,-100,4288.733379796846,-0.0029751851594643133,3.372863939730746e-05,0.9999955735580262,70.354906653229,-1.8622582936886685,-1696.098622515008,72.0967249235344,-89.66485595703125,5076.88916015625,True
1598628808.3014524,0,5,0.5,0.5,0.05010790939331056,-0.14,-0.011,-0.56,0.0004078038883870904,10,1,100,0.03282657657461073,-10,-1,-100,4294.500420669676,-0.0029761171916744887,3.405361486690567e-05,0.9999955707735972,70.35735529154186,-1.8610765443462114,-1694.686804678982,72.09894555773285,-89.80508422851562,5075.451171875,True
1598628808.3623,0,5,0.5,0.5,0.03078289947509766,-0.14,-0.011,-0.56,0.00042614442131314414,10,1,100,0.032772003029019295,-10,-1,-100,4297.384673425113,-0.0029764614149779566,3.45176123543336e-05,0.9999955697331763,70.35570682306557,-1.86038555887563,-1693.9138505726576,72.1000847345456,-89.8900146484375,5074.7314453125,True
1598628808.4628646,0,5,0.5,0.5,0.0371472267150879,-0.14,-0.011,-0.56,0.00040442245034450294,10,1,100,0.032795109504835135,-10,-1,-100,4300.267949593719,-0.002976978106239573,3.474347968060482e-05,0.9999955681873024,70.3538640901619,-1.8596719480968176,-1693.1356739862845,72.10115445731505,-89.96749877929688,5074.01318359375,True
1598628808.565078,0,5,0.5,0.5,0.07307034759521484,-0.14,-0.011,-0.56,0.00041826821406975895,10,1,100,0.032840953238271645,-10,-1,-100,4306.035966778756,-0.0029778585400541714,3.507585082153075e-05,0.9999955655542679,70.35564392850773,-1.8583430138142156,-1691.7138153365681,72.10329520480835,-90.08123016357422,5072.576171875,True
1598628808.628143,0,5,0.5,0.5,0.05401167907714845,-0.14,-0.011,-0.56,0.00041825734948411835,10,1,100,0.032880814616647526,-10,-1,-100,4311.804472601158,-0.0029790153973055047,3.5378234211874374e-05,0.9999955620979742,70.36459304733474,-1.857162367016643,-1690.4704494269438,72.10554760875567,-90.14514923095703,5071.1396484375,True
1598628808.7322874,0,5,0.5,0.5,0.023426538085937504,-0.14,-0.011,-0.56,0.0003645583754980043,10,1,100,0.03277658338053863,-10,-1,-100,4314.6877485070145,-0.0029791133384738377,3.516432751964375e-05,0.9999955618137446,70.37220267357353,-1.8566455764409318,-1689.9258048500274,72.1066962754019,-90.15239715576172,5070.42138671875,True
1598628808.8292134,0,5,0.5,0.5,-0.013407906341552736,-0.14,-0.011,-0.56,0.00036522391107079397,10,1,100,0.03291263318038852,-10,-1,-100,4320.472367130569,-0.002980433501711112,3.497490501823385e-05,0.9999955578865828,70.39634123554987,-1.8558511662231572,-1689.0503881998814,72.10887711403558,-90.10504150390625,5068.9853515625,True
1598628808.8834121,0,5,0.5,0.5,-0.06322853622436524,-0.14,-0.011,-0.56,0.0003576947458172736,10,1,100,0.032890426340481616,-10,-1,-100,4326.238431721344,-0.0029814256449081614,3.4733460330276014e-05,0.9999955549374759,70.43027862356996,-1.8553502237450705,-1688.4133601468886,72.11108771479701,-89.9952621459961,5067.55078125,True
1598628808.9830925,0,5,0.5,0.5,-0.0461753646850586,-0.14,-0.011,-0.56,0.00035925725702800894,10,1,100,0.032819467109455755,-10,-1,-100,4329.123172688764,-0.0029816758321030055,3.4527155708037145e-05,0.9999955541986713,70.44949062141085,-1.8551803723186167,-1688.1502787333745,72.11223052134304,-89.93118286132812,5066.8330078125,True
1598628809.081671,0,5,0.5,0.5,-0.07843182220458984,-0.14,-0.011,-0.56,0.00034439985375109706,10,1,100,0.03289183920152179,-10,-1,-100,4334.864334321581,-0.0029825545090830102,3.420386996876306e-05,0.9999955515894535,70.48521380982348,-1.8548152810344614,-1687.5575634797726,72.1143545364343,-89.83331298828125,5065.39892578125,True
1598628809.1804163,0,5,0.5,0.5,-0.055824644470214846,-0.14,-0.011,-0.56,0.00038133942356290975,10,1,100,0.03290596375221575,-10,-1,-100,4340.631375055993,-0.0029834750119351245,3.4245356085374506e-05,0.9999955488421479,70.51306397535228,-1.854284846379828,-1686.780005772488,72.11653173707447,-89.78704833984375,5063.96533203125,True
1598628809.2336864,0,5,0.5,0.5,-0.01938330230712891,-0.14,-0.011,-0.56,0.0003662181352721849,10,1,100,0.03289443170940594,-10,-1,-100,4346.398903814261,-0.0029842003070294477,3.414543016945244e-05,0.9999955466813926,70.53297867592494,-1.8535632428128423,-1685.8174215171464,72.118798622302,-89.8021240234375,5062.5322265625,True
1598628809.2984269,0,5,0.5,0.5,-0.004381105041503908,-0.14,-0.011,-0.56,0.0003886946877651709,10,1,100,0.032836746861018,-10,-1,-100,4349.299270250485,-0.002984328223137077,3.425925907053669e-05,0.9999955462957621,70.53898456456494,-1.8530942421483378,-1685.2428713918666,72.11993356545108,-89.83575439453125,5061.8154296875,True
1598628809.394235,0,5,0.5,0.5,0.006185035705566406,-0.14,-0.011,-0.56,0.0003545789582259435,10,1,100,0.03288695100925599,-10,-1,-100,4352.183034275775,-0.002984894229930815,3.405303709444764e-05,0.9999955446134883,70.54291999096264,-1.8525632680469097,-1684.6180282395032,72.12099080541783,-89.87796020507812,5061.09912109375,True
1598628809.5030842,0,5,0.5,0.5,0.04572950515747071,-0.14,-0.011,-0.56,0.0003895149868859536,10,1,100,0.03292536902030372,-10,-1,-100,4357.950563205755,-0.002985751640125668,3.418409266193685e-05,0.9999955420493589,70.5488505837863,-1.851418766559846,-1683.3237076169576,72.1230618318212,-89.96853637695312,5059.6669921875,True
1598628809.55719,0,5,0.5,0.5,0.05148676910400391,-0.14,-0.011,-0.56,0.0003587503286275602,10,1,100,0.03291655638863652,-10,-1,-100,4363.718580795336,-0.002986444865248724,3.402464095871432e-05,0.9999955399847494,70.55554077165075,-1.8502534493643386,-1682.05463412656,72.12529598227299,-90.04949951171875,5058.2353515625,True
1598628809.664135,0,5,0.5,0.5,0.025981278228759768,-0.14,-0.011,-0.56,0.0003871043845827722,10,1,100,0.032876589630586484,-10,-1,-100,4366.602833141456,-0.002986705070717615,3.413848508861479e-05,0.9999955392037428,70.56009679359609,-1.8496881621167065,-1681.450877832161,72.1264395392793,-90.07799530029297,5057.52001953125,True
1598628809.7692993,0,5,0.5,0.5,0.01649336700439453,-0.14,-0.011,-0.56,0.00034989713188341115,10,1,100,0.03293640450692413,-10,-1,-100,4372.386475383188,-0.0029874796913205797,3.39044923821025e-05,0.9999955368978299,70.57527682610741,-1.8487013119228064,-1680.3870132708819,72.12856763705955,-90.0872802734375,5056.08935546875,True
1598628809.833628,0,5,0.5,0.5,-0.019729875946044924,-0.14,-0.011,-0.56,0.0003277953875139738,10,1,100,0.03294813029925415,-10,-1,-100,4378.154004413169,-0.0029882849863022637,3.349160039823114e-05,0.9999955345056065,70.59899482815536,-1.847941962369068,-1679.5307033191314,72.13075818755048,-90.04281616210938,5054.6591796875,True
1598628810.2461529,0,5,0.5,0.5,-0.0066166618347167985,-0.14,-0.011,-0.56,0.00039900871459082213,10,1,100,0.03287524577578888,-10,-1,-100,4379.574403061066,-0.002988348477750293,3.376457934569199e-05,0.9999955343066932,70.60586908230962,-1.8477800926267638,-1679.3405500442436,72.13135366999185,-90.02580261230469,5054.3017578125,True
1598628810.294215,0,5,0.5,0.5,-0.03914265518188477,-0.14,-0.011,-0.56,0.00030852732642959246,10,1,100,0.03293861273535932,-10,-1,-100,4383.9215330390725,-0.0029889769932730805,3.319058330612074e-05,0.9999955324474799,70.62839158726757,-1.8473576179731217,-1678.8122879667264,72.13295318008596,-89.96542358398438,5053.2294921875,True
1598628810.3423417,0,5,0.5,0.5,-0.03465689163208008,-0.14,-0.011,-0.56,0.00030622619170132776,10,1,100,0.032895855833849734,-10,-1,-100,4386.805785675533,-0.00298915467011522,3.2648808202416514e-05,0.999995531934225,70.64378402045608,-1.8470983946150004,-1678.4692423462309,72.13399132604133,-89.92324829101562,5052.51513671875,True
1598628810.3952565,0,5,0.5,0.5,-0.03745883560180664,-0.14,-0.011,-0.56,0.00038345142808647484,10,1,100,0.032914914021320164,-10,-1,-100,4389.6905267728725,-0.002989484946800455,3.2859693549793135e-05,0.9999955309400106,70.65909448106582,-1.846846754326791,-1678.1247965923149,72.13502507754293,-89.88531494140625,5051.80078125,True
1598628810.4994102,0,5,0.5,0.5,-0.03745986099243165,-0.14,-0.011,-0.56,0.0003321281748966265,10,1,100,0.032910938477070335,-10,-1,-100,4392.589427537052,-0.0029897443690905215,3.2586104805246664e-05,0.9999955301733869,70.6733034701391,-1.8465752918982152,-1677.754523174395,72.1360436099098,-89.85488891601562,5051.0869140625,True
1598628810.5546215,0,5,0.5,0.5,-0.036190683746337896,-0.14,-0.011,-0.56,0.0003325443245474895,10,1,100,0.032921792388082856,-10,-1,-100,4395.473192258156,-0.002990074470236914,3.2342504518202446e-05,0.9999955291943184,70.6863990486505,-1.8462817891551735,-1677.358554423718,72.13706447814394,-89.8323974609375,5050.37255859375,True
1598628810.6121583,0,5,0.5,0.5,-0.03372141799926758,-0.14,-0.011,-0.56,0.000332382551480064,10,1,100,0.03288728656492203,-10,-1,-100,4398.356956630247,-0.0029900569430411626,3.212125321858905e-05,0.9999955292538574,70.69821948275805,-1.845960547388554,-1676.9330899974634,72.13808830878939,-89.81814575195312,5049.65869140625,True
1598628810.6571062,0,5,0.5,0.5,-0.030267411041259767,-0.14,-0.011,-0.56,0.0003668528877887137,10,1,100,0.03294371464223639,-10,-1,-100,4401.241209442262,-0.0029905507080407985,3.223521271969198e-05,0.9999955277736764,70.70876925627012,-1.8456098705287727,-1676.4783122806236,72.13911617338373,-89.81204223632812,5048.94482421875,True
1598628810.7083988,0,5,0.5,0.5,-0.025945701599121095,-0.14,-0.011,-0.56,0.0003366474753440417,10,1,100,0.032937830496780326,-10,-1,-100,4404.124973992468,-0.002990942597047846,3.206594785516937e-05,0.9999955266070725,70.71812821825627,-1.8452285978389922,-1675.9968811426804,72.14018240692779,-89.81375122070312,5048.2314453125,True
1598628810.809147,0,5,0.5,0.5,-0.02120080718994141,-0.14,-0.011,-0.56,0.000361836773423714,10,1,100,0.03291164084606981,-10,-1,-100,4407.00873850286,-0.0029910576239516777,3.214273572862487e-05,0.9999955262605602,70.72645561542276,-1.8448201608149473,-1675.4910847845426,72.14121703518862,-89.82232666015625,5047.517578125,True
1598628810.8622377,0,5,0.5,0.5,-0.0027470565795898426,-0.14,-0.011,-0.56,0.0003331904863167484,10,1,100,0.03295053966587931,-10,-1,-100,4412.793357295566,-0.0029915132989192027,3.195334833503892e-05,0.9999955249035698,70.7402326718527,-1.8439231334953021,-1674.4148448479064,72.14333726387883,-89.85589599609375,5046.0908203125,True
1598628810.9210892,0,5,0.5,0.5,-0.005219720458984374,-0.14,-0.011,-0.56,0.00036449072340678974,10,1,100,0.0329415333462897,-10,-1,-100,4415.676633229596,-0.0029918427961468934,3.206737216078902e-05,0.9999955239141658,70.74606947820732,-1.8434411208075274,-1673.8543605991472,72.14445746336271,-89.87948608398438,5045.3779296875,True
1598628811.021319,0,5,0.5,0.5,-0.001285321044921876,-0.14,-0.011,-0.56,0.00037042838716787964,10,1,100,0.032924897760921924,-10,-1,-100,4418.560397560359,-0.0029919885012115654,3.222603004670387e-05,0.9999955234731261,70.75147597093257,-1.8429426292648887,-1673.283738074822,72.14554165524193,-89.90411376953125,5044.6650390625,True
1598628811.067125,0,5,0.5,0.5,0.017031033325195316,-0.14,-0.011,-0.56,0.0003205762874697824,10,1,100,0.03297526821680643,-10,-1,-100,4424.301559346961,-0.0029925762973864933,3.191744792587622e-05,0.9999955217241631,70.76230841733047,-1.8419290742274392,-1672.1455946424655,72.14771517808,-89.95001220703125,5043.2392578125,True
1598628811.1180992,0,5,0.5,0.5,0.006309963989257813,-0.14,-0.011,-0.56,0.00037534534946957206,10,1,100,0.03294180783124221,-10,-1,-100,4427.201436920208,-0.002992803661903493,3.21356758756891e-05,0.9999955210367393,70.76791091964672,-1.8414205999856714,-1671.582042277036,72.14879624388989,-89.9713134765625,5042.5263671875,True
1598628811.1725464,0,5,0.5,0.5,0.006258587646484376,-0.14,-0.011,-0.56,0.00035371522913789263,10,1,100,0.032944377819339586,-10,-1,-100,4430.08520142606,-0.0029930309392718207,3.213783694425786e-05,0.9999955203564443,70.7738972124486,-1.8409167257591763,-1671.0283953474618,72.14987883509608,-89.98809814453125,5041.8134765625,True
1598628811.2251236,0,5,0.5,0.5,0.005057330322265626,-0.14,-0.011,-0.56,0.0003717393848692693,10,1,100,0.032964958805716954,-10,-1,-100,4432.969454030972,-0.002993421967238245,3.230384357467284e-05,0.999995519180655,70.78061326901509,-1.840428688572047,-1670.4920112513435,72.15092493117915,-89.99956512451172,5041.1015625,True
1598628811.2772532,0,5,0.5,0.5,0.0038074592590332033,-0.14,-0.011,-0.56,0.00034719703803771495,10,1,100,0.03293656472374484,-10,-1,-100,4435.8532182796625,-0.0029935162600768866,3.223148045807589e-05,0.999995518900726,70.78796790624084,-1.8399558366098414,-1669.971460998345,72.15196907124125,-90.00666809082031,5040.3896484375,True
1598628811.3313537,0,5,0.5,0.5,0.002174776458740235,-0.14,-0.011,-0.56,0.00034813265604606894,10,1,100,0.03294557885960501,-10,-1,-100,4438.73698269669,-0.0029936812315725296,3.217420481784698e-05,0.9999955184087097,70.79595418936165,-1.8394980463735446,-1669.4665784569281,72.15301272425563,-90.00971221923828,5039.677734375,True
1598628811.3941028,0,5,0.5,0.5,0.00024769439697265637,-0.14,-0.011,-0.56,0.00032623419374740094,10,1,100,0.03295773069867368,-10,-1,-100,4441.619770361693,-0.0029939391872559886,3.1922960708594014e-05,0.9999955176444881,70.80448871488196,-1.839053416227494,-1668.9754901569463,72.15406091842803,-90.00908660888672,5038.9658203125,True
1598628811.4422808,0,5,0.5,0.5,-0.0019415840148925782,-0.14,-0.011,-0.56,0.0003524069285165,10,1,100,0.03298298249720432,-10,-1,-100,4444.5206247995375,-0.00299440063462459,3.193269072082861e-05,0.9999955162625194,70.81345515039358,-1.8386216774527866,-1668.4953879832901,72.155111727837,-90.00516510009766,5038.25390625,True
1598628811.4960434,0,5,0.5,0.5,-0.004393202209472657,-0.14,-0.011,-0.56,0.00032791132997751955,10,1,100,0.03295865755567762,-10,-1,-100,4447.404877581983,-0.0029945963715497068,3.171886770670043e-05,0.999995515683188,70.82288418305092,-1.8382030280246657,-1668.0270064914957,72.15616739895052,-89.998291015625,5037.5419921875,True
1598628811.5512123,0,5,0.5,0.5,-0.006800358581542969,-0.14,-0.011,-0.56,0.0003396578221164715,10,1,100,0.03297330447205995,-10,-1,-100,4450.288153526722,-0.0029949049647438318,3.163158626280536e-05,0.9999955147617888,70.83271605319162,-1.8377964459818592,-1667.568953743208,72.15722821553805,-89.98916625976562,5036.83056640625,True
1598628811.6092553,0,5,0.5,0.5,-0.009031019592285158,-0.14,-0.011,-0.56,0.00035838965753275326,10,1,100,0.03300930393045928,-10,-1,-100,4453.172406106489,-0.0029955101204843645,3.1723069311943223e-05,0.9999955129463156,70.84274487119966,-1.837398446826798,-1667.116194417653,72.15828722017504,-89.97854614257812,5036.119140625,True
1598628811.6642115,0,5,0.5,0.5,-0.011084593200683595,-0.14,-0.011,-0.56,0.00031341882990071904,10,1,100,0.032943551451752234,-10,-1,-100,4456.056659017573,-0.002995459845148332,3.1397586722335454e-05,0.9999955131071877,70.85299936924652,-1.8370088377491909,-1666.6694432734023,72.1593444142477,-89.96707153320312,5035.408203125,True
1598628811.7193627,0,5,0.5,0.5,-0.012781153869628907,-0.14,-0.011,-0.56,0.00032154007717001565,10,1,100,0.03298276150140594,-10,-1,-100,4458.957024918986,-0.002995768180582205,3.1176193969825046e-05,0.9999955121904563,70.86324666975251,-1.8366222472745886,-1666.223260244881,72.16040405709848,-89.95547485351562,5034.697265625,True
1598628811.7746685,0,5,0.5,0.5,-0.014141502380371096,-0.14,-0.011,-0.56,0.0003462791820225773,10,1,100,0.03297709830429022,-10,-1,-100,4461.840300827054,-0.002995994513510755,3.1200703005270174e-05,0.9999955115116224,70.87341228612145,-1.836235012914668,-1665.7759144311167,72.16146507358651,-89.94430541992188,5033.986328125,True
1598628811.8380845,0,5,0.5,0.5,-0.015061052703857422,-0.14,-0.011,-0.56,0.0003144622261374104,10,1,100,0.03299080595067482,-10,-1,-100,4464.724065462826,-0.002996322547007231,3.09347417481455e-05,0.9999955105370404,70.88351190889873,-1.835849403426219,-1665.327719846097,72.16252534009705,-89.93414306640625,5033.275390625,True
1598628811.9380975,0,5,0.5,0.5,-0.015559531402587892,-0.14,-0.011,-0.56,0.00034773365900438885,10,1,100,0.03299435766848255,-10,-1,-100,4467.60734189488,-0.0029966504964505244,3.099660521201372e-05,0.9999955095524242,70.89332400586913,-1.8354583190717888,-1664.873502131208,72.16358507126758,-89.9254150390625,5032.564453125,True
1598628811.9890943,0,5,0.5,0.5,-0.01930948486328125,-0.14,-0.011,-0.56,0.0003279527263817756,10,1,100,0.033018412161552706,-10,-1,-100,4473.391960238223,-0.0029971646101860853,3.0874088609511834e-05,0.9999955080154561,70.91217989516579,-1.8346633022968701,-1663.9501053923132,72.16574846287305,-89.9132080078125,5031.1435546875,True
1598628812.0429397,0,5,0.5,0.5,-0.014800693511962892,-0.14,-0.011,-0.56,0.00030021521382960674,10,1,100,0.0329785220535674,-10,-1,-100,4476.2752361053135,-0.002997266416761338,3.051150419503502e-05,0.9999955077214473,70.9211923674246,-1.8342566908477242,-1663.480976979117,72.16688891984063,-89.9100341796875,5030.43310546875,True
1598628812.1024566,0,5,0.5,0.5,-0.013533877563476564,-0.14,-0.011,-0.56,0.00030786922883990254,10,1,100,0.0330295118694415,-10,-1,-100,4479.159488871926,-0.0029978199067175713,3.0252755942445872e-05,0.9999955060701912,70.92994570362453,-1.833845885188694,-1663.0056952025052,72.16798988837633,-89.90945434570312,5029.72314453125,True
1598628812.1481183,0,5,0.5,0.5,-0.012046514892578125,-0.14,-0.011,-0.56,0.000358430639381812,10,1,100,0.03299590342402212,-10,-1,-100,4482.044229626423,-0.0029980146175965458,3.0478512273895147e-05,0.999995505479606,70.9380677620097,-1.8334182728009543,-1662.5155056435226,72.16905191523435,-89.9112548828125,5029.01318359375,True
1598628812.2012455,0,5,0.5,0.5,-0.010555679321289065,-0.14,-0.011,-0.56,0.0003171321123949882,10,1,100,0.03296893327649112,-10,-1,-100,4484.943130861619,-0.002997943617370011,3.0309352397140552e-05,0.9999955056976059,70.94592252999907,-1.8329837100498383,-1662.019787397493,72.17011263550083,-89.91494750976562,5028.30322265625,True
1598628812.2532315,0,5,0.5,0.5,-0.009168728637695314,-0.14,-0.011,-0.56,0.00036691516662954777,10,1,100,0.03302812172134877,-10,-1,-100,4487.827383417869,-0.002998414936211062,3.0609429108509465e-05,0.9999955042753608,70.95343112600999,-1.832539158302934,-1661.5166369657516,72.17117102195229,-89.91998291015625,5027.59375,True
1598628812.3071437,0,5,0.5,0.5,-0.007896063232421875,-0.14,-0.011,-0.56,0.00031331514346745275,10,1,100,0.03302288276081148,-10,-1,-100,4490.710659631644,-0.0029987930945243484,3.0395669687929273e-05,0.9999955031479288,70.96079677592759,-1.832091509365744,-1661.0108653514153,72.1722283810055,-89.9259033203125,5026.8837890625,True
1598628812.361209,0,5,0.5,0.5,-0.0068006622314453116,-0.14,-0.011,-0.56,0.00032337405156057696,10,1,100,0.03299555324214024,-10,-1,-100,4493.594912063563,-0.0029988856747176504,3.029349712850468e-05,0.999995502873395,70.96798388824845,-1.8316384076128236,-1660.5016967537726,72.17328589216663,-89.9322509765625,5026.1748046875,True
1598628812.413419,0,5,0.5,0.5,-0.005861163330078125,-0.14,-0.011,-0.56,0.00032882565641670515,10,1,100,0.033016966468102246,-10,-1,-100,4496.479652891285,-0.002999161875891937,3.025099776033509e-05,0.9999955020463439,70.97514619619024,-1.8311835396924934,-1659.9927368167334,72.17434491341507,-89.93869018554688,5025.46533203125,True
1598628812.5121827,0,5,0.5,0.5,-0.005125570678710938,-0.14,-0.011,-0.56,0.0003365278760792103,10,1,100,0.03302000311228265,-10,-1,-100,4499.379042644985,-0.0029994379925166693,3.028300373528352e-05,0.9999955012172149,70.98228073291709,-1.830725860430083,-1659.4839490838233,72.1754063695226,-89.94488525390625,5024.755859375,True
1598628812.6121078,0,5,0.5,0.5,-0.0011820343017578125,-0.14,-0.011,-0.56,0.00030914810995985023,10,1,100,0.03304778920927764,-10,-1,-100,4505.147059385781,-0.0029999390744245022,3.0063841840039485e-05,0.9999954997207314,70.99668834165901,-1.8298100453768644,-1658.4718672295207,72.17753128415447,-89.9554443359375,5023.337890625,True
1598628812.667095,0,5,0.5,0.5,-0.001921707153320313,-0.14,-0.011,-0.56,0.0003527651966528572,10,1,100,0.03304744199762267,-10,-1,-100,4510.930213644402,-0.0030003889247218157,3.026185931136267e-05,0.9999954983651278,71.01144506252511,-1.8289038875879582,-1657.4742161465936,72.17981110684036,-89.9627685546875,5021.92041015625,True
1598628812.7184868,0,5,0.5,0.5,-0.0047689727783203125,-0.14,-0.011,-0.56,0.00030858648672022724,10,1,100,0.03305111705252439,-10,-1,-100,4513.813977759099,-0.0030008284504839705,3.0040477508526816e-05,0.9999954970529519,71.01918122781932,-1.8284583770194642,-1656.9856963035609,72.18099092752175,-89.9644775390625,5021.2119140625,True
1598628812.7711227,0,5,0.5,0.5,-0.005750927734375,-0.14,-0.011,-0.56,0.0003178323690541749,10,1,100,0.03299955232683259,-10,-1,-100,4516.697741929209,-0.003000756514085307,2.9923467780288217e-05,0.9999954972723273,71.0270690713621,-1.8280175777224443,-1656.4997484182713,72.18209009872442,-89.96435546875,5020.5029296875,True
1598628812.8240964,0,5,0.5,0.5,-0.006713635253906251,-0.14,-0.011,-0.56,0.00034937652250388015,10,1,100,0.033049751235023,-10,-1,-100,4519.581994431792,-0.0030011449784369,3.0104364917335544e-05,0.9999954961011303,71.03506962275983,-1.82758003946806,-1656.0161709626998,72.18314401134485,-89.96279907226562,5019.794921875,True
1598628812.8796015,0,5,0.5,0.5,-0.007519763183593751,-0.14,-0.011,-0.56,0.0003093782681003633,10,1,100,0.03302691351060645,-10,-1,-100,4522.482360198977,-0.003001287601842682,2.9905382717782785e-05,0.9999954956790551,71.04327241184441,-1.8271487692579573,-1655.5380306187863,72.18419504861552,-89.9603271484375,5019.0869140625,True
1598628812.9380362,0,5,0.5,0.5,-0.008248699951171876,-0.14,-0.011,-0.56,0.000345858012373577,10,1,100,0.033036401757072065,-10,-1,-100,4525.366124626948,-0.0030015009047561427,3.0056763890119242e-05,0.9999954950343076,71.0515145931283,-1.8267203214528747,-1655.061416235361,72.18524243129548,-89.95724487304688,5018.37890625,True
1598628813.036902,0,5,0.5,0.5,-0.008880728149414064,-0.14,-0.011,-0.56,0.00028912471833937906,10,1,100,0.03304002305455212,-10,-1,-100,4528.24988868169,-0.0030017252757361694,2.967893401538496e-05,0.9999954943721145,71.05974796660888,-1.8262923928302186,-1654.585319233157,72.18629013592223,-89.95382690429688,5017.67138671875,True
1598628813.0821903,0,5,0.5,0.5,-0.01209124755859375,-0.14,-0.011,-0.56,0.0003273209189673432,10,1,100,0.03308181329425135,-10,-1,-100,4534.033042602357,-0.003002306579168897,2.968324919234721e-05,0.9999954926268965,71.07635715719088,-1.8254416387679582,-1653.6404319471635,72.18847006702093,-89.94647216796875,5016.255859375,True
1598628813.136224,0,5,0.5,0.5,-0.010506149291992188,-0.14,-0.011,-0.56,0.0003139635147696802,10,1,100,0.03306885802468301,-10,-1,-100,4536.91778379865,-0.0030027144028359582,2.956625726830504e-05,0.9999954914058619,71.0846463678816,-1.8250176577656194,-1653.168797056664,72.18956452097602,-89.94284057617188,5015.548828125,True
1598628813.19537,0,5,0.5,0.5,-0.0106322998046875,-0.14,-0.011,-0.56,0.00029798076980936403,10,1,100,0.033046221515342866,-10,-1,-100,4539.80154759367,-0.0030028763866208133,2.931525487996108e-05,0.9999954909268454,71.09289780176938,-1.8245949393762642,-1652.696912220032,72.1906554764929,-89.93975830078125,5014.84130859375,True
1598628813.2413912,0,5,0.5,0.5,-0.010504290771484376,-0.14,-0.011,-0.56,0.0003117648269994369,10,1,100,0.03306396226936277,-10,-1,-100,4542.685312017449,-0.0030031822539052294,2.9213061034976396e-05,0.9999954900113036,71.10095570151795,-1.8241676956832955,-1652.2203296488842,72.19170457605142,-89.9375,5014.1337890625,True
1598628813.2961686,0,5,0.5,0.5,-0.010378277587890625,-0.14,-0.011,-0.56,0.00033440699727166833,10,1,100,0.03304367080894393,-10,-1,-100,4545.585189700476,-0.003003273307860724,2.9326948904080047e-05,0.9999954897345129,71.10883614711085,-1.8237362992376955,-1651.7411691878056,72.19279201909413,-89.9359130859375,5013.42724609375,True
1598628813.3527908,0,5,0.5,0.5,-0.010183258056640627,-0.14,-0.011,-0.56,0.00032398788770634525,10,1,100,0.03309546975620509,-10,-1,-100,4548.469930519699,-0.003003824761106842,2.9336412815039017e-05,0.9999954880779109,71.11664983013245,-1.8233049521555214,-1651.2603221289944,72.19383886260685,-89.93496704101562,5012.72021484375,True
1598628813.4553552,0,5,0.5,0.5,-0.00992078552246094,-0.14,-0.011,-0.56,0.0003158501815470337,10,1,100,0.03304721581693112,-10,-1,-100,4551.353206836735,-0.0030038846207489844,2.9271570909885476e-05,0.9999954879000006,71.12429033254148,-1.8228701926942266,-1650.7762453808139,72.19488847041545,-89.93463134765625,5012.013671875,True
1598628813.565166,0,5,0.5,0.5,-0.00899473876953125,-0.14,-0.011,-0.56,0.00030062096384895354,10,1,100,0.03306584155601347,-10,-1,-100,4557.136848677648,-0.003004105872922306,2.9074933375224664e-05,0.9999954872410938,71.13919466971079,-1.821993346582042,-1649.8020063030453,72.19701285492184,-89.93572998046875,5010.6005859375,True
1598628813.6690645,0,5,0.5,0.5,-0.007458074951171874,-0.14,-0.011,-0.56,0.0003419599900004415,10,1,100,0.033108982943199805,-10,-1,-100,4562.904865413206,-0.003004696643626038,2.9272736262676142e-05,0.9999954854604027,71.15385804110689,-1.8211087141005247,-1648.8268731385035,72.19921924330396,-89.9388427734375,5009.18798828125,True
1598628813.721535,0,5,0.5,0.5,-0.006081222534179689,-0.14,-0.011,-0.56,0.0002766998865371186,10,1,100,0.03308349990298157,-10,-1,-100,4568.661652067676,-0.00300499913868302,2.8859996153990407e-05,0.9999954845634439,71.1679817104611,-1.8202101555898895,-1647.8430870059342,72.20146927948025,-89.94332885742188,5007.77587890625,True
1598628813.7762234,0,5,0.5,0.5,-0.006960079956054688,-0.14,-0.011,-0.56,0.0002820653911283781,10,1,100,0.03310173959114977,-10,-1,-100,4571.545904366067,-0.003005436973297308,2.853429967679791e-05,0.9999954832569962,71.17518439168555,-1.819764595491495,-1647.3562894214801,72.20262933416222,-89.9456787109375,5007.0703125,True
1598628813.8755689,0,5,0.5,0.5,-0.006909683227539063,-0.14,-0.011,-0.56,0.00033115063765719533,10,1,100,0.03303556106760268,-10,-1,-100,4574.429668545839,-0.0030052305360106614,2.8685485983717208e-05,0.9999954838730863,71.18220983151684,-1.8193139485282077,-1646.8642549232468,72.20370242445348,-89.9476318359375,5006.3642578125,True
1598628813.9285564,0,5,0.5,0.5,-0.0062037292480468745,-0.14,-0.011,-0.56,0.00032706610754809845,10,1,100,0.03311450458497309,-10,-1,-100,4580.213798776036,-0.0030057582466960094,2.8786596690183495e-05,0.9999954822841423,71.19625971365058,-1.8184134493086954,-1645.8812586683478,72.20579513821664,-89.9501953125,5004.953125,True
1598628813.9811642,0,5,0.5,0.5,-0.007115100097656251,-0.14,-0.011,-0.56,0.00031388755155306407,10,1,100,0.0330762881648633,-10,-1,-100,4583.097074970719,-0.0030058879418088957,2.8759191058097786e-05,0.9999954818950885,71.2033702421638,-1.8179659303255558,-1645.3940478123243,72.20689905597916,-89.950927734375,5004.248046875,True
1598628814.035086,0,5,0.5,0.5,-0.007339587402343751,-0.14,-0.011,-0.56,0.00029958897899836343,10,1,100,0.03309491008635963,-10,-1,-100,4585.996952217305,-0.0030061726769361192,2.8604702432956117e-05,0.9999954810435931,71.21058326419669,-1.8175216211354763,-1644.9091470987144,72.20796266854407,-89.951171875,5003.54296875,True
1598628814.0863776,0,5,0.5,0.5,-0.007587695312500002,-0.14,-0.011,-0.56,0.0003135621354941134,10,1,100,0.033091212746867424,-10,-1,-100,4588.881693190313,-0.0030063952790845066,2.8591943511398802e-05,0.9999954803747498,71.21772448710965,-1.8170767055081711,-1644.4223974518977,72.20898592591779,-89.95098876953125,5002.837890625,True
1598628814.1402898,0,5,0.5,0.5,-0.007830691528320314,-0.14,-0.011,-0.56,0.00031091998941756605,10,1,100,0.03308686109239656,-10,-1,-100,4591.764968914329,-0.003006555747344235,2.8557001772290486e-05,0.9999954798933022,71.22486522674183,-1.8166328078705045,-1643.9363576073242,72.21000892083049,-89.95046997070312,5002.13330078125,True
1598628814.199327,0,5,0.5,0.5,-0.00803543701171875,-0.14,-0.011,-0.56,0.00032605779201331527,10,1,100,0.03310114748427677,-10,-1,-100,4594.648733354406,-0.0030068290755732668,2.8663502550460278e-05,0.9999954790684377,71.23203727782435,-1.8161904458704412,-1643.4516777321924,72.2110295393216,-89.94973754882812,5001.4287109375,True
1598628814.2453184,0,5,0.5,0.5,-0.008229379272460938,-0.14,-0.011,-0.56,0.00030739154273106393,10,1,100,0.03309636000792386,-10,-1,-100,4597.549098990974,-0.003007031557630405,2.8591002292434862e-05,0.9999954784616608,71.23917341479549,-1.815747830822111,-1642.9669490258284,72.21205194694585,-89.9488525390625,5000.724609375,True
1598628814.3052762,0,5,0.5,0.5,-0.008406356811523439,-0.14,-0.011,-0.56,0.000325481826589167,10,1,100,0.03309396920313179,-10,-1,-100,4600.4328633937985,-0.0030071917749896894,2.869016985109473e-05,0.9999954779770269,71.2462949954114,-1.8153056244412835,-1642.4834669813629,72.21311574846766,-89.9478759765625,5000.02001953125,True
1598628814.3585348,0,5,0.5,0.5,-0.008580798339843751,-0.14,-0.011,-0.56,0.00030104269700918963,10,1,100,0.033113803346140405,-10,-1,-100,4603.316627723863,-0.0030075157442197476,2.8558302659424724e-05,0.9999954770065073,71.2535215056327,-1.8148678222708414,-1642.0022846409654,72.21414089355301,-89.94683837890625,4999.3154296875,True
1598628814.4511685,0,5,0.5,0.5,-0.008703424072265627,-0.14,-0.011,-0.56,0.00030872834844841853,10,1,100,0.03309143595293197,-10,-1,-100,4606.216993499431,-0.0030076050319716124,2.850827113191532e-05,0.9999954767393952,71.26059908527817,-1.8144272942889963,-1641.5191769734893,72.21520457416439,-89.94583129882812,4998.611328125,True
1598628814.5041904,0,5,0.5,0.5,-0.00942317810058594,-0.14,-0.011,-0.56,0.0003019116741484679,10,1,100,0.033139362605104104,-10,-1,-100,4611.98452212417,-0.0030081197408603627,2.840097926313613e-05,0.9999954751942675,71.27474095101107,-1.8135504341787778,-1640.554114685487,72.2172979610094,-89.94400024414062,4997.2041015625,True
1598628814.5580735,0,5,0.5,0.5,-0.008917297363281252,-0.14,-0.011,-0.56,0.0002874199116340454,10,1,100,0.03310133456733693,-10,-1,-100,4614.883911320125,-0.00300823980178483,2.817204846632125e-05,0.9999954748395768,71.28181808193222,-1.8131130979168648,-1640.0740321078797,72.21840313554134,-89.94326782226562,4996.5,True
1598628814.612422,0,5,0.5,0.5,-0.008878726196289063,-0.14,-0.011,-0.56,0.00033262142992301707,10,1,100,0.03310494692668906,-10,-1,-100,4617.768652344355,-0.003008379649655751,2.8375386219654533e-05,0.99999547441312,71.288854024942,-1.8126754114437647,-1639.5929225075201,72.21947194299264,-89.9427490234375,4995.7958984375,True
1598628814.6652498,0,5,0.5,0.5,-0.008768362426757815,-0.14,-0.011,-0.56,0.00032396821856718085,10,1,100,0.03310996966211926,-10,-1,-100,4620.65241645975,-0.0030085504389762083,2.8481781634189282e-05,0.9999954738962794,71.29570892818204,-1.812233772252894,-1639.1075650006978,72.22050115825041,-89.9425048828125,4995.0927734375,True
1598628814.7263196,0,5,0.5,0.5,-0.008662338256835938,-0.14,-0.011,-0.56,0.00029962594687679407,10,1,100,0.03312308025682007,-10,-1,-100,4623.552782400162,-0.0030088229299830935,2.8357311506469365e-05,0.999995473079973,71.30252380466948,-1.8117922589374797,-1638.6218619397507,72.22152576614025,-89.94247436523438,4994.3896484375,True
1598628814.774133,0,5,0.5,0.5,-0.008547232055664064,-0.14,-0.011,-0.56,0.00031638231245288895,10,1,100,0.03312943555162802,-10,-1,-100,4626.436546379351,-0.0030091263634124807,2.8396668977657413e-05,0.9999954721658284,71.30924270854806,-1.8113498981383431,-1638.134622188894,72.22254906008533,-89.942626953125,4993.6865234375,True
1598628814.8261678,0,5,0.5,0.5,-0.008405517578125,-0.14,-0.011,-0.56,0.0003028202739521501,10,1,100,0.03312367939454621,-10,-1,-100,4629.319334306987,-0.003009347794840417,2.8309399813796924e-05,0.99999547150196,71.31592336030991,-1.8109062084240828,-1637.6480452771375,72.22361185952836,-89.94296264648438,4992.9833984375,True
1598628814.8783941,0,5,0.5,0.5,-0.00830091247558594,-0.14,-0.011,-0.56,0.00030110913122117486,10,1,100,0.03312270334754207,-10,-1,-100,4632.219700095244,-0.0030095381173137667,2.821476436953183e-05,0.9999954709318676,71.32262359707313,-1.810463765094086,-1637.1619495778175,72.2246415531119,-89.94338989257812,4992.28076171875,True
1598628814.9302473,0,5,0.5,0.5,-0.008181945800781252,-0.14,-0.011,-0.56,0.0002943762992253043,10,1,100,0.03311022274551169,-10,-1,-100,4635.10395258537,-0.0030095955446871503,2.806795677067525e-05,0.9999954707631665,71.32919920787096,-1.8100187617584014,-1636.6737105551438,72.22567226376495,-89.94390869140625,4991.578125,True
1598628814.9840872,0,5,0.5,0.5,-0.008091174316406251,-0.14,-0.011,-0.56,0.0003305536537135457,10,1,100,0.03314362736499904,-10,-1,-100,4637.988204767462,-0.0030099495390215046,2.8263826126961236e-05,0.9999954696922025,71.33579236132591,-1.8095745608790972,-1636.1866746933383,72.22670607924032,-89.9444580078125,4990.875,True
1598628815.0371222,0,5,0.5,0.5,-0.00797305603027344,-0.14,-0.011,-0.56,0.0003005246693909462,10,1,100,0.03310916288079548,-10,-1,-100,4640.887594407657,-0.0030099559071899307,2.8169120634293005e-05,0.999995469675707,71.34234436694021,-1.809129532201456,-1635.6993394346746,72.22773840614582,-89.945068359375,4990.1728515625,True
1598628815.0890605,0,5,0.5,0.5,-0.007929156494140626,-0.14,-0.011,-0.56,0.0003093911078621019,10,1,100,0.03312401036713768,-10,-1,-100,4643.771846899646,-0.003010095004340402,2.816383949854043e-05,0.9999954692571676,71.34884342274309,-1.8086840206771684,-1635.2115181269933,72.22877038121122,-89.94561767578125,4989.470703125,True
1598628815.141984,0,5,0.5,0.5,-0.007849667358398439,-0.14,-0.011,-0.56,0.00029458360133987835,10,1,100,0.03314919795734443,-10,-1,-100,4646.655122852535,-0.003010448747840387,2.8024432233079496e-05,0.9999954681962152,71.35531734408156,-1.8082384009056605,-1634.7238246378427,72.2298046852855,-89.9461669921875,4988.7685546875,True
1598628815.202975,0,5,0.5,0.5,-0.007811727905273438,-0.14,-0.011,-0.56,0.0003062654382446255,10,1,100,0.03313832392926123,-10,-1,-100,4649.555488972692,-0.0030106695970412672,2.8004215921782324e-05,0.999995467531899,71.36172806938178,-1.807790917754742,-1634.2354009816431,72.23083908612611,-89.9466552734375,4988.06640625,True
1598628815.2932546,0,5,0.5,0.5,-0.007824252319335936,-0.14,-0.011,-0.56,0.00032240673737187083,10,1,100,0.03314073530318686,-10,-1,-100,4652.439741319511,-0.0030108903641158776,2.8133010690589313e-05,0.9999954668635999,71.36817993758766,-1.807345830912218,-1633.7486144881063,72.23187327585661,-89.947021484375,4987.3642578125,True
1598628815.3453097,0,5,0.5,0.5,-0.007682531738281251,-0.14,-0.011,-0.56,0.0002788553126296428,10,1,100,0.03316617905627109,-10,-1,-100,4658.223383065313,-0.0030113204888170776,2.7854378710771667e-05,0.9999954655762432,71.38099370181995,-1.806454731734225,-1632.7759231907373,72.2339823232448,-89.947509765625,4985.9609375,True
1598628815.399513,0,5,0.5,0.5,-0.00786514892578125,-0.14,-0.011,-0.56,0.000301167731182122,10,1,100,0.03315324110822697,-10,-1,-100,4661.107147295261,-0.003011591898903763,2.780441007074806e-05,0.9999954647602903,71.38741788079598,-1.8060108181867762,-1632.2922105906064,72.23509350535589,-89.9476318359375,4985.2587890625,True
1598628815.4992564,0,5,0.5,0.5,-0.007949734497070314,-0.14,-0.011,-0.56,0.0003268359157706861,10,1,100,0.03313596313666537,-10,-1,-100,4663.9909112866735,-0.0030116795227828597,2.799279024857086e-05,0.9999954644911424,71.39391297530356,-1.8055685748783359,-1631.8100048093393,72.23616564349327,-89.94760131835938,4984.5576171875,True
1598628815.558233,0,5,0.5,0.5,-0.008184359741210939,-0.14,-0.011,-0.56,0.0003207271970619371,10,1,100,0.03316468681413744,-10,-1,-100,4669.775529790553,-0.0030120183584631762,2.8108712943894746e-05,0.9999954634673642,71.40656196374825,-1.8046791649382399,-1630.8389943692382,72.23826823677419,-89.94723510742188,4983.1552734375,True
1598628815.6662016,0,5,0.5,0.5,-0.008167883300781251,-0.14,-0.011,-0.56,0.0002724952533770679,10,1,100,0.03316987509348779,-10,-1,-100,4672.658805468935,-0.0030123713545177617,2.777558794598745e-05,0.9999954624133748,71.41297441394521,-1.804237606519646,-1630.3576847402871,72.23937506931398,-89.94696044921875,4982.4541015625,True
1598628815.723376,0,5,0.5,0.5,-0.008459930419921876,-0.14,-0.011,-0.56,0.0003078894631179396,10,1,100,0.03316739470182217,-10,-1,-100,4678.44244750496,-0.003012667509356337,2.7794956434789625e-05,0.9999954615206603,71.42568781249435,-1.803353139051883,-1629.392940715412,72.24150801068853,-89.94631958007812,4981.052734375,True
1598628815.77643,0,5,0.5,0.5,-0.008291928100585938,-0.14,-0.011,-0.56,0.00027420905466338247,10,1,100,0.03314640673748334,-10,-1,-100,4681.325723431539,-0.0030127434762590834,2.7506718769749723e-05,0.9999954612997634,71.43199319628224,-1.8029104686928243,-1628.911126849161,72.24260896497296,-89.946044921875,4980.3515625,True
1598628815.8762937,0,5,0.5,0.5,-0.008308547973632813,-0.14,-0.011,-0.56,0.0002966338016951862,10,1,100,0.033152062511106375,-10,-1,-100,4684.226577280206,-0.0030128615455018632,2.744914324793784e-05,0.9999954609456245,71.43835758443996,-1.8024689110444496,-1628.430506039209,72.2436680559489,-89.94580078125,4979.6513671875,True
1598628815.976178,0,5,0.5,0.5,-0.008407217407226565,-0.14,-0.011,-0.56,0.0002897009316517792,10,1,100,0.03320003426295485,-10,-1,-100,4690.010218965821,-0.003013402794559684,2.733429876315528e-05,0.9999954593179081,71.45063148557034,-1.801574535242898,-1627.4599436382941,72.24573936174765,-89.94546508789062,4978.2509765625,True
1598628816.029402,0,5,0.5,0.5,-0.008284625244140626,-0.14,-0.011,-0.56,0.00030158144553671916,10,1,100,0.033188889137521396,-10,-1,-100,4695.77823575458,-0.0030137910351105642,2.7338508373360252e-05,0.999995458147787,71.46293969424659,-1.8006844908144402,-1626.4961851123355,72.24796530362147,-89.94537353515625,4976.8505859375,True
1598628816.0821776,0,5,0.5,0.5,-0.00823516845703125,-0.14,-0.011,-0.56,0.00030212925434434555,10,1,100,0.033168895701310805,-10,-1,-100,4698.67811290198,-0.003013959585581273,2.7348037646631583e-05,0.9999954576395341,71.46908812059698,-1.8002405389887919,-1626.013935734596,72.24901790562699,-89.94537353515625,4976.150390625,True
1598628816.1334882,0,5,0.5,0.5,-0.008173431396484377,-0.14,-0.011,-0.56,0.0003038333389642921,10,1,100,0.03314039007967126,-10,-1,-100,4701.562853786512,-0.0030138512720881356,2.7372652610754254e-05,0.999995457965309,71.47522537721052,-1.799796871090012,-1625.5320552446758,72.25006713769751,-89.94546508789062,4975.451171875,True
1598628816.18631,0,5,0.5,0.5,-0.008120272827148438,-0.14,-0.011,-0.56,0.0002794479415923574,10,1,100,0.033201373595736286,-10,-1,-100,4704.446129615535,-0.0030143051469011615,2.7173736926993632e-05,0.9999954566027133,71.48111397695675,-1.7993472098407048,-1625.04433617361,72.25107405071456,-89.94561767578125,4974.75146484375,True
1598628816.24045,0,5,0.5,0.5,-0.008101092529296876,-0.14,-0.011,-0.56,0.0002994898320388028,10,1,100,0.03316575100175842,-10,-1,-100,4707.34600719763,-0.003014391531673097,2.717584808519855e-05,0.9999954563422612,71.48703948820504,-1.7988988774487953,-1624.5580944841497,72.25207877475127,-89.94577026367188,4974.05224609375,True
1598628816.2925246,0,5,0.5,0.5,-0.008081341552734374,-0.14,-0.011,-0.56,0.00027975939699971964,10,1,100,0.03317803946581267,-10,-1,-100,4710.23025944992,-0.0030145796191633407,2.6999247787628354e-05,0.9999954557800552,71.4929563988675,-1.7984509002537814,-1624.0723571799497,72.2530827859536,-89.9459228515625,4973.3525390625,True
1598628816.3457942,0,5,0.5,0.5,-0.00803975830078125,-0.14,-0.011,-0.56,0.0002803631357390484,10,1,100,0.03316893570565356,-10,-1,-100,4713.129648719681,-0.003014665838821529,2.6844896360338763e-05,0.9999954555242896,71.49880371731757,-1.7980003298732046,-1623.585821975606,72.25409101760103,-89.94610595703125,4972.65380859375,True
1598628816.3971193,0,5,0.5,0.5,-0.008035720825195313,-0.14,-0.011,-0.56,0.000313148176796023,10,1,100,0.033184598105917396,-10,-1,-100,4716.013901104219,-0.0030148847891227665,2.700348639975204e-05,0.9999954548599309,71.50462724117983,-1.797550832930448,-1623.0994796642954,72.255102502594,-89.94625854492188,4971.955078125,True
1598628816.4511697,0,5,0.5,0.5,-0.00803548583984375,-0.14,-0.011,-0.56,0.0003032078788579139,10,1,100,0.03317238342712349,-10,-1,-100,4718.898154015304,-0.0030149708456686164,2.7057750301935845e-05,0.9999954545990085,71.51048820079565,-1.7971028605350117,-1622.6147309630749,72.25611559632448,-89.94638061523438,4971.255859375,True
1598628816.502205,0,5,0.5,0.5,-0.007996395874023439,-0.14,-0.011,-0.56,0.0002594755544168285,10,1,100,0.03318122921491028,-10,-1,-100,4721.798031127895,-0.0030151275775991172,2.6709870348043982e-05,0.9999954541358044,71.51621028185603,-1.7966515509153302,-1622.1275898145095,72.25713237266346,-89.946533203125,4970.55712890625,True
1598628816.5552266,0,5,0.5,0.5,-0.007995220947265626,-0.14,-0.011,-0.56,0.00031245222805934795,10,1,100,0.0331639803104081,-10,-1,-100,4724.681795429904,-0.0030151116849649715,2.6875789630724386e-05,0.9999954541792774,71.52202196549979,-1.7962031552338094,-1621.643146351838,72.25814798868711,-89.9466552734375,4969.85888671875,True
1598628816.6081438,0,5,0.5,0.5,-0.00801944580078125,-0.14,-0.011,-0.56,0.0002599891866680756,10,1,100,0.03320435908202141,-10,-1,-100,4727.581672798493,-0.0030154631162669105,2.6550109255733765e-05,0.9999954531283061,71.52774770843303,-1.795751910135415,-1621.1574376180395,72.25916287659547,-89.94671630859375,4969.16064453125,True
1598628816.661813,0,5,0.5,0.5,-0.008009423828125,-0.14,-0.011,-0.56,0.0003320501072319896,10,1,100,0.03315517628373964,-10,-1,-100,4730.465437000734,-0.0030153341160745794,2.6909860854860506e-05,0.9999954535076785,71.53349293988029,-1.7953013594839544,-1620.6729359418084,72.26018077248419,-89.94677734375,4968.4619140625,True
1598628816.7143683,0,5,0.5,0.5,-0.008020797729492187,-0.14,-0.011,-0.56,0.00027086713697551214,10,1,100,0.0331652216094223,-10,-1,-100,4733.3492013929645,-0.003015306816275042,2.6681119662422197e-05,0.999995453596126,71.5391819575799,-1.7948501027300188,-1620.1879333233776,72.26120257372598,-89.94680786132812,4967.763671875,True
1598628816.7662148,0,5,0.5,0.5,-0.008036578369140625,-0.14,-0.011,-0.56,0.00028737866130478776,10,1,100,0.033188660193088776,-10,-1,-100,4736.249566990533,-0.0030154941657002726,2.662372572434858e-05,0.9999954530327195,71.54481690920491,-1.7943989195109118,-1619.7024402703819,72.26222603772196,-89.94680786132812,4967.0654296875,True
1598628816.8181074,0,5,0.5,0.5,-0.00803543701171875,-0.14,-0.011,-0.56,0.00029000713054536586,10,1,100,0.03318285143167303,-10,-1,-100,4739.13333124097,-0.0030156106740430416,2.6595946521342226e-05,0.9999954526821201,71.55049380339976,-1.793950155463714,-1619.2186287053055,72.26325074821958,-89.94680786132812,4966.3681640625,True
1598628816.8730378,0,5,0.5,0.5,-0.008055825805664064,-0.14,-0.011,-0.56,0.0002880518130776447,10,1,100,0.03319871987258288,-10,-1,-100,4742.0332086462295,-0.003015859911949394,2.6553283724599246e-05,0.999995451931615,71.55613826946963,-1.7935008372440338,-1618.7347553983705,72.26427507973065,-89.94677734375,4965.669921875,True
1598628816.9231458,0,5,0.5,0.5,-0.008059359741210938,-0.14,-0.011,-0.56,0.0002778134622860816,10,1,100,0.03318985652221512,-10,-1,-100,4744.917461228324,-0.0030160048304308006,2.6421688550033e-05,0.9999954514980343,71.56170975287264,-1.7930495971340663,-1618.2498292193116,72.26529630776602,-89.94674682617188,4964.97265625,True
1598628816.9767122,0,5,0.5,0.5,-0.008084457397460937,-0.14,-0.011,-0.56,0.00028047924550242664,10,1,100,0.03319727668183807,-10,-1,-100,4747.801225278643,-0.0030162030122820077,2.6326819873166565e-05,0.9999954509027965,71.56730783221842,-1.7925984493295655,-1617.7662605579449,72.26632043923632,-89.94668579101562,4964.275390625,True
1598628817.0300987,0,5,0.5,0.5,-0.008092666625976562,-0.14,-0.011,-0.56,0.00029177318382843837,10,1,100,0.0331835359688043,-10,-1,-100,4750.701102671213,-0.003016257141876786,2.6343912270277886e-05,0.9999954507390783,71.57282354089537,-1.7921451555164176,-1617.2815744216364,72.26734777045715,-89.94662475585938,4963.57763671875,True
1598628817.0832012,0,5,0.5,0.5,-0.00810111083984375,-0.14,-0.011,-0.56,0.0002615743424228578,10,1,100,0.03318759394891835,-10,-1,-100,4753.5848667913815,-0.003016342214451005,2.608524858039905e-05,0.9999954504892534,71.57834489262859,-1.7916938931193451,-1616.797703797468,72.26837483644583,-89.94656372070312,4962.880859375,True
1598628817.1352155,0,5,0.5,0.5,-0.008109756469726562,-0.14,-0.011,-0.56,0.0003039808890683519,10,1,100,0.033197570058418245,-10,-1,-100,4756.48474416486,-0.003016509126396216,2.623633250551399e-05,0.9999954499818212,71.5838550057989,-1.7912417475653835,-1616.3142513166715,72.26940030997044,-89.94650268554688,4962.18359375,True
1598628817.1929126,0,5,0.5,0.5,-0.008097174072265626,-0.14,-0.011,-0.56,0.0002948096804460128,10,1,100,0.033190323717252924,-10,-1,-100,4759.368508474552,-0.003016594037781151,2.629059215609741e-05,0.9999954497242555,71.58928612110397,-1.790788202515845,-1615.8297286121708,72.27042788703473,-89.94647216796875,4961.486328125,True
1598628817.238614,0,5,0.5,0.5,-0.008123144531250001,-0.14,-0.011,-0.56,0.000276455333635635,10,1,100,0.033193475042220845,-10,-1,-100,4762.252760846517,-0.0030166987329747035,2.617362438444142e-05,0.999995449411494,71.59470282203746,-1.7903360642199666,-1615.3456230243555,72.27145852471857,-89.9464111328125,4960.78955078125,True
1598628817.2932706,0,5,0.5,0.5,-0.008089401245117188,-0.14,-0.011,-0.56,0.00027032117605729533,10,1,100,0.033185641150514575,-10,-1,-100,4765.153126666788,-0.00301672142784724,2.6011986337021958e-05,0.9999954493472473,71.60007389173927,-1.7898822357011959,-1614.8619521553578,72.2725270595046,-89.9464111328125,4960.0927734375,True
1598628817.3475716,0,5,0.5,0.5,-0.008089837646484375,-0.14,-0.011,-0.56,0.00027189388281427995,10,1,100,0.033196220510410365,-10,-1,-100,4768.036890637712,-0.0030168371198557374,2.5879896118419877e-05,0.9999954490016558,71.6055327494505,-1.7894304342931588,-1614.380056484243,72.27355325713226,-89.9464111328125,4959.396484375,True
1598628817.4001505,0,5,0.5,0.5,-0.008090274047851563,-0.14,-0.011,-0.56,0.00030740423331194556,10,1,100,0.03321988405314024,-10,-1,-100,4770.936768008862,-0.0030171563025739043,2.6083286424581238e-05,0.9999954480333937,71.61086792034078,-1.7889770673255925,-1613.8960978080954,72.27458139444394,-89.9464111328125,4958.69970703125,True
1598628817.5012102,0,5,0.5,0.5,-0.008090676879882814,-0.14,-0.011,-0.56,0.00026593538983513446,10,1,100,0.03319179256239857,-10,-1,-100,4773.820532284211,-0.0030171899129558368,2.5891624487029664e-05,0.9999954479369659,71.61619276877418,-1.7885225053746014,-1613.4125698097005,72.27560892339756,-89.9464111328125,4958.00341796875,True
1598628817.562112,0,5,0.5,0.5,-0.008048321533203126,-0.14,-0.011,-0.56,0.00026012556098914267,10,1,100,0.03321489739556788,-10,-1,-100,4779.604662125581,-0.0030174294344386555,2.5665051612531038e-05,0.9999954472200927,71.62667271985387,-1.7876116699423852,-1612.4446092644425,72.27770595093516,-89.94647216796875,4956.611328125,True
1598628817.609183,0,5,0.5,0.5,-0.008040011596679688,-0.14,-0.011,-0.56,0.0002977001619925785,10,1,100,0.033200336557558226,-10,-1,-100,4782.488426103257,-0.0030175136950573514,2.5801265161436827e-05,0.9999954469623324,71.63194901557239,-1.7871584591420162,-1611.9635729462748,72.27880889476194,-89.946533203125,4955.9150390625,True
1598628817.660245,0,5,0.5,0.5,-0.0080529296875,-0.14,-0.011,-0.56,0.0002473941946399263,10,1,100,0.03319446983918893,-10,-1,-100,4785.388791967998,-0.0030175358194953717,2.546826200006238e-05,0.9999954469041075,71.63716586399407,-1.7867026897376683,-1611.4826091055622,72.27994620007996,-89.94656372070312,4955.21923828125,True
1598628817.7141225,0,5,0.5,0.5,-0.008005932617187501,-0.14,-0.011,-0.56,0.00030789667949992973,10,1,100,0.033214051612544516,-10,-1,-100,4788.272067831713,-0.0030177328636467643,2.5716115339885946e-05,0.9999954463031544,71.64247356383831,-1.7862495055754946,-1611.0019269324443,72.28096584911667,-89.9466552734375,4954.5234375,True
1598628817.7656472,0,5,0.5,0.5,-0.008014309692382813,-0.14,-0.011,-0.56,0.00028657816205930527,10,1,100,0.03320029850231619,-10,-1,-100,4791.172433574218,-0.0030177858539302722,2.574810477859772e-05,0.9999954461424186,71.64758598939721,-1.785794273359868,-1610.5174479850969,72.2819816996041,-89.94671630859375,4953.828125,True
1598628817.820182,0,5,0.5,0.5,-0.008005496215820314,-0.14,-0.011,-0.56,0.0002515989032920734,10,1,100,0.033209949606688965,-10,-1,-100,4794.05570931558,-0.0030179206807585328,2.5459685995340405e-05,0.9999954457429139,71.65268052662054,-1.7853371716706696,-1610.033205966891,72.2829959958289,-89.94677734375,4953.1328125,True
1598628817.8794818,0,5,0.5,0.5,-0.007996548461914063,-0.14,-0.011,-0.56,0.0002683071503273145,10,1,100,0.0332058130461162,-10,-1,-100,4796.983418410295,-0.0030180045346446683,2.535002929123513e-05,0.9999954454926306,71.6577062171321,-1.7848786252249287,-1609.548099494372,72.28401077447869,-89.94683837890625,4952.4375,True
1598628817.9244196,0,5,0.5,0.5,-0.007987533569335938,-0.14,-0.011,-0.56,0.0002909192851325133,10,1,100,0.03322697855386961,-10,-1,-100,4799.866206303821,-0.0030182720126963702,2.545650801941013e-05,0.9999954446826362,71.66274603374936,-1.7844205142173477,-1609.0640015921383,72.28502527782447,-89.9468994140625,4951.7421875,True
1598628817.977166,0,5,0.5,0.5,-0.007978451538085938,-0.14,-0.011,-0.56,0.00023701971161431426,10,1,100,0.033218591301657156,-10,-1,-100,4802.767060278333,-0.003018437622366131,2.5063695638584693e-05,0.9999954441926878,71.66771263379424,-1.7839608738978343,-1608.5796701232834,72.2860768081192,-89.94696044921875,4951.04736328125,True
1598628818.0290885,0,5,0.5,0.5,-0.007990664672851564,-0.14,-0.011,-0.56,0.00030267304122848937,10,1,100,0.03322815042313512,-10,-1,-100,4805.650824294658,-0.0030186739128795384,2.530436882595043e-05,0.9999954434733672,71.67273646250273,-1.7835032954965346,-1608.0965646055201,72.28709468168184,-89.94699096679688,4950.3525390625,True
1598628818.0814698,0,5,0.5,0.5,-0.00798575439453125,-0.14,-0.011,-0.56,0.0002558529002449073,10,1,100,0.033236250758475736,-10,-1,-100,4808.535076866276,-0.003018961012758529,2.509805885612406e-05,0.9999954426118606,71.67768729337234,-1.783044503323692,-1607.6124293333753,72.28810969030019,-89.947021484375,4949.658203125,True
1598628818.1343079,0,5,0.5,0.5,-0.007980877685546875,-0.14,-0.011,-0.56,0.00027092130693084476,10,1,100,0.033216873374041,-10,-1,-100,4811.434954047902,-0.003019044462264278,2.5048005301387165e-05,0.9999954423611803,71.68263459525164,-1.782585928636945,-1607.1288467761835,72.28912337805284,-89.94705200195312,4948.962890625,True
1598628818.19332,0,5,0.5,0.5,-0.007997396850585939,-0.14,-0.011,-0.56,0.0002785464322219676,10,1,100,0.0331852207461745,-10,-1,-100,4814.318718330469,-0.0030188311826823476,2.5072506172327512e-05,0.999995443004447,71.68754691454667,-1.7821266617461702,-1606.645157331171,72.29013772609828,-89.94705200195312,4948.2685546875,True
1598628818.239275,0,5,0.5,0.5,-0.007975497436523439,-0.14,-0.011,-0.56,0.0002484226257008264,10,1,100,0.03321583981746731,-10,-1,-100,4817.218595518614,-0.003018914469743994,2.4821286682833575e-05,0.9999954427592799,71.69238503208179,-1.781666064132565,-1606.160556689305,72.2911541801615,-89.94708251953125,4947.57470703125,True
1598628818.2900622,0,5,0.5,0.5,-0.007992117309570314,-0.14,-0.011,-0.56,0.00028269191158873983,10,1,100,0.03322019510847267,-10,-1,-100,4820.102359876502,-0.0030190287046218144,2.4905257771962893e-05,0.9999954424123186,71.69720099667677,-1.7812046921728961,-1605.6769544505648,72.29221146515994,-89.94708251953125,4946.88037109375,True
1598628818.3503413,0,5,0.5,0.5,-0.007991714477539063,-0.14,-0.011,-0.56,0.00026052949400212725,10,1,100,0.03322582322847668,-10,-1,-100,4823.002236873144,-0.0030191825893737863,2.4780884826753645e-05,0.9999954419508119,71.70210117092506,-1.7807469856935125,-1605.1953677467873,72.29324474602376,-89.94708251953125,4946.1865234375,True
1598628818.4031816,0,5,0.5,0.5,-0.008012741088867188,-0.14,-0.011,-0.56,0.0002780304957160269,10,1,100,0.03324113115788142,-10,-1,-100,4825.886489639175,-0.00301946050040779,2.4827535620479404e-05,0.9999954411105483,71.70694611884534,-1.780286612504114,-1604.7133750282171,72.2942842390263,-89.94705200195312,4945.4921875,True
1598628818.4484458,0,5,0.5,0.5,-0.008016778564453125,-0.14,-0.011,-0.56,0.00026456271835522457,10,1,100,0.03325620086940334,-10,-1,-100,4828.786367125227,-0.0030198488205745717,2.474798608755985e-05,0.999995439939922,71.71165596000174,-1.7798236476324667,-1604.2298016707812,72.29536251169742,-89.947021484375,4944.79833984375,True
1598628818.5021968,0,5,0.5,0.5,-0.007999554443359376,-0.14,-0.011,-0.56,0.00024071642357223667,10,1,100,0.03320302344522026,-10,-1,-100,4831.670619535493,-0.003019716974317365,2.4459527943180232e-05,0.9999954403451682,71.71644511736602,-1.7793631706205124,-1603.7486497541618,72.29644155935468,-89.947021484375,4944.1044921875,True
1598628818.555441,0,5,0.5,0.5,-0.0079994873046875,-0.14,-0.011,-0.56,0.00025087900361998346,10,1,100,0.033234455519669054,-10,-1,-100,4834.570496428525,-0.003019881697167665,2.42902296011741e-05,0.9999954398518623,71.72126048262824,-1.7789044519869153,-1603.2679554886724,72.29748027162036,-89.947021484375,4943.4111328125,True
1598628818.6531417,0,5,0.5,0.5,-0.007999453735351563,-0.14,-0.011,-0.56,0.00030155156105165116,10,1,100,0.03323840018935147,-10,-1,-100,4837.454260556726,-0.0030200662078611524,2.4597903575297116e-05,0.9999954392871215,71.72598648001758,-1.7784433018106902,-1602.784388253862,72.29844654733647,-89.947021484375,4942.7177734375,True
1598628818.704121,0,5,0.5,0.5,-0.008020816040039064,-0.14,-0.011,-0.56,0.0002408830831731771,10,1,100,0.0332494286650223,-10,-1,-100,4843.237413682742,-0.003020333199002146,2.432653025767812e-05,0.9999954384873899,71.7349551554114,-1.7775117621073004,-1601.8042602775101,72.30017720238784,-89.94699096679688,4941.33203125,True
1598628818.754362,0,5,0.5,0.5,-0.008003793334960938,-0.14,-0.011,-0.56,0.0002963301823047142,10,1,100,0.03323811380708572,-10,-1,-100,4844.674413697212,-0.0030204718842975005,2.458454766562365e-05,0.9999954380621924,71.73714130057826,-1.7772770866175212,-1601.5589880872062,72.3006381682231,-89.94699096679688,4940.9853515625,True
1598628818.804205,0,5,0.5,0.5,-0.007982498168945314,-0.14,-0.011,-0.56,0.00023191040463344605,10,1,100,0.03323288955939595,-10,-1,-100,4849.0220314459875,-0.003020548977130993,2.4233918201750517e-05,0.9999954378378902,71.74393588875205,-1.7765782465517732,-1600.8281337107053,72.30196067654859,-89.947021484375,4939.9462890625,True
1598628818.8992214,0,5,0.5,0.5,-0.007978292846679688,-0.14,-0.011,-0.56,0.0002786061109155011,10,1,100,0.03324682332633978,-10,-1,-100,4851.922397259739,-0.003020744246217851,2.4340204535776425e-05,0.9999954372454672,71.74831334193206,-1.776111137557544,-1600.3381506163344,72.3028328885432,-89.94705200195312,4939.25390625,True
1598628818.9510784,0,5,0.5,0.5,-0.007974053955078126,-0.14,-0.011,-0.56,0.0002675812311909903,10,1,100,0.03323872663226385,-10,-1,-100,4857.706038874807,-0.0030208465976764897,2.4337115981246414e-05,0.9999954369363584,71.75705611277257,-1.7751766774395235,-1599.3608206540491,72.30462269285418,-89.94708251953125,4937.86962890625,True
1598628819.0012293,0,5,0.5,0.5,-0.007969781494140626,-0.14,-0.011,-0.56,0.0002508654319353488,10,1,100,0.03323768687772161,-10,-1,-100,4860.5902911468875,-0.0030209286794082293,2.4182749819209215e-05,0.9999954366921424,71.76142609972811,-1.7747109494263382,-1598.8742572990839,72.3055733352009,-89.94711303710938,4937.177734375,True
1598628819.0534086,0,5,0.5,0.5,-0.00794407958984375,-0.14,-0.011,-0.56,0.0002566539512779647,10,1,100,0.033246429072359245,-10,-1,-100,4863.472590326797,-0.00302108143895288,2.4095626016654878e-05,0.9999954362327561,71.76584814937645,-1.774247684473098,-1598.3889832828813,72.30649820849804,-89.94717407226562,4936.4853515625,True
1598628819.1040874,0,5,0.5,0.5,-0.007956729125976563,-0.14,-0.011,-0.56,0.0002475065908429025,10,1,100,0.03320765630338104,-10,-1,-100,4866.373444277095,-0.0030208667109860527,2.3933857792260284e-05,0.9999954368853315,71.77010443008548,-1.7737803284416014,-1597.900093932133,72.30739452846785,-89.94720458984375,4935.79345703125,True
1598628819.1554668,0,5,0.5,0.5,-0.007952255249023439,-0.14,-0.011,-0.56,0.00026714151507357503,10,1,100,0.03325285596945458,-10,-1,-100,4869.25720831065,-0.003021081364583543,2.3965772963226694e-05,0.9999954362361012,71.7743515143521,-1.7733138903015893,-1597.411792043689,72.30829823418969,-89.94723510742188,4935.1015625,True
1598628819.2051013,0,5,0.5,0.5,-0.007947747802734375,-0.14,-0.011,-0.56,0.00028381379795571913,10,1,100,0.033249515583529815,-10,-1,-100,4872.1575741675915,-0.003021245046466113,2.4146647923613784e-05,0.9999954357372381,71.77863179161251,-1.7728482048803873,-1596.9250618202286,72.30920889390401,-89.947265625,4934.41015625,True
1598628819.2542453,0,5,0.5,0.5,-0.007943206787109375,-0.14,-0.011,-0.56,0.0002601709491247483,10,1,100,0.033251261413073614,-10,-1,-100,4875.0413381063845,-0.0030214086476837523,2.4096554948822025e-05,0.9999954352441514,71.78279137563685,-1.7723815231462214,-1596.4364204215601,72.31012565209835,-89.94729614257812,4933.71875,True
1598628819.3053024,0,5,0.5,0.5,-0.0079385986328125,-0.14,-0.011,-0.56,0.0002670380336833323,10,1,100,0.03325518140188387,-10,-1,-100,4877.941703766352,-0.003021592034644716,2.4113652990733785e-05,0.9999954346896329,71.78703069257708,-1.7719172494513933,-1595.950383412637,72.31105102311133,-89.94732666015625,4933.02734375,True
1598628819.356231,0,5,0.5,0.5,-0.007912594604492187,-0.14,-0.011,-0.56,0.00023356915443774554,10,1,100,0.033253705379199694,-10,-1,-100,4880.825467684655,-0.0030217443133572384,2.382536221267086e-05,0.9999954342364054,71.79118717460136,-1.7714511656997052,-1595.4633127167128,72.31198320275264,-89.9473876953125,4932.3359375,True
1598628819.408167,0,5,0.5,0.5,-0.007925009155273438,-0.14,-0.011,-0.56,0.0002896182718378163,10,1,100,0.0332453706753048,-10,-1,-100,4883.725833432749,-0.003021805891845736,2.4073188532604372e-05,0.9999954340443928,71.79533340327289,-1.7709852817801701,-1594.9767071126967,72.312919882555,-89.94741821289062,4931.64501953125,True
1598628819.4571967,0,5,0.5,0.5,-0.007941696166992189,-0.14,-0.011,-0.56,0.00024457445234690283,10,1,100,0.03324704104537419,-10,-1,-100,4886.609109317651,-0.0030218760923398846,2.3889238660811235e-05,0.9999954338366686,71.7994877639877,-1.7705195110540641,-1594.49109084781,72.31386243407962,-89.94741821289062,4930.9541015625,True
1598628819.5081098,0,5,0.5,0.5,-0.007919964599609376,-0.14,-0.011,-0.56,0.0002500399262110492,10,1,100,0.033234455782450954,-10,-1,-100,4889.508986368659,-0.003021824563585569,2.3772104791873745e-05,0.9999954339951728,71.80362807816141,-1.770054993857388,-1594.00595653222,72.31481063628499,-89.94744873046875,4930.2626953125,True
1598628819.558341,0,5,0.5,0.5,-0.007915322875976563,-0.14,-0.011,-0.56,0.0002455811715355944,10,1,100,0.03325300088861405,-10,-1,-100,4892.409840724198,-0.003021945496697513,2.3625458636724015e-05,0.9999954336332004,71.8077216402975,-1.7695892129574098,-1593.5205032564936,72.31576252518221,-89.94747924804688,4929.572265625,True
1598628819.6090944,0,5,0.5,0.5,-0.007932077026367189,-0.14,-0.011,-0.56,0.00027843870596993615,10,1,100,0.03324213433465446,-10,-1,-100,4895.293116131914,-0.0030219558635289703,2.3791276233609123e-05,0.9999954335979411,71.81175765043086,-1.7691230609250705,-1593.0345481625275,72.31671975916841,-89.94747924804688,4928.8818359375,True
1598628819.6570816,0,5,0.5,0.5,-0.00791041259765625,-0.14,-0.011,-0.56,0.00024570025328806306,10,1,100,0.03324329542425909,-10,-1,-100,4898.1929934246,-0.003021974853142571,2.3644526825995513e-05,0.9999954335440354,71.81583550704296,-1.7686581109317596,-1592.550303903421,72.31768416857176,-89.947509765625,4928.19091796875,True
1598628819.7132452,0,5,0.5,0.5,-0.007927200317382813,-0.14,-0.011,-0.56,0.00025402406002633204,10,1,100,0.03323236966860661,-10,-1,-100,4901.077245902037,-0.00302189197911395,2.358708128591034e-05,0.9999954337958329,71.8199034338562,-1.768192411438034,-1592.0665972538202,72.3186526621796,-89.947509765625,4927.5009765625,True
1598628819.7585404,0,5,0.5,0.5,-0.007926931762695313,-0.14,-0.011,-0.56,0.0002607662564438406,10,1,100,0.03327883759261925,-10,-1,-100,4903.977123310673,-0.0030222384866401843,2.3596659459299084e-05,0.999995432748434,71.82387961798499,-1.7677255253254383,-1591.581552509128,72.3196234399762,-89.947509765625,4926.810546875,True
1598628819.809185,0,5,0.5,0.5,-0.00792669677734375,-0.14,-0.011,-0.56,0.00025425723195143877,10,1,100,0.03325875653641937,-10,-1,-100,4906.860887506278,-0.0030223701840268015,2.354664839016658e-05,0.9999954323515813,71.82777246192799,-1.767258476028564,-1591.0961005896115,72.32063363282018,-89.947509765625,4926.1201171875,True
1598628819.8591993,0,5,0.5,0.5,-0.007926495361328126,-0.14,-0.011,-0.56,0.0002782926650799037,10,1,100,0.03322751127004055,-10,-1,-100,4909.760764876148,-0.003022205153639026,2.3720203178123594e-05,0.9999954328462511,71.83183982948367,-1.7667960547180792,-1590.6145323926023,72.32161085235974,-89.947509765625,4925.4296875,True
1598628819.9102485,0,5,0.5,0.5,-0.007904998779296875,-0.14,-0.011,-0.56,0.0002685160556180586,10,1,100,0.033274366700354684,-10,-1,-100,4912.645017043455,-0.003022480665525466,2.3789197589371875e-05,0.9999954320119171,71.83575245175906,-1.76633036089453,-1590.1301921056786,72.32258930407883,-89.94754028320312,4924.740234375,True
1598628819.9611278,0,5,0.5,0.5,-0.007921954345703126,-0.14,-0.011,-0.56,0.00026755488393057287,10,1,100,0.0332175158451241,-10,-1,-100,4915.544894534862,-0.0030222136914895155,2.3843440030568835e-05,0.999995432817517,71.83963855394616,-1.7658655690166531,-1589.6459413270788,72.32356781368338,-89.94754028320312,4924.05029296875,True
1598628820.0120442,0,5,0.5,0.5,-0.007921820068359375,-0.14,-0.011,-0.56,0.0002574555853882238,10,1,100,0.03326989504144025,-10,-1,-100,4918.4291466987925,-0.0030224468554241168,2.3800981170935846e-05,0.999995432113827,71.84352283063154,-1.7654008070462495,-1589.1623666421117,72.32455008460113,-89.94754028320312,4923.36083984375,True
1598628820.0610547,0,5,0.5,0.5,-0.007900357055664062,-0.14,-0.011,-0.56,0.0002422534817661173,10,1,100,0.033244289456306315,-10,-1,-100,4921.3290240830975,-0.0030224254788708653,2.3624155014360285e-05,0.9999954321826295,71.84740053008368,-1.7649360704494244,-1588.6793437638241,72.3255352297872,-89.94757080078125,4922.67138671875,True
1598628820.1110773,0,5,0.5,0.5,-0.00791734619140625,-0.14,-0.011,-0.56,0.00023887589538189053,10,1,100,0.033248485257575545,-10,-1,-100,4924.212299616658,-0.0030224437529411084,2.34326998172735e-05,0.9999954321319017,71.85119682059829,-1.7644706213477306,-1588.1952092183503,72.32652172627056,-89.94757080078125,4921.9814453125,True
1598628820.161503,0,5,0.5,0.5,-0.007895883178710938,-0.14,-0.011,-0.56,0.0002549521561668873,10,1,100,0.03325771927577169,-10,-1,-100,4927.112665437278,-0.0030225438678163742,2.340512344198215e-05,0.9999954318299495,71.8550096810672,-1.7640055350494521,-1587.7120831345974,72.3275092477839,-89.94760131835938,4921.29296875,True
1598628820.2181468,0,5,0.5,0.5,-0.007891510009765625,-0.14,-0.011,-0.56,0.00023170270162579086,10,1,100,0.033244159251694036,-10,-1,-100,4929.9964291359065,-0.0030225110911071156,2.316891297169279e-05,0.9999954319345192,71.85880017045349,-1.763540639605455,-1587.2291598375039,72.3284982695963,-89.9476318359375,4920.603515625,True
1598628820.2620964,0,5,0.5,0.5,-0.007908465576171876,-0.14,-0.011,-0.56,0.00026778651516333365,10,1,100,0.03326313494110146,-10,-1,-100,4932.896794731496,-0.0030226532375369542,2.3282591002056682e-05,0.9999954315022278,71.8625890147468,-1.763075969963182,-1586.7469070989982,72.32948974476447,-89.9476318359375,4919.91455078125,True
1598628820.315275,0,5,0.5,0.5,-0.007886968994140625,-0.14,-0.011,-0.56,0.00027957417367485324,10,1,100,0.03325435029209933,-10,-1,-100,4935.781047594268,-0.0030227022240723366,2.3493380714726075e-05,0.9999954313492265,71.866254923343,-1.7626095656521958,-1586.2633946034146,72.3305204437629,-89.94766235351562,4919.2255859375,True
1598628820.3681471,0,5,0.5,0.5,-0.007882528686523439,-0.14,-0.011,-0.56,0.00024235268807816805,10,1,100,0.03325704958277961,-10,-1,-100,4938.6804360909155,-0.003022770994437918,2.334667900961515e-05,0.9999954311447867,71.86997440214144,-1.7621447518890982,-1585.7809362177582,72.33151424560413,-89.94769287109375,4918.537109375,True
1598628820.4201996,0,5,0.5,0.5,-0.007878054809570312,-0.14,-0.011,-0.56,0.0002604895428726799,10,1,100,0.033229794673704786,-10,-1,-100,4941.581290049828,-0.0030225852266506765,2.3378533888708513e-05,0.9999954317055613,71.87371040754135,-1.7616814444064604,-1585.2994822361973,72.33250759195265,-89.94772338867188,4917.8486328125,True
1598628820.4740558,0,5,0.5,0.5,-0.007873580932617188,-0.14,-0.011,-0.56,0.0002501055724423432,10,1,100,0.03328419048476276,-10,-1,-100,4944.465053938795,-0.003022910759161779,2.3313466469154568e-05,0.9999954307230732,71.8773288519355,-1.7612165096722632,-1584.8160620396086,72.33349973343047,-89.94775390625,4917.15966796875,True
1598628820.5225222,0,5,0.5,0.5,-0.007890435791015626,-0.14,-0.011,-0.56,0.00026089415935957194,10,1,100,0.03324245135357177,-10,-1,-100,4947.36444313603,-0.0030228266174631615,2.335287412659071e-05,0.9999954309765041,71.88097094280967,-1.7607515903110957,-1584.3339138074705,72.33449523926225,-89.94775390625,4916.4716796875,True
1598628820.5741923,0,5,0.5,0.5,-0.007847476196289064,-0.14,-0.011,-0.56,0.0002465025687984952,10,1,100,0.033252835389405766,-10,-1,-100,4950.247230709996,-0.003022844180097419,2.3258273998290457e-05,0.9999954309256194,71.88456204940547,-1.7602849739370545,-1583.8513066977027,72.33549303346035,-89.94781494140625,4915.783203125,True
1598628820.6224868,0,5,0.5,0.5,-0.007881387329101564,-0.14,-0.011,-0.56,0.000246309547385155,10,1,100,0.03324867395516827,-10,-1,-100,4953.149060715223,-0.0030228219342707426,2.3170851760638105e-05,0.9999954309948947,71.8881339538531,-1.7598189114596217,-1583.3689328440346,72.33649173770259,-89.94781494140625,4915.0947265625,True
1598628820.6730464,0,5,0.5,0.5,-0.007859756469726562,-0.14,-0.011,-0.56,0.00024378668244736946,10,1,100,0.03322704544393503,-10,-1,-100,4956.059192074579,-0.003022604744161344,2.3068679907025768e-05,0.9999954316537634,71.89164776209817,-1.7593523210902307,-1582.8859578397753,72.33749067025026,-89.94784545898438,4914.4072265625,True
1598628820.7287,0,5,0.5,0.5,-0.007855215454101564,-0.14,-0.011,-0.56,0.0002484667722527382,10,1,100,0.03328672087647038,-10,-1,-100,4958.959557624417,-0.003022949747197353,2.3018648532458773e-05,0.9999954306120442,71.89521267603857,-1.7588874145301496,-1582.4047419289013,72.33848862180666,-89.9478759765625,4913.7197265625,True
1598628820.7751274,0,5,0.5,0.5,-0.007872036743164064,-0.14,-0.011,-0.56,0.0002315842148331295,10,1,100,0.033250748600720935,-10,-1,-100,4961.842833218165,-0.0030229359668541025,2.2819824273982548e-05,0.9999954306582585,71.8986914765272,-1.7584206072748068,-1581.9222396542864,72.33948625430442,-89.9478759765625,4913.03125,True
1598628820.825546,0,5,0.5,0.5,-0.007871768188476564,-0.14,-0.011,-0.56,0.00026804676154306887,10,1,100,0.03326646769960925,-10,-1,-100,4964.742710731458,-0.003023066083141662,2.2970973342483678e-05,0.9999954302614544,71.90213327214511,-1.757953092441582,-1581.4396134841516,72.34048570412644,-89.9478759765625,4912.34375,True
1598628820.8755195,0,5,0.5,0.5,-0.0078501708984375,-0.14,-0.011,-0.56,0.0002342628205772812,10,1,100,0.033253187202563,-10,-1,-100,4967.643076178036,-0.0030230633081035053,2.2801729766315947e-05,0.999995430273717,71.90559354697025,-1.7574867127940381,-1580.9580596763471,72.34148596834473,-89.94790649414062,4911.65625,True
1598628820.924248,0,5,0.5,0.5,-0.007845663452148438,-0.14,-0.011,-0.56,0.00023662104083133444,10,1,100,0.03323515782804022,-10,-1,-100,4970.526840268052,-0.003022896616197096,2.2669805744148766e-05,0.999995430780625,71.90896621824835,-1.7570188103360498,-1580.4751890787672,72.34248676723847,-89.94793701171875,4910.96923828125,True
1598628820.9773788,0,5,0.5,0.5,-0.007862518310546875,-0.14,-0.011,-0.56,0.000250797192962242,10,1,100,0.03326614489672036,-10,-1,-100,4973.426229173085,-0.0030230264956433196,2.2679393223500088e-05,0.9999954303877852,71.91236330552047,-1.7565524272280202,-1579.9935365768174,72.34348830296018,-89.94793701171875,4910.2822265625,True
1598628821.0262575,0,5,0.5,0.5,-0.007840954589843751,-0.14,-0.011,-0.56,0.00026965893461321737,10,1,100,0.033259663517211456,-10,-1,-100,4976.309993340867,-0.0030230855410202768,2.2860155922688025e-05,0.9999954302051709,71.91572644696032,-1.7560857238907674,-1579.511768346016,72.34448934406942,-89.94796752929688,4909.5947265625,True
1598628821.0770483,0,5,0.5,0.5,-0.007857809448242188,-0.14,-0.011,-0.56,0.00024848817666788296,10,1,100,0.033253445107497254,-10,-1,-100,4979.210846940754,-0.0030230824522532386,2.2832472138995747e-05,0.999995430215141,71.91903560479895,-1.7556184156308887,-1579.0294481477483,72.34549100920897,-89.94796752929688,4908.908203125,True
1598628821.1253593,0,5,0.5,0.5,-0.007836279296875,-0.14,-0.011,-0.56,0.00021948232162518507,10,1,100,0.033277049609990936,-10,-1,-100,4982.094610868022,-0.0030232940140584594,2.2544002564213964e-05,0.9999954295820919,71.92233936895448,-1.755150461136917,-1578.5476183735836,72.34649243962652,-89.947998046875,4908.22119140625,True
1598628821.177082,0,5,0.5,0.5,-0.007831805419921876,-0.14,-0.011,-0.56,0.00024033221026777504,10,1,100,0.03328357415013674,-10,-1,-100,4984.99497644091,-0.0030235452278101786,2.2471871801341728e-05,0.9999954288241875,71.9255876187524,-1.7546831958657845,-1578.0652060958173,72.34749326828312,-89.94802856445312,4907.53466796875,True
1598628821.227383,0,5,0.5,0.5,-0.007848693847656251,-0.14,-0.011,-0.56,0.00022723317463224876,10,1,100,0.033249169981843525,-10,-1,-100,4987.894853842794,-0.003023459983796668,2.2287758791230988e-05,0.9999954290860444,71.92882197105025,-1.7542144533197745,-1577.5831093013637,72.3484949310166,-89.94802856445312,4906.84765625,True
1598628821.2790632,0,5,0.5,0.5,-0.007827163696289063,-0.14,-0.011,-0.56,0.0002679268463807346,10,1,100,0.033251773164462956,-10,-1,-100,4990.778617821168,-0.003023405690684017,2.249099024315403e-05,0.9999954292456465,71.93201864353476,-1.7537458273002733,-1577.1008195284733,72.34949680548124,-89.94805908203125,4906.162109375,True
1598628821.328472,0,5,0.5,0.5,-0.007844052124023438,-0.14,-0.011,-0.56,0.00026580634026325046,10,1,100,0.033305335261041936,-10,-1,-100,4993.67849500943,-0.0030238428344379347,2.2656767720225873e-05,0.9999954279201398,71.93524666187733,-1.7532781940664615,-1576.619899607292,72.35050009117697,-89.94805908203125,4905.4755859375,True
1598628821.3793986,0,5,0.5,0.5,-0.007822488403320314,-0.14,-0.011,-0.56,0.00019616214333350652,10,1,100,0.03325229571603814,-10,-1,-100,4996.5627471184125,-0.003023757354031192,2.217463109604102e-05,0.9999954281894241,71.93835358338566,-1.752808740638928,-1576.1369347838317,72.35150497712495,-89.94808959960938,4904.7890625,True
1598628821.4291549,0,5,0.5,0.5,-0.007839376831054687,-0.14,-0.011,-0.56,0.0002683375823141484,10,1,100,0.03325928528543098,-10,-1,-100,4999.46213632077,-0.0030237425551596087,2.2393035518124514e-05,0.9999954282293055,71.94157681936149,-1.7523417498771994,-1575.6571321896686,72.35250927382842,-89.94808959960938,4904.103515625,True
1598628821.4791148,0,5,0.5,0.5,-0.0078178466796875,-0.14,-0.011,-0.56,0.0002294764676149607,10,1,100,0.03325825589007575,-10,-1,-100,5002.345900357119,-0.003023718974464974,2.223855374114055e-05,0.999995428304055,71.94462459827787,-1.7518713697591368,-1575.1741142871704,72.35351320059026,-89.9481201171875,4903.4169921875,True
1598628821.530401,0,5,0.5,0.5,-0.007834735107421876,-0.14,-0.011,-0.56,0.00023283883720770818,10,1,100,0.033291669400900364,-10,-1,-100,5005.247242256766,-0.0030240006671329645,2.2129083521527704e-05,0.9999954274546803,71.94771324610987,-1.7514020582680943,-1574.6925810761738,72.35451690670784,-89.9481201171875,4902.7314453125,True
1598628821.581142,0,5,0.5,0.5,-0.007813204956054687,-0.14,-0.011,-0.56,0.00022920640431429496,10,1,100,0.03325074153396794,-10,-1,-100,5008.146143128048,-0.003023883847926195,2.1997207634122416e-05,0.9999954278108459,71.95080425419034,-1.7509333148153707,-1574.211730782886,72.3555198155398,-89.94815063476562,4902.0458984375,True
1598628821.6325266,0,5,0.5,0.5,-0.007830093383789063,-0.14,-0.011,-0.56,0.00026300424749171983,10,1,100,0.033272308257897114,-10,-1,-100,5011.030394862406,-0.003023972981232422,2.218533291491681e-05,0.9999954275371562,71.95381486540784,-1.7504626418701157,-1573.729764315192,72.35652287209044,-89.94815063476562,4901.3603515625,True
1598628821.6822484,0,5,0.5,0.5,-0.007808563232421876,-0.14,-0.011,-0.56,0.00022636751392552003,10,1,100,0.03325960667199476,-10,-1,-100,5013.930272488156,-0.0030239379253051758,2.2023620746536532e-05,0.9999954276467388,71.95685233661574,-1.7499920610077648,-1573.248986310306,72.35752686039577,-89.94818115234375,4900.6748046875,True
1598628821.7315707,0,5,0.5,0.5,-0.007804122924804688,-0.14,-0.011,-0.56,0.00022059667457323932,10,1,100,0.03328632012030867,-10,-1,-100,5016.815012947773,-0.0030241485488128102,2.182455500940173e-05,0.9999954270141657,71.95982122401436,-1.749520054748492,-1572.7673357952972,72.35853102422698,-89.94821166992188,4899.98974609375,True
1598628821.7813709,0,5,0.5,0.5,-0.007821011352539063,-0.14,-0.011,-0.56,0.00023495829379046565,10,1,100,0.03327046448506525,-10,-1,-100,5019.715378376073,-0.0030241952566220686,2.177456742651018e-05,0.9999954268740022,71.96277271679068,-1.7490489825526043,-1572.2859704353018,72.3595359424115,-89.94821166992188,4899.3046875,True
1598628821.8332543,0,5,0.5,0.5,-0.0077994812011718765,-0.14,-0.011,-0.56,0.0002483193143196688,10,1,100,0.03327100201229846,-10,-1,-100,5022.614279030473,-0.0030242418870908435,2.1851239285798473e-05,0.9999954267313085,71.96568941155478,-1.7485762351003935,-1571.8044270004339,72.36054047021717,-89.9482421875,4898.61962890625,True
1598628821.885346,0,5,0.5,0.5,-0.00781636962890625,-0.14,-0.011,-0.56,0.0002391557070679373,10,1,100,0.033269314514137824,-10,-1,-100,5025.4985312192,-0.003024268574758585,2.1838367754167024e-05,0.999995426650879,71.96863435590782,-1.7481051024045569,-1571.32408988766,72.36154420054201,-89.9482421875,4897.9345703125,True
1598628821.9380891,0,5,0.5,0.5,-0.007794839477539063,-0.14,-0.011,-0.56,0.00021280469417835318,10,1,100,0.033255971723272305,-10,-1,-100,5028.398896700004,-0.0030241710734298204,2.1587417393089372e-05,0.9999954269511947,71.97151232930626,-1.7476316276188972,-1570.842921664139,72.36254793801591,-89.94827270507812,4897.25,True
1598628821.991148,0,5,0.5,0.5,-0.007790365600585938,-0.14,-0.011,-0.56,0.00023477174744765107,10,1,100,0.03328889051341856,-10,-1,-100,5031.281684141839,-0.0030243813080247546,2.155971356558061e-05,0.9999954263159818,71.97437526161667,-1.747159158956784,-1570.361987294539,72.36355042445132,-89.94830322265625,4896.5654296875,True
1598628822.0423217,0,5,0.5,0.5,-0.007785891723632813,-0.14,-0.011,-0.56,0.00024341936459856746,10,1,100,0.03326865824201849,-10,-1,-100,5034.183026159648,-0.003024387898522367,2.1613760096649668e-05,0.999995426294883,71.97717470796661,-1.7466865970031338,-1569.880318456318,72.36455400238158,-89.94833374023438,4895.880859375,True
1598628822.091087,0,5,0.5,0.5,-0.007802746582031251,-0.14,-0.011,-0.56,0.00023493438691756018,10,1,100,0.03328432057673883,-10,-1,-100,5037.082415245008,-0.003024535922716391,2.1586225621816816e-05,0.9999954258477821,71.98000361253563,-1.7462136434223974,-1569.3999305719624,72.36555853176606,-89.94833374023438,4895.19677734375,True
1598628822.1410463,0,5,0.5,0.5,-0.007781182861328125,-0.14,-0.011,-0.56,0.00023459726614282172,10,1,100,0.03327807428171198,-10,-1,-100,5039.966178937,-0.003024613112869996,2.155850316675506e-05,0.9999954256149116,71.98275835915175,-1.7457392180477798,-1568.918543337409,72.36656177190416,-89.9483642578125,4894.5126953125,True
1598628822.1932309,0,5,0.5,0.5,-0.007798037719726563,-0.14,-0.011,-0.56,0.0002490148605110437,10,1,100,0.033246270286803985,-10,-1,-100,5042.866056538769,-0.003024393576572621,2.1664939819817447e-05,0.9999954262766027,71.9855472446488,-1.7452665018471947,-1568.4385053759022,72.36756457216849,-89.9483642578125,4893.828125,True
1598628822.2433307,0,5,0.5,0.5,-0.007776473999023438,-0.14,-0.011,-0.56,0.00021807130277372836,10,1,100,0.033285754390811065,-10,-1,-100,5045.766421726206,-0.0030245525302921013,2.148072141674104e-05,0.9999954257998236,71.98824856216295,-1.7447931158286474,-1567.9571882557188,72.36856790896042,-89.94839477539062,4893.14453125,True
1598628822.2931254,0,5,0.5,0.5,-0.007772000122070313,-0.14,-0.011,-0.56,0.0002375087394248701,10,1,100,0.03325474444414385,-10,-1,-100,5048.650674171979,-0.003024414757811491,2.1490266686766196e-05,0.9999954262163108,71.99097236829778,-1.7443197542282378,-1567.4769791262795,72.36957087225177,-89.94842529296875,4892.46044921875,True
1598628822.3433683,0,5,0.5,0.5,-0.007788854980468751,-0.14,-0.011,-0.56,0.00021957560974321448,10,1,100,0.03329597965647006,-10,-1,-100,5051.550551130087,-0.0030246641761219116,2.1336174208537417e-05,0.9999954254652316,71.99365677618454,-1.7438450083070927,-1566.996514303238,72.37057254228256,-89.94842529296875,4891.77734375,True
1598628822.3931055,0,5,0.5,0.5,-0.007767291259765626,-0.14,-0.011,-0.56,0.00022860893061850832,10,1,100,0.033232287633599214,-10,-1,-100,5054.460682417732,-0.0030243115177516215,2.1278679477265982e-05,0.9999954265330724,71.99629985021144,-1.743370308779335,-1566.5157616542901,72.3715751776509,-89.94845581054688,4891.09326171875,True
1598628822.444512,0,5,0.5,0.5,-0.007762783813476563,-0.14,-0.011,-0.56,0.00024846191073306986,10,1,100,0.033299617930778416,-10,-1,-100,5057.36007141578,-0.0030246029738048115,2.1407401984676056e-05,0.9999954256488246,71.99889273315779,-1.7428954532382457,-1566.0345567789434,72.37257815066744,-89.948486328125,4890.41015625,True
1598628822.4942412,0,5,0.5,0.5,-0.007779638671875,-0.14,-0.011,-0.56,0.00023989044535852044,10,1,100,0.03325873946802506,-10,-1,-100,5060.26092526468,-0.0030244959188277945,2.144666368383332e-05,0.999995425971778,72.00146844167875,-1.7424202847230796,-1565.5536074564598,72.37358014049744,-89.948486328125,4889.7265625,True
1598628822.5440326,0,5,0.5,0.5,-0.007758074951171876,-0.14,-0.011,-0.56,0.00021488791337896781,10,1,100,0.03328006412229803,-10,-1,-100,5063.144688919536,-0.003024592352423167,2.1255163164963764e-05,0.9999954256841976,72.00402270815125,-1.7419450205314841,-1565.0727993996484,72.37458163048169,-89.94851684570312,4889.04296875,True
1598628822.5941093,0,5,0.5,0.5,-0.007774963378906251,-0.14,-0.011,-0.56,0.00019408511372988007,10,1,100,0.03326643105371912,-10,-1,-100,5066.044077867293,-0.0030245558964737875,2.089228142093763e-05,0.9999954258021093,72.00658646465108,-1.7414692732993866,-1564.5927527635047,72.37558151112209,-89.94851684570312,4888.3603515625,True
1598628822.6435802,0,5,0.5,0.5,-0.007753399658203126,-0.14,-0.011,-0.56,0.00024692367020954196,10,1,100,0.033278484446309764,-10,-1,-100,5068.943954798044,-0.0030246323128399416,2.1043370298184322e-05,0.9999954255678116,72.00909387853324,-1.740993213441261,-1564.1121300994666,72.37658135202248,-89.94854736328125,4887.677734375,True
1598628822.6931813,0,5,0.5,0.5,-0.007748925781250001,-0.14,-0.011,-0.56,0.0002115083588733422,10,1,100,0.03328483991398262,-10,-1,-100,5071.828695522039,-0.0030247595417880442,2.08592347497782e-05,0.9999954251868388,72.01158966367426,-1.7405167305728926,-1563.6318667253533,72.37758247000806,-89.94857788085938,4886.99462890625,True
1598628822.7420774,0,5,0.5,0.5,-0.007765780639648438,-0.14,-0.011,-0.56,0.00023909040763433283,10,1,100,0.03324791089163589,-10,-1,-100,5074.728572826134,-0.003024539153387517,2.0943317153663496e-05,0.9999954258516822,72.01408194374645,-1.7400408941246361,-1563.1521555888626,72.37858386682424,-89.94857788085938,4886.31201171875,True
1598628822.7920494,0,5,0.5,0.5,-0.0077655792236328135,-0.14,-0.011,-0.56,0.0002431353150186003,10,1,100,0.033276143652457235,-10,-1,-100,5077.6123366307,-0.003024595473918963,2.105701613729172e-05,0.9999954256789484,72.01645742258067,-1.7395632116000117,-1562.670512526408,72.37958537596178,-89.94857788085938,4885.6298828125,True
1598628822.8421028,0,5,0.5,0.5,-0.007744049072265625,-0.14,-0.011,-0.56,0.0002131286054889218,10,1,100,0.033268662157311966,-10,-1,-100,5080.513190526632,-0.0030245784965224954,2.088798444536528e-05,0.9999954257338433,72.01890358288777,-1.7390871971726678,-1562.191009966516,72.38058706572559,-89.9486083984375,4884.947265625,True
1598628822.8902922,0,5,0.5,0.5,-0.0077609375000000005,-0.14,-0.011,-0.56,0.00021711169723569242,10,1,100,0.03327530144582073,-10,-1,-100,5083.413556005573,-0.0030246234975845132,2.0770936641096584e-05,0.9999954256001705,72.0212787699551,-1.738610209417571,-1561.7105647559893,72.38158775826459,-89.9486083984375,4884.2646484375,True
1598628822.989466,0,5,0.5,0.5,-0.007739407348632814,-0.14,-0.011,-0.56,0.00022817254320931933,10,1,100,0.03326457812591836,-10,-1,-100,5086.2963431342505,-0.003024566639296478,2.076554427591817e-05,0.9999954257722566,72.02364443350062,-1.738133081046203,-1561.2305191549801,72.38258770349502,-89.94863891601562,4883.58251953125,True
1598628823.0433989,0,5,0.5,0.5,-0.0077349670410156255,-0.14,-0.011,-0.56,0.00022174492201874874,10,1,100,0.03326550906404286,-10,-1,-100,5092.096586123691,-0.003024523446048949,2.070279271284966e-05,0.9999954259041981,72.02821769227234,-1.7371797256927588,-1560.2695927223547,72.38462539785316,-89.94866943359375,4882.21875,True
1598628823.0951383,0,5,0.5,0.5,-0.007730493164062501,-0.14,-0.011,-0.56,0.00020111513230496064,10,1,100,0.03325235497179609,-10,-1,-100,5094.980349728023,-0.003024364571778751,2.045887854081747e-05,0.9999954263897267,72.03053981900248,-1.7367035533671102,-1559.7912087922323,72.38566346223526,-89.94869995117188,4881.537109375,True
1598628823.1475115,0,5,0.5,0.5,-0.007726019287109375,-0.14,-0.011,-0.56,0.0002625581514077326,10,1,100,0.03329893304146514,-10,-1,-100,5097.881203603116,-0.00302464378469433,2.0796435180471722e-05,0.9999954255382791,72.03290753984228,-1.7362287758855233,-1559.3144037450422,72.38670049908733,-89.94873046875,4880.85498046875,True
1598628823.1971805,0,5,0.5,0.5,-0.007721511840820313,-0.14,-0.011,-0.56,0.00020852642792370472,10,1,100,0.03327373480736996,-10,-1,-100,5100.780104158679,-0.0030246684598637906,2.061219449961212e-05,0.9999954254674596,72.03510995465338,-1.7357519444147236,-1558.8337883286597,72.3876957695889,-89.94876098632812,4880.173828125,True
1598628823.2471857,0,5,0.5,0.5,-0.00771700439453125,-0.14,-0.011,-0.56,0.00021238544700119213,10,1,100,0.03329418404285766,-10,-1,-100,5103.664356153342,-0.003024876761115894,2.048017694117016e-05,0.9999954248401052,72.03729740624331,-1.7352747030206699,-1558.3533540651836,72.38868753772759,-89.94879150390625,4879.4921875,True
1598628823.2980652,0,5,0.5,0.5,-0.007733859252929688,-0.14,-0.011,-0.56,0.00021267924386086028,10,1,100,0.033245616574509626,-10,-1,-100,5106.5642335299635,-0.0030246244968879805,2.036317645750046e-05,0.9999954256055343,72.03950437382127,-1.7347971724616542,-1557.8739601750067,72.38967900413734,-89.94879150390625,4878.81103515625,True
1598628823.3470366,0,5,0.5,0.5,-0.0077122619628906255,-0.14,-0.011,-0.56,0.0002261959541398189,10,1,100,0.03326111634400865,-10,-1,-100,5109.464598914958,-0.0030245359951821408,2.0380218966424143e-05,0.999995425872869,72.04161895669493,-1.73431878172783,-1557.393161835808,72.3906697118511,-89.94882202148438,4878.1298828125,True
1598628823.3993464,0,5,0.5,0.5,-0.007707720947265626,-0.14,-0.011,-0.56,0.00023284214284980428,10,1,100,0.033272641162881145,-10,-1,-100,5112.348850867711,-0.003024560364238161,2.04567473238736e-05,0.9999954257976006,72.04373191750494,-1.7338395299083682,-1556.912951926756,72.39166138248815,-89.9488525390625,4877.44921875,True
1598628823.4481966,0,5,0.5,0.5,-0.0077245422363281255,-0.14,-0.011,-0.56,0.0002056971739126636,10,1,100,0.03325826530099837,-10,-1,-100,5115.248239806155,-0.003024451844755867,2.0279938146782274e-05,0.9999954261294213,72.04581009536294,-1.733361403225874,-1556.432631926915,72.39265305132534,-89.9488525390625,4876.76806640625,True
1598628823.499034,0,5,0.5,0.5,-0.007724273681640625,-0.14,-0.011,-0.56,0.00023996138460119677,10,1,100,0.03326493773788577,-10,-1,-100,5118.14762872865,-0.0030244140052462383,2.0431141717953475e-05,0.9999954262407871,72.04789324137381,-1.7328831287651465,-1555.953002347073,72.39364399288735,-89.9488525390625,4876.087890625,True
1598628823.549319,0,5,0.5,0.5,-0.007702676391601563,-0.14,-0.011,-0.56,0.00020372900770358683,10,1,100,0.033291568889630814,-10,-1,-100,5121.032857927494,-0.0030246218458297586,2.023951826772899e-05,0.9999954256160632,72.04990777524229,-1.7324044924492896,-1555.4724804041255,72.39463460371039,-89.94888305664062,4875.4072265625,True
1598628823.6071844,0,5,0.5,0.5,-0.007719531250000001,-0.14,-0.011,-0.56,0.00023783455661250752,10,1,100,0.03327562661065954,-10,-1,-100,5123.932734368369,-0.003024665772551601,2.03757867343743e-05,0.9999954254804329,72.05186297226568,-1.7319247425287598,-1554.9912420374842,72.39562380463246,-89.94888305664062,4874.7265625,True
1598628823.6501393,0,5,0.5,0.5,-0.007719329833984376,-0.14,-0.011,-0.56,0.0001998516132317987,10,1,100,0.03325246702421409,-10,-1,-100,5126.832611821475,-0.003024494890421251,2.0154443211323996e-05,0.9999954260017675,72.05390141993884,-1.731446681894572,-1554.5124514579518,72.39661406778164,-89.94888305664062,4874.0458984375,True
1598628823.6980648,0,5,0.5,0.5,-0.0076977996826171876,-0.14,-0.011,-0.56,0.00022297302349865496,10,1,100,0.03326875730210068,-10,-1,-100,5129.743231285829,-0.0030244877718237865,2.0164000094585274e-05,0.9999954260231051,72.05579305328492,-1.7309657374532603,-1554.0318386737033,72.39764270277497,-89.94891357421875,4873.3662109375,True
1598628823.7471197,0,5,0.5,0.5,-0.007714721679687501,-0.14,-0.011,-0.56,0.0002197418102477451,10,1,100,0.03327767075885413,-10,-1,-100,5132.642619986436,-0.003024562496058432,2.01437209538191e-05,0.9999954257975074,72.0578187096327,-1.730489201345705,-1553.5539534790607,72.39863417462294,-89.94891357421875,4872.685546875,True
1598628823.7973275,0,5,0.5,0.5,-0.007693225097656251,-0.14,-0.011,-0.56,0.00022934181767988977,10,1,100,0.03325475786609591,-10,-1,-100,5135.5424970969325,-0.003024422413851269,2.0212864035221482e-05,0.9999954262197915,72.05972867016077,-1.7300097153801093,-1553.0741898427004,72.39962415221837,-89.94894409179688,4872.005859375,True
1598628823.8470945,0,5,0.5,0.5,-0.007710147094726563,-0.14,-0.011,-0.56,0.00020707240884036563,10,1,100,0.03326793753904833,-10,-1,-100,5138.426749286125,-0.0030244150653107216,2.0073408858339138e-05,0.999995426244826,72.0615925411691,-1.729530179694438,-1552.5939854347093,72.40061218917081,-89.94894409179688,4871.326171875,True
1598628823.8957841,0,5,0.5,0.5,-0.007688650512695312,-0.14,-0.011,-0.56,0.0002023952327886586,10,1,100,0.03328122466438547,-10,-1,-100,5141.32662658568,-0.003024529286804081,1.9904390560801566e-05,0.9999954259027429,72.06344976866522,-1.7290515890717384,-1552.1142455806057,72.40160137985714,-89.948974609375,4870.646484375,True
1598628823.9448771,0,5,0.5,0.5,-0.007684243774414063,-0.14,-0.011,-0.56,0.00019243152317275597,10,1,100,0.03325996306437828,-10,-1,-100,5144.226503247279,-0.003024439865504737,1.9660660527225633e-05,0.9999954261780192,72.06526874205188,-1.7285717322896856,-1551.6343167022806,72.40259162854196,-89.94900512695312,4869.966796875,True
1598628823.9971602,0,5,0.5,0.5,-0.007679803466796875,-0.14,-0.011,-0.56,0.00022025411561190386,10,1,100,0.03324445021778333,-10,-1,-100,5147.1112438135315,-0.003024217558426517,1.969258340762118e-05,0.999995426849724,72.06711353022338,-1.7280927187396569,-1551.1555495543325,72.4035811590067,-89.94903564453125,4869.287109375,True
1598628824.047395,0,5,0.5,0.5,-0.007675329589843751,-0.14,-0.011,-0.56,0.00022786077497332404,10,1,100,0.03327824367883789,-10,-1,-100,5150.010144576081,-0.0030243228529530123,1.979142707336671e-05,0.9999954265293318,72.0689178223132,-1.7276121431573557,-1550.6765196700283,72.40457109172002,-89.94906616210938,4868.60791015625,True
1598628824.096153,0,5,0.5,0.5,-0.007692218017578125,-0.14,-0.011,-0.56,0.0002225801669774972,10,1,100,0.03325422202220408,-10,-1,-100,5151.446655892883,-0.0030242004683648615,1.983368677971364e-05,0.9999954268986193,72.0696668378743,-1.727368524266442,-1550.4341230645186,72.40507564727866,-89.94906616210938,4868.2685546875,True
1598628824.146315,0,5,0.5,0.5,-0.007670654296875,-0.14,-0.011,-0.56,0.00017149319646450015,10,1,100,0.033248948800554685,-10,-1,-100,5155.810875090654,-0.003024041694273536,1.9408170508051476e-05,0.9999954273871227,72.072324441267,-1.726649087000545,-1549.7159917072172,72.40655348312286,-89.9490966796875,4867.25,True
1598628824.1962216,0,5,0.5,0.5,-0.007666146850585938,-0.14,-0.011,-0.56,0.00023798201213531093,10,1,100,0.03325148980523715,-10,-1,-100,5158.694150727475,-0.0030239208662295788,1.9626459742368945e-05,0.9999954277482458,72.07403964071358,-1.7261689562942168,-1549.2372682733255,72.4075638756474,-89.94912719726562,4866.5712890625,True
1598628824.2461963,0,5,0.5,0.5,-0.007683001708984376,-0.14,-0.011,-0.56,0.00018930218802484122,10,1,100,0.03327943463762032,-10,-1,-100,5161.5945163766155,-0.003024065581852732,1.9382849318337117e-05,0.999995427315376,72.07579743574755,-1.7256894561804685,-1548.7600443827832,72.40857352945336,-89.94912719726562,4865.8916015625,True
1598628824.2943695,0,5,0.5,0.5,-0.007661404418945313,-0.14,-0.011,-0.56,0.000195780539964932,10,1,100,0.03324382234637444,-10,-1,-100,5164.495858137147,-0.003023873845148096,1.9220971106523082e-05,0.9999954278983093,72.07740283047812,-1.7252069974911963,-1548.2797195055302,72.40956247434839,-89.94915771484375,4865.21337890625,True
1598628824.3441246,0,5,0.5,0.5,-0.00767825927734375,-0.14,-0.011,-0.56,0.00026289843259721474,10,1,100,0.03325986434806903,-10,-1,-100,5167.378645477584,-0.003023845874130835,1.96848734769208e-05,0.9999954279738659,72.07906051006032,-1.7247250094216966,-1547.8010863555462,72.41054917189042,-89.94915771484375,4864.53515625,True
1598628824.3940477,0,5,0.5,0.5,-0.007656661987304688,-0.14,-0.011,-0.56,0.00016262260999419124,10,1,100,0.03324927960303013,-10,-1,-100,5170.279010847211,-0.003023724738424953,1.9195357731237985e-05,0.9999954283496723,72.08063433515314,-1.724242656961159,-1547.3212544503235,72.41153589948797,-89.94918823242188,4863.8564453125,True
1598628824.443281,0,5,0.5,0.5,-0.007673516845703126,-0.14,-0.011,-0.56,0.00021747525198460407,10,1,100,0.03325139282109571,-10,-1,-100,5173.1793761031,-0.00302363455753691,1.924964837401151e-05,0.999995428621308,72.08219396776012,-1.7237597860857448,-1546.8417473485938,72.41252451727217,-89.94918823242188,4863.17822265625,True
1598628824.4933882,0,5,0.5,0.5,-0.007651953125000001,-0.14,-0.011,-0.56,0.00021386986843156038,10,1,100,0.033253815234704345,-10,-1,-100,5176.063140057377,-0.003023575328951466,1.9266600937099054e-05,0.9999954288000663,72.08377434777485,-1.7232789175776575,-1546.3633032883195,72.4135132360006,-89.94921875,4862.5,True
1598628824.5444877,0,5,0.5,0.5,-0.0076688415527343765,-0.14,-0.011,-0.56,0.00022056091147151254,10,1,100,0.033273357630521944,-10,-1,-100,5178.96350557392,-0.003023699726771654,1.934322727887868e-05,0.9999954284224514,72.08529995646455,-1.7227960392659878,-1545.8842551274074,72.41450205422257,-89.94921875,4861.822265625,True
1598628824.5952473,0,5,0.5,0.5,-0.007647311401367188,-0.14,-0.011,-0.56,0.00022374839799902885,10,1,100,0.033256508707441124,-10,-1,-100,5181.8624061234295,-0.003023660210149437,1.9442272194196207e-05,0.9999954285400168,72.08672372658383,-1.722312294125572,-1545.4036294797384,72.41549090315077,-89.94924926757812,4861.14404296875,True
1598628824.6513984,0,5,0.5,0.5,-0.007642837524414064,-0.14,-0.011,-0.56,0.0002001034512714953,10,1,100,0.033259464119747756,-10,-1,-100,5184.762283078395,-0.0030236516444758594,1.9317714796585032e-05,0.9999954285683305,72.0882229436524,-1.7218310651666662,-1544.9252271287266,72.4164797575436,-89.94927978515625,4860.466796875,True
1598628824.693306,0,5,0.5,0.5,-0.007659725952148438,-0.14,-0.011,-0.56,0.00021033006465316824,10,1,100,0.03324130890736766,-10,-1,-100,5187.646046769922,-0.0030234791647053313,1.9297532243782324e-05,0.9999954290902263,72.08965076273194,-1.7213491099250922,-1544.4458697901387,72.41746886034596,-89.94927978515625,4859.78857421875,True
1598628824.744033,0,5,0.5,0.5,-0.007638195800781251,-0.14,-0.011,-0.56,0.00020516490605266305,10,1,100,0.0332519558438128,-10,-1,-100,5190.572779796086,-0.003023419556792102,1.923252750622853e-05,0.999995429271701,72.09108305199868,-1.720866682439725,-1543.9679625572337,72.41849600395388,-89.94931030273438,4859.111328125,True
1598628824.7935696,0,5,0.5,0.5,-0.007655084228515626,-0.14,-0.011,-0.56,0.000209432195054913,10,1,100,0.033253471813600145,-10,-1,-100,5193.473144708434,-0.003023379736619106,1.921236248284745e-05,0.9999954293924814,72.09253818883435,-1.720385940404699,-1543.4903221046827,72.41948108874507,-89.94931030273438,4858.43359375,True
1598628824.8421893,0,5,0.5,0.5,-0.0076335540771484385,-0.14,-0.011,-0.56,0.00018134385091577414,10,1,100,0.033245232728801505,-10,-1,-100,5196.35788536293,-0.003023269084880512,1.893868988634855e-05,0.9999954297322395,72.0939044936012,-1.7199038558061734,-1543.0113587651367,72.4204650786229,-89.9493408203125,4857.7568359375,True
1598628824.8913548,0,5,0.5,0.5,-0.007629080200195313,-0.14,-0.011,-0.56,0.0002162530471427956,10,1,100,0.03325184342346924,-10,-1,-100,5199.257274135482,-0.0030232291139689975,1.9007931294859355e-05,0.9999954298517683,72.09519827044772,-1.7194205464876313,-1542.5314257657478,72.42144883940367,-89.94937133789062,4857.0791015625,True
1598628824.9393024,0,5,0.5,0.5,-0.007624606323242188,-0.14,-0.011,-0.56,0.00019314633468903533,10,1,100,0.03326380998217888,-10,-1,-100,5202.157151194522,-0.003023302014241759,1.88609873952317e-05,0.9999954296341527,72.09653398575972,-1.7189383134394964,-1542.0529732083187,72.42243131410969,-89.94940185546875,4856.40234375,True
1598628824.9873228,0,5,0.5,0.5,-0.007641461181640626,-0.14,-0.011,-0.56,0.0002154220589848142,10,1,100,0.033243062102813546,-10,-1,-100,5205.058493020129,-0.003023179972443944,1.8930261944603442e-05,0.9999954300018074,72.09779375941201,-1.718454732935318,-1541.5734209371224,72.42341323258857,-89.94940185546875,4855.7255859375,True
1598628825.0354922,0,5,0.5,0.5,-0.0076198974609375004,-0.14,-0.011,-0.56,0.0002275400068524222,10,1,100,0.033239609000714224,-10,-1,-100,5207.941768422956,-0.0030230379929327613,1.9103707732821912e-05,0.9999954304277302,72.09906939307328,-1.7179727740753843,-1541.0948556284277,72.42439587456758,-89.94943237304688,4855.048828125,True
1598628825.083363,0,5,0.5,0.5,-0.007615390014648438,-0.14,-0.011,-0.56,0.00018333627294032088,10,1,100,0.03324494067602776,-10,-1,-100,5210.840669119265,-0.003022957992001663,1.885975134067965e-05,0.9999954306742048,72.10030280473994,-1.717489418058927,-1540.6159949401103,72.42538033505622,-89.949462890625,4854.3720703125,True
1598628825.130246,0,5,0.5,0.5,-0.007632244873046876,-0.14,-0.011,-0.56,0.00019809627954804556,10,1,100,0.03326522631234234,-10,-1,-100,5213.741034601,-0.003023070317138204,1.8772684245032835e-05,0.9999954303362811,72.10149059887414,-1.7170055928471446,-1540.1367968937925,72.42636760224792,-89.949462890625,4853.6953125,True
1598628825.1801164,0,5,0.5,0.5,-0.007610681152343751,-0.14,-0.011,-0.56,0.0001954942817211466,10,1,100,0.03324170600459665,-10,-1,-100,5216.641888021142,-0.0030229591383985873,1.8670373296519878e-05,0.999995430674293,72.10268694429958,-1.7165215819773676,-1539.6584139597853,72.42735802279213,-89.94949340820312,4853.01953125,True
1598628825.2290614,0,5,0.5,0.5,-0.007627536010742188,-0.14,-0.011,-0.56,0.00020508343346416474,10,1,100,0.03324831694422288,-10,-1,-100,5219.525651889737,-0.003022918639019453,1.8665107594578502e-05,0.999995430796819,72.10385433705564,-1.7160378743315254,-1539.1800890216873,72.42835219127865,-89.94949340820312,4852.3427734375,True
1598628825.2777326,0,5,0.5,0.5,-0.007627334594726563,-0.14,-0.011,-0.56,0.00021805895029472565,10,1,100,0.03325809296835139,-10,-1,-100,5222.426017319667,-0.0030229711497284746,1.8778795673011123e-05,0.9999954306359529,72.10501709254424,-1.7155546860115438,-1538.7022826405348,72.42934767554283,-89.94949340820312,4851.6669921875,True
1598628825.3251374,0,5,0.5,0.5,-0.007627133178710938,-0.14,-0.011,-0.56,0.0001905182235320125,10,1,100,0.033232492125682,-10,-1,-100,5225.326382452622,-0.0030227865232459457,1.8632172379934146e-05,0.9999954311968016,72.10607419137462,-1.7150693792088847,-1538.2228529697531,72.43034579409567,-89.94949340820312,4850.99072265625,True
1598628825.3745315,0,5,0.5,0.5,-0.007605603027343751,-0.14,-0.011,-0.56,0.00020782276628525707,10,1,100,0.03327127533509776,-10,-1,-100,5228.209658052772,-0.0030229716943125486,1.865647115444495e-05,0.9999954306365962,72.10716893589355,-1.7145855359089648,-1537.744858436804,72.43134741118195,-89.94952392578125,4850.3154296875,True
1598628825.4221504,0,5,0.5,0.5,-0.007601162719726563,-0.14,-0.011,-0.56,0.00020230102859079672,10,1,100,0.033255070687568215,-10,-1,-100,5231.110023467685,-0.003022992950686152,1.8628682843269144e-05,0.9999954305728562,72.10822261078248,-1.7141012021157416,-1537.266598538002,72.43235092303892,-89.94955444335938,4849.63916015625,True
1598628825.4691634,0,5,0.5,0.5,-0.0075967224121093755,-0.14,-0.011,-0.56,0.0002003698648601933,10,1,100,0.03321360141208465,-10,-1,-100,5234.008923743386,-0.0030226355622155372,1.8586075894241983e-05,0.9999954316539731,72.1092478885564,-1.713616390437881,-1536.7883710526403,72.43335721104746,-89.9495849609375,4848.96337890625,True
1598628825.5201585,0,5,0.5,0.5,-0.007613610839843751,-0.14,-0.011,-0.56,0.00016223436534889207,10,1,100,0.033285195581434016,-10,-1,-100,5236.909289155388,-0.003022962014609271,1.8200968841433063e-05,0.9999954306742521,72.11029291223436,-1.71313169845013,-1536.311211798062,72.4343666149233,-89.9495849609375,4848.2880859375,True
1598628825.5781772,0,5,0.5,0.5,-0.007592080688476563,-0.14,-0.011,-0.56,0.00020252277331501555,10,1,100,0.033236833866686084,-10,-1,-100,5239.793052976951,-0.0030228192066316145,1.8217950446654612e-05,0.9999954311056378,72.11126869246682,-1.712647081815621,-1535.8331438346406,72.43537698722764,-89.94961547851562,4847.6123046875,True
1598628825.62103,0,5,0.5,0.5,-0.007587640380859376,-0.14,-0.011,-0.56,0.00023131505600610205,10,1,100,0.03324999303671523,-10,-1,-100,5242.692930380232,-0.0030228091361843464,1.849571974940592e-05,0.99999543113098,72.1122671188102,-1.712162596026206,-1535.3561389897998,72.43638799622666,-89.94964599609375,4846.9375,True
1598628825.6667087,0,5,0.5,0.5,-0.007604528808593751,-0.14,-0.011,-0.56,0.0002061905438875141,10,1,100,0.0332532709082587,-10,-1,-100,5245.592319192714,-0.0030228300175017286,1.8520084427643244e-05,0.9999954310674084,72.11318000028646,-1.7116785405016282,-1534.8786784546674,72.43743706493241,-89.94964599609375,4846.26220703125,True
1598628825.716089,0,5,0.5,0.5,-0.007582998657226563,-0.14,-0.011,-0.56,0.00018841116340459696,10,1,100,0.033237621093278075,-10,-1,-100,5248.521004720591,-0.0030227068468548857,1.838074002971327e-05,0.9999954314422974,72.11416971184251,-1.7111964803111372,-1534.4027667477312,72.43845346992214,-89.94967651367188,4845.5869140625,True
1598628825.7653766,0,5,0.5,0.5,-0.007578524780273438,-0.14,-0.011,-0.56,0.00017876753799064246,10,1,100,0.0332612084909328,-10,-1,-100,5251.403791873832,-0.0030228094969656756,1.8166652498345403e-05,0.9999954311359217,72.11507772723775,-1.7107122553907659,-1533.9256703639594,72.43946943503211,-89.94970703125,4844.912109375,True
1598628825.8172553,0,5,0.5,0.5,-0.007595379638671876,-0.14,-0.011,-0.56,0.00020856013546060066,10,1,100,0.03324296025984482,-10,-1,-100,5254.303668925539,-0.0030227370691953783,1.824342575880575e-05,0.9999954313534576,72.11593331231212,-1.7102270051732449,-1533.448050884309,72.44048554856931,-89.94970703125,4844.2373046875,True
1598628825.866133,0,5,0.5,0.5,-0.007573782348632813,-0.14,-0.011,-0.56,0.00018714575577846883,10,1,100,0.03324003774287182,-10,-1,-100,5257.203545853845,-0.003022644702389945,1.8118896859042254e-05,0.9999954316349193,72.1168075666815,-1.7097431876933193,-1532.97141347121,72.44150279268185,-89.94973754882812,4843.5625,True
1598628825.9160564,0,5,0.5,0.5,-0.0075906372070312506,-0.14,-0.011,-0.56,0.00020225493995530984,10,1,100,0.03325586739163447,-10,-1,-100,5260.104887809954,-0.00302270493573005,1.8143533692042544e-05,0.9999954314524061,72.1176393829867,-1.7092575533647631,-1532.4944786479778,72.44252149599274,-89.94973754882812,4842.888671875,True
1598628825.966157,0,5,0.5,0.5,-0.007569073486328126,-0.14,-0.011,-0.56,0.0001892833634829776,10,1,100,0.033238681755399284,-10,-1,-100,5263.0037881109165,-0.0030226037220870586,1.8048448435159083e-05,0.999995431760062,72.11846147518095,-1.708773232400632,-1532.0179151269592,72.4435414223911,-89.94976806640625,4842.2138671875,True
1598628826.0161119,0,5,0.5,0.5,-0.007564599609375,-0.14,-0.011,-0.56,0.00020227139008074322,10,1,100,0.03324639796663091,-10,-1,-100,5265.887552058906,-0.0030225818860047434,1.8080569013843882e-05,0.9999954318254836,72.11928631860569,-1.7082903462418209,-1531.5404307834988,72.44448403917349,-89.94979858398438,4841.5400390625,True
1598628826.0631657,0,5,0.5,0.5,-0.007560092163085938,-0.14,-0.011,-0.56,0.00015912499924053023,10,1,100,0.03325295941774198,-10,-1,-100,5268.788405031315,-0.0030226220301478343,1.771763907758048e-05,0.9999954317106393,72.11994189617394,-1.7078029557592207,-1531.058354765527,72.44534719971908,-89.9498291015625,4840.86572265625,True
1598628826.1112082,0,5,0.5,0.5,-0.007576947021484376,-0.14,-0.011,-0.56,0.00022425688113473477,10,1,100,0.03323435423481584,-10,-1,-100,5271.688282275572,-0.003022489566048119,1.798026561762386e-05,0.9999954321063338,72.1205309902562,-1.7073132789144765,-1530.5754846967516,72.44621195934036,-89.9498291015625,4840.1923828125,True
1598628826.1591718,0,5,0.5,0.5,-0.007576745605468751,-0.14,-0.011,-0.56,0.00019656786526931638,10,1,100,0.0332417289584141,-10,-1,-100,5274.588647726923,-0.0030224364775993952,1.7967767286279295e-05,0.9999954322670171,72.12107129671135,-1.7068231957750604,-1530.092291999434,72.44708335301198,-89.9498291015625,4839.5185546875,True
1598628826.2078335,0,5,0.5,0.5,-0.007555181884765626,-0.14,-0.011,-0.56,0.0001979572938651627,10,1,100,0.03323582398635182,-10,-1,-100,5277.472899706918,-0.0030223348915726276,1.7969538442420442e-05,0.9999954325740188,72.12166129300986,-1.7063357258553609,-1529.6108994312406,72.44796259123834,-89.94985961914062,4838.8447265625,True
1598628826.2550673,0,5,0.5,0.5,-0.0075507080078125,-0.14,-0.011,-0.56,0.00018159335295869352,10,1,100,0.03324691545765865,-10,-1,-100,5280.372776728007,-0.003022343710337703,1.782275930484203e-05,0.999995432549992,72.12220945914667,-1.7058473769288847,-1529.1293089613741,72.44884861801614,-89.94989013671875,4838.17138671875,True
1598628826.3071063,0,5,0.5,0.5,-0.007567596435546876,-0.14,-0.011,-0.56,0.00019648043185094285,10,1,100,0.03323233971896537,-10,-1,-100,5283.27216530696,-0.003022219644123858,1.7824973436239836e-05,0.9999954329249174,72.12269944593342,-1.7053564073111525,-1528.6471776008143,72.4497417967789,-89.94989013671875,4837.498046875,True
1598628826.3590717,0,5,0.5,0.5,-0.007567395019531251,-0.14,-0.011,-0.56,0.00021528257156935875,10,1,100,0.03324127863971758,-10,-1,-100,5286.17301939032,-0.003022188589959084,1.7998295237062136e-05,0.9999954330156653,72.1231970660746,-1.7048679948552337,-1528.1659726179987,72.45064369518005,-89.94989013671875,4836.8251953125,True
1598628826.4530292,0,5,0.5,0.5,-0.0075458648681640626,-0.14,-0.011,-0.56,0.00017769475075401874,10,1,100,0.03324528391336898,-10,-1,-100,5289.056294679525,-0.003022197185126512,1.781426268641748e-05,0.9999954329929843,72.12370030901843,-1.7043801136354806,-1527.685542879565,72.45154927399841,-89.94992065429688,4836.15234375,True
1598628826.5040267,0,5,0.5,0.5,-0.007541390991210938,-0.14,-0.011,-0.56,0.00019243550787866162,10,1,100,0.03322384802957712,-10,-1,-100,5294.857025211211,-0.0030220105888357058,1.7781266587878754e-05,0.9999954335574877,72.12456932949506,-1.7034029038140788,-1526.724436213472,72.45341052173107,-89.949951171875,4834.80615234375,True
1598628826.5561152,0,5,0.5,0.5,-0.007536917114257813,-0.14,-0.011,-0.56,0.0001828201274125467,10,1,100,0.03323558635485081,-10,-1,-100,5297.784734253306,-0.003021948207104053,1.766410047755821e-05,0.9999954337480812,72.12508234676993,-1.7029162490651313,-1526.247585913549,72.45440076462526,-89.94998168945312,4834.13330078125,True
1598628826.6041148,0,5,0.5,0.5,-0.0075538055419921875,-0.14,-0.011,-0.56,0.00018325330768169165,10,1,100,0.033216868730042,-10,-1,-100,5300.681681907619,-0.0030217219122851075,1.7561902442019296e-05,0.9999954344337099,72.1256268143823,-1.7024314179786637,-1525.7713459190911,72.45535860285963,-89.94998168945312,4833.4609375,True
1598628826.6520553,0,5,0.5,0.5,-0.007532275390625001,-0.14,-0.011,-0.56,0.0001887554880510166,10,1,100,0.033235943061110565,-10,-1,-100,5303.567886847071,-0.00302169041102111,1.7519156537282837e-05,0.9999954345296477,72.1260301552239,-1.7019435423779514,-1525.2919298606942,72.45627780341285,-89.95001220703125,4832.7880859375,True
1598628826.6990016,0,5,0.5,0.5,-0.007527801513671876,-0.14,-0.011,-0.56,0.0001997764725609691,10,1,100,0.03324332298201701,-10,-1,-100,5306.467763544875,-0.0030217295902030135,1.758090658223139e-05,0.9999954344101755,72.12638856299671,-1.701455270495097,-1524.8120382329134,72.45719122972135,-89.95004272460938,4832.1162109375,True
1598628826.749123,0,5,0.5,0.5,-0.007544656372070313,-0.14,-0.011,-0.56,0.00018724767238136085,10,1,100,0.03321100431993354,-10,-1,-100,5309.366664336179,-0.003021472044247073,1.7523496494828223e-05,0.9999954351893877,72.12671049404477,-1.7009650610580485,-1524.3320102330545,72.45810836298836,-89.95004272460938,4831.44384765625,True
1598628826.7971203,0,5,0.5,0.5,-0.007523092651367188,-0.14,-0.011,-0.56,0.00017597660864075872,10,1,100,0.033222943598649246,-10,-1,-100,5312.267029465642,-0.0030213472348639293,1.7369246783135864e-05,0.9999954355691809,72.12700994016897,-1.7004755162999714,-1523.8521783163142,72.45903043203074,-89.9500732421875,4830.771484375,True
1598628826.8463976,0,5,0.5,0.5,-0.007539981079101563,-0.14,-0.011,-0.56,0.00021616204550941784,10,1,100,0.033222816138518844,-10,-1,-100,5315.166418500594,-0.0030212335189466802,1.7594754209968535e-05,0.9999954359088089,72.12728825770714,-1.6999869514502421,-1523.3725830407557,72.45995788238208,-89.9500732421875,4830.099609375,True
1598628826.8942127,0,5,0.5,0.5,-0.0075397796630859385,-0.14,-0.011,-0.56,0.00017006255236184492,10,1,100,0.03324396409613323,-10,-1,-100,5318.050670220284,-0.0030213232914776548,1.7380883950498728e-05,0.99999543564132,72.1275512890855,-1.699497685364088,-1522.8933071278157,72.46088983175773,-89.9500732421875,4829.427734375,True
1598628826.9500356,0,5,0.5,0.5,-0.007518215942382813,-0.14,-0.011,-0.56,0.0001842417466426048,10,1,100,0.03319534164529456,-10,-1,-100,5320.950547243352,-0.0030209636672240813,1.7315919491066325e-05,0.9999954367289284,72.12779871996705,-1.699009182427884,-1522.4142697635039,72.46182208365785,-89.95010375976562,4828.755859375,True
1598628826.9912136,0,5,0.5,0.5,-0.007513742065429688,-0.14,-0.011,-0.56,0.00017125078317063936,10,1,100,0.033206223041801874,-10,-1,-100,5323.850424159085,-0.0030207367792508106,1.7139214262923864e-05,0.9999954374173704,72.12804352137995,-1.6985213323054915,-1521.935840363363,72.46275739384684,-89.95013427734375,4828.08447265625,True
1598628827.0385187,0,5,0.5,0.5,-0.007509268188476564,-0.14,-0.011,-0.56,0.00019073208570950806,10,1,100,0.03323303715535553,-10,-1,-100,5326.751277841511,-0.0030207754401343112,1.7156259580715846e-05,0.9999954373002923,72.12825936906563,-1.6980336308807304,-1521.4574254270487,72.4636968778498,-89.95016479492188,4827.4130859375,True
1598628827.0861256,0,5,0.5,0.5,-0.007504794311523438,-0.14,-0.011,-0.56,0.00017201115705999762,10,1,100,0.033229885152191906,-10,-1,-100,5329.65017822152,-0.003020782997969615,1.7002026737255592e-05,0.9999954372800959,72.12842323820472,-1.6975447187555723,-1520.9785308789542,72.46463916417059,-89.9501953125,4826.74169921875,True
1598628827.1350982,0,5,0.5,0.5,-0.007521649169921875,-0.14,-0.011,-0.56,0.00020971042353722889,10,1,100,0.03321429302218829,-10,-1,-100,5332.5349184541265,-0.003020648975651054,1.720504464363452e-05,0.9999954376814688,72.12860534792839,-1.6970569426347584,-1520.5006439520466,72.4655833074413,-89.9501953125,4826.0703125,True
1598628827.1829696,0,5,0.5,0.5,-0.007500085449218751,-0.14,-0.011,-0.56,0.00016092437274413797,10,1,100,0.033202600895472875,-10,-1,-100,5335.434795306297,-0.0030204217918780134,1.6946382380308766e-05,0.9999954383721054,72.12872716718643,-1.6965685756655515,-1520.0220628399672,72.46652893362746,-89.95022583007812,4825.3994140625,True
1598628827.2290308,0,5,0.5,0.5,-0.007495611572265626,-0.14,-0.011,-0.56,0.00021237873013959366,10,1,100,0.033225995679096884,-10,-1,-100,5338.334672425408,-0.0030204291299339445,1.7179578593791242e-05,0.9999954383459622,72.12884962996415,-1.6960808546207213,-1519.5440385072077,72.46747241102436,-89.95025634765625,4824.728515625,True
1598628827.2784257,0,5,0.5,0.5,-0.007512466430664063,-0.14,-0.011,-0.56,0.00015238384948268284,10,1,100,0.03322035835316458,-10,-1,-100,5341.23601438012,-0.0030203855005802365,1.6846479798167974e-05,0.9999954384834083,72.12891586641454,-1.6955909678437389,-1519.065461359787,72.46841860777317,-89.95025634765625,4824.0576171875,True
1598628827.3271775,0,5,0.5,0.5,-0.007512265014648438,-0.14,-0.011,-0.56,0.00020635293924625676,10,1,100,0.03320302399664206,-10,-1,-100,5344.162258609314,-0.0030201891267760098,1.70347660427111e-05,0.9999954390733266,72.1290384961754,-1.6951034709134774,-1518.588718993448,72.46937026567947,-89.95025634765625,4823.38671875,True
1598628827.376218,0,5,0.5,0.5,-0.007469338989257813,-0.14,-0.011,-0.56,0.0001622768856104411,10,1,100,0.03321896979529984,-10,-1,-100,5347.062623803155,-0.0030201565163892113,1.6805753039394942e-05,0.999995439175691,72.12903805167323,-1.694613116337547,-1518.1099773305723,72.47032296716918,-89.9503173828125,4822.7158203125,True
1598628827.4254253,0,5,0.5,0.5,-0.007503250122070313,-0.14,-0.011,-0.56,0.00017962510163667953,10,1,100,0.03323189993925264,-10,-1,-100,5349.945899230312,-0.003020245478050864,1.6755793301083425e-05,0.999995438907846,72.1290901343778,-1.694123990514697,-1517.6329215708304,72.47127651569915,-89.9503173828125,4822.04541015625,True
1598628827.4729903,0,5,0.5,0.5,-0.00750301513671875,-0.14,-0.011,-0.56,0.00020528585434354907,10,1,100,0.03319789339667229,-10,-1,-100,5352.845287772012,-0.0030200178548008844,1.694416413285357e-05,0.9999954395921273,72.1290794284076,-1.6936347046170999,-1517.1550846777836,72.47222835892794,-89.9503173828125,4821.375,True
1598628827.525275,0,5,0.5,0.5,-0.007481451416015626,-0.14,-0.011,-0.56,0.00016371321522393954,10,1,100,0.0331955369502375,-10,-1,-100,5355.745653305436,-0.0030197901559009957,1.6737654578948227e-05,0.9999954402832372,72.12903608795989,-1.6931440376616105,-1516.6770590899803,72.47317832533899,-89.95034790039062,4820.705078125,True
1598628827.5801008,0,5,0.5,0.5,-0.0074769775390625005,-0.14,-0.011,-0.56,0.00016654630017439538,10,1,100,0.03321554548094777,-10,-1,-100,5358.6465067092795,-0.003019765948347766,1.6576054488585483e-05,0.9999954403590305,72.12896660003283,-1.692653074940499,-1516.199066795407,72.47412863681558,-89.95037841796875,4820.03466796875,True
1598628827.6244147,0,5,0.5,0.5,-0.007493865966796876,-0.14,-0.011,-0.56,0.00019108163741383586,10,1,100,0.033196214823341834,-10,-1,-100,5361.546871972736,-0.0030195691328207958,1.6652581083385784e-05,0.9999954409520793,72.12888386796766,-1.6921629076787326,-1515.7213565321574,72.47507878477029,-89.95037841796875,4819.36474609375,True
1598628827.677481,0,5,0.5,0.5,-0.0074723022460937505,-0.14,-0.011,-0.56,0.00016640788090980146,10,1,100,0.03321652253885172,-10,-1,-100,5364.430147358333,-0.003019575806885304,1.6498346077313244e-05,0.999995440934483,72.1288101081934,-1.6916728648098545,-1515.2444297451218,72.47603071213315,-89.95040893554688,4818.69482421875,True
1598628827.7211804,0,5,0.5,0.5,-0.007489190673828126,-0.14,-0.011,-0.56,0.0001885690327121834,10,1,100,0.033185093474069935,-10,-1,-100,5367.329047523788,-0.0030192969245231975,1.6560004757544403e-05,0.9999954417755353,72.12864181183336,-1.6911816364757033,-1514.766124621703,72.47698567157505,-89.95040893554688,4818.025390625,True
1598628827.8160532,0,5,0.5,0.5,-0.0074676605224609375,-0.14,-0.011,-0.56,0.00014976788042261438,10,1,100,0.03320361865160029,-10,-1,-100,5370.230877610855,-0.0030192128350855683,1.6263883604064144e-05,0.9999954420342838,72.12852037928833,-1.6906912207419926,-1514.2901190658743,72.47797942455296,-89.950439453125,4817.35546875,True
1598628827.863156,0,5,0.5,0.5,-0.007463186645507813,-0.14,-0.011,-0.56,0.00020519528612180488,10,1,100,0.033190930413284594,-10,-1,-100,5376.030631636968,-0.0030190221085807578,1.6499097694705735e-05,0.9999954426062589,72.12819561085053,-1.6897107246392087,-1513.3372609966464,72.47992581577373,-89.95046997070312,4816.0166015625,True
1598628827.912943,0,5,0.5,0.5,-0.00745867919921875,-0.14,-0.011,-0.56,0.0001777634104444652,10,1,100,0.03318136187889413,-10,-1,-100,5378.931485184352,-0.003018762795098467,1.6464034969447734e-05,0.9999954433896799,72.12801526470231,-1.689219983813683,-1512.8623061997866,72.4809517220882,-89.95050048828125,4815.34716796875,True
1598628827.961049,0,5,0.5,0.5,-0.0074755676269531255,-0.14,-0.011,-0.56,0.0001585138728843663,10,1,100,0.03321466589966156,-10,-1,-100,5381.830385605805,-0.0030188310864136254,1.6257474621457696e-05,0.9999954431869007,72.1279029073471,-1.6887312863942614,-1512.3885583157687,72.48193739801458,-89.95050048828125,4814.677734375,True
1598628828.0103421,0,5,0.5,0.5,-0.007454003906250001,-0.14,-0.011,-0.56,0.00018590241398627232,10,1,100,0.033176969937073475,-10,-1,-100,5384.713660997455,-0.0030185517646690026,1.631913224119283e-05,0.9999954440290866,72.12765976844827,-1.6882412322068359,-1511.9118950165853,72.48288563579298,-89.95053100585938,4814.0087890625,True
1598628828.05817,0,5,0.5,0.5,-0.007449496459960937,-0.14,-0.011,-0.56,0.0001774489276209529,10,1,100,0.03319422922425508,-10,-1,-100,5387.640881489613,-0.003018456071230207,1.6298902957532467e-05,0.9999954443182687,72.12737719305566,-1.6877490785114826,-1511.4348423966035,72.48382740364649,-89.9505615234375,4813.33984375,True
1598628828.1063066,0,5,0.5,0.5,-0.007466351318359375,-0.14,-0.011,-0.56,0.00017146210721837065,10,1,100,0.03320214202158596,-10,-1,-100,5390.541734945844,-0.0030184422245203746,1.6226485924746313e-05,0.9999954443612423,72.12705590480849,-1.6872560153698444,-1510.9574475036156,72.48476484551536,-89.9505615234375,4812.6708984375,True
1598628828.156104,0,5,0.5,0.5,-0.0074447875976562505,-0.14,-0.011,-0.56,0.00016987944386630846,10,1,100,0.03317264475350245,-10,-1,-100,5393.4406354925595,-0.0030181626830050653,1.614658219952546e-05,0.9999954452062803,72.12669745061538,-1.686763532063443,-1510.4799435506475,72.48570759536554,-89.95059204101562,4812.0029296875,True
1598628828.2051098,0,5,0.5,0.5,-0.007461642456054688,-0.14,-0.011,-0.56,0.00015346970106041473,10,1,100,0.03321912616840103,-10,-1,-100,5396.341488702339,-0.0030183323912627855,1.5925222968256435e-05,0.9999954446976063,72.12629049290831,-1.6862702984083233,-1510.0019682497116,72.48665138236858,-89.95059204101562,4811.333984375,True
1598628828.2545693,0,5,0.5,0.5,-0.007440078735351563,-0.14,-0.011,-0.56,0.00016021370926301315,10,1,100,0.03318246137139797,-10,-1,-100,5399.241854002117,-0.0030181544855385238,1.5785817489952812e-05,0.9999954452367819,72.12589181952751,-1.6857767348691668,-1509.5247774254,72.48759694100536,-89.95062255859375,4810.66552734375,True
1598628828.3054094,0,5,0.5,0.5,-0.00745693359375,-0.14,-0.011,-0.56,0.0001710225916532727,10,1,100,0.033192984449176836,-10,-1,-100,5402.124641179456,-0.0030180894559862616,1.5758051610740598e-05,0.9999954454334877,72.12550932598387,-1.6852841150337172,-1509.0485190477773,72.48854523183194,-89.95062255859375,4809.99755859375,True
1598628828.355386,0,5,0.5,0.5,-0.007435369873046876,-0.14,-0.011,-0.56,0.00018299714058129997,10,1,100,0.033188800717656175,-10,-1,-100,5405.024518236751,-0.0030179933255422894,1.5842129285341854e-05,0.9999954457222862,72.1250573600041,-1.6847906264789265,-1508.571331723813,72.48949216234347,-89.95065307617188,4809.32958984375,True
1598628828.4041018,0,5,0.5,0.5,-0.00745225830078125,-0.14,-0.011,-0.56,0.000162461595240095,10,1,100,0.03317311923513109,-10,-1,-100,5407.925371727324,-0.003017764310554849,1.5732474003158736e-05,0.9999954464151599,72.12457931578824,-1.6842963563726085,-1508.0942038695262,72.4904415322187,-89.95065307617188,4808.6611328125,True
1598628828.4511802,0,5,0.5,0.5,-0.007430728149414063,-0.14,-0.011,-0.56,0.00019324742120375863,10,1,100,0.03318874373138113,-10,-1,-100,5410.825737065403,-0.003017699063699943,1.591332358354038e-05,0.9999954466091969,72.12410413133414,-1.6838020057234957,-1507.6177238077541,72.49139338046263,-89.95068359375,4807.9931640625,True
1598628828.4993653,0,5,0.5,0.5,-0.007447616577148437,-0.14,-0.011,-0.56,0.000161419413196359,10,1,100,0.033187969881329715,-10,-1,-100,5413.724637260893,-0.0030176337424883916,1.5788699630218165e-05,0.9999954468082909,72.12355102771834,-1.6833067429306328,-1507.1400809913628,72.49234372124317,-89.95068359375,4807.326171875,True
1598628828.5481799,0,5,0.5,0.5,-0.00744744873046875,-0.14,-0.011,-0.56,0.00017080451332149272,10,1,100,0.033191586629953904,-10,-1,-100,5416.625490746228,-0.0030176080736673654,1.5761206430709163e-05,0.9999954468861836,72.12302298782906,-1.6828120520215624,-1506.6634846479294,72.49329252250263,-89.95068359375,4806.658203125,True
1598628828.5952184,0,5,0.5,0.5,-0.0074259521484375006,-0.14,-0.011,-0.56,0.00015735144582976256,10,1,100,0.033180041050021855,-10,-1,-100,5419.525367712835,-0.0030174805494648346,1.5614400814436908e-05,0.9999954472732984,72.12246607163596,-1.682316671148435,-1506.1868513244206,72.49424193971755,-89.95071411132812,4805.99072265625,True
1598628828.6431394,0,5,0.5,0.5,-0.007421511840820312,-0.14,-0.011,-0.56,0.00017873045898796048,10,1,100,0.03317770519228706,-10,-1,-100,5422.424756072462,-0.003017344257551359,1.567585226936421e-05,0.9999954476835878,72.12190401322246,-1.6818220845874101,-1505.710627445148,72.49519033372461,-89.95074462890625,4805.3232421875,True
1598628828.693151,0,5,0.5,0.5,-0.007438433837890625,-0.14,-0.011,-0.56,0.0001531076392338895,10,1,100,0.03318622003437872,-10,-1,-100,5425.30949644174,-0.0030172985074903543,1.549921043965217e-05,0.9999954478243845,72.12133726794794,-1.681326565708067,-1505.234886431297,72.49613931152942,-89.95074462890625,4804.65625,True
1598628828.7401948,0,5,0.5,0.5,-0.007416903686523438,-0.14,-0.011,-0.56,0.00014884730920038892,10,1,100,0.033167628835584266,-10,-1,-100,5428.209861450363,-0.0030170888455220116,1.5300283969180858e-05,0.9999954484600415,72.12066286077737,-1.6808303424105646,-1504.7575274875476,72.49709269548615,-89.95077514648438,4803.9892578125,True
1598628828.7881644,0,5,0.5,0.5,-0.007412463378906251,-0.14,-0.011,-0.56,0.00019677098501617654,10,1,100,0.0331846685602887,-10,-1,-100,5431.137082437985,-0.0030170541190844826,1.5555552897551164e-05,0.9999954485608757,72.12003734394413,-1.6803334191082802,-1504.2816963231965,72.49804432317673,-89.9508056640625,4803.32177734375,True
1598628828.8452077,0,5,0.5,0.5,-0.007407989501953125,-0.14,-0.011,-0.56,0.0001362365470529448,10,1,100,0.03318516601752912,-10,-1,-100,5434.036470967461,-0.0030170280131497345,1.5237486577052235e-05,0.999995448644536,72.11932399922179,-1.6798369811900273,-1503.8045046449647,72.49899236841942,-89.95083618164062,4802.6552734375,True
1598628828.8973382,0,5,0.5,0.5,-0.0074248779296875005,-0.14,-0.011,-0.56,0.00015016847035051188,10,1,100,0.03316022363677271,-10,-1,-100,5436.935859409627,-0.003016778409122535,1.5075538899947718e-05,0.9999954494000253,72.11863848212313,-1.6793422019001834,-1503.3284677913998,72.49994216810673,-89.95083618164062,4801.98828125,True
1598628828.9840744,0,5,0.5,0.5,-0.007424676513671876,-0.14,-0.011,-0.56,0.0001894784399387599,10,1,100,0.0331744152847457,-10,-1,-100,5439.837201718125,-0.003016681407626137,1.5286274312566967e-05,0.9999954496894546,72.11789549389509,-1.6788470360197516,-1502.8525420867416,72.50093030410403,-89.95083618164062,4801.3212890625,True
1598628829.033373,0,5,0.5,0.5,-0.007381784057617188,-0.14,-0.011,-0.56,0.00014913324502825075,10,1,100,0.033157051096839495,-10,-1,-100,5445.637443338055,-0.003016436293335786,1.5111647506007996e-05,0.999995450431514,72.11642626873432,-1.6778561712524307,-1501.9025441664337,72.50290255289364,-89.95089721679688,4799.98828125,True
1598628829.0832877,0,5,0.5,0.5,-0.007394366455078126,-0.14,-0.011,-0.56,0.00015362190601410123,10,1,100,0.033157367679575216,-10,-1,-100,5448.521206684993,-0.003016217428777749,1.4994317374575035e-05,0.9999954510934502,72.11566390398885,-1.6773611657275893,-1501.4277132786526,72.50388495363543,-89.950927734375,4799.322265625,True
1598628829.1311707,0,5,0.5,0.5,-0.0074111877441406255,-0.14,-0.011,-0.56,0.00017292116139690705,10,1,100,0.03316377153023566,-10,-1,-100,5451.421084188856,-0.0030160779420445277,1.5063798566803427e-05,0.9999954515131204,72.11492578670318,-1.6768673355502433,-1500.9539288895655,72.504869113079,-89.950927734375,4798.65625,True
1598628829.1860573,0,5,0.5,0.5,-0.007389590454101563,-0.14,-0.011,-0.56,0.00017352709923181347,10,1,100,0.03316686989978387,-10,-1,-100,5454.31998400751,-0.003015980578016965,1.5132972360280782e-05,0.9999954518057302,72.11406239057759,-1.676370416427,-1500.4773562324951,72.50581497655693,-89.95095825195312,4797.98974609375,True
1598628829.2261233,0,5,0.5,0.5,-0.007406445312500001,-0.14,-0.011,-0.56,0.00016102143333147535,10,1,100,0.03316138224170133,-10,-1,-100,5457.219861306949,-0.003015843417172553,1.5082663282447198e-05,0.9999954522201571,72.11319452257018,-1.6758739005493717,-1500.0011944572232,72.50675909056905,-89.95095825195312,4797.32421875,True
1598628829.274144,0,5,0.5,0.5,-0.007406210327148438,-0.14,-0.011,-0.56,0.000170347195097878,10,1,100,0.03316982487824602,-10,-1,-100,5460.120714433608,-0.0030157967995465096,1.5122086088799604e-05,0.9999954523601525,72.11230192407791,-1.675377274849962,-1499.5250704428468,72.50770500222572,-89.95095825195312,4796.658203125,True
1598628829.3231528,0,5,0.5,0.5,-0.007384646606445313,-0.14,-0.011,-0.56,0.00013958760074657102,10,1,100,0.03315119908606494,-10,-1,-100,5463.0205915706465,-0.0030155862690902564,1.487845432581753e-05,0.999995452998705,72.11143257269731,-1.674881126189562,-1499.0499500642934,72.50864887811153,-89.95098876953125,4795.99267578125,True
1598628829.3703942,0,5,0.5,0.5,-0.007380172729492188,-0.14,-0.011,-0.56,0.00016573840886049715,10,1,100,0.0331827990955249,-10,-1,-100,5465.919980063918,-0.003015683484988748,1.4895321068298366e-05,0.999995452705285,72.11042501283897,-1.6743834588567945,-1498.572505168033,72.50959191322052,-89.95101928710938,4795.3271484375,True
1598628829.424468,0,5,0.5,0.5,-0.007375698852539064,-0.14,-0.011,-0.56,0.00015359419312234733,10,1,100,0.03314758405476115,-10,-1,-100,5468.848177143256,-0.0030154529486423978,1.4800563568851177e-05,0.9999954534018933,72.1094868331969,-1.6738863271977544,-1498.0970275977543,72.5105357229925,-89.9510498046875,4794.66162109375,True
1598628829.4684248,0,5,0.5,0.5,-0.007392553710937501,-0.14,-0.011,-0.56,0.00018621377887507532,10,1,100,0.03316316076738285,-10,-1,-100,5471.7480542445555,-0.003015386181588168,1.5011212053770438e-05,0.9999954536000847,72.10848023615678,-1.673388453329619,-1497.6206736459426,72.5114800537751,-89.9510498046875,4793.99609375,True
1598628829.520523,0,5,0.5,0.5,-0.007370956420898438,-0.14,-0.011,-0.56,0.0001374872478832416,10,1,100,0.03314433305003733,-10,-1,-100,5474.630841423408,-0.0030151555006775795,1.4759992269461093e-05,0.999995454299393,72.10745908703612,-1.6728913858015204,-1497.1452801539483,72.51246245530024,-89.95108032226562,4793.3310546875,True
1598628829.5691776,0,5,0.5,0.5,-0.007387844848632813,-0.14,-0.011,-0.56,0.0001931362140758432,10,1,100,0.0331238681849569,-10,-1,-100,5477.531694555422,-0.003014760910887821,1.5037830026600383e-05,0.9999954554849305,72.10650277464684,-1.6723963990569382,-1496.6710978162384,72.51341013209777,-89.95108032226562,4792.666015625,True
1598628829.6222217,0,5,0.5,0.5,-0.0073449523925781255,-0.14,-0.011,-0.56,0.0001041318662264495,10,1,100,0.03314898659056539,-10,-1,-100,5480.431571264053,-0.0030146318661461993,1.4481239813867043e-05,0.9999954558821781,72.10546528444827,-1.6718994004074212,-1496.1957373937641,72.51435618547156,-89.95114135742188,4792.0009765625,True
1598628829.7172852,0,5,0.5,0.5,-0.007378897094726563,-0.14,-0.011,-0.56,0.000196827085428377,10,1,100,0.03315778369415115,-10,-1,-100,5483.330960188643,-0.0030145958410281396,1.4818462121175109e-05,0.9999954559858403,72.1044024369895,-1.6714021856569576,-1495.7203812653518,72.51530066379806,-89.95114135742188,4791.33642578125,True
1598628829.7700624,0,5,0.5,0.5,-0.007357333374023438,-0.14,-0.011,-0.56,0.00016599780931993852,10,1,100,0.03313964543499525,-10,-1,-100,5489.132178830332,-0.003014399456507567,1.4845047627050369e-05,0.9999954565774493,72.10211536725362,-1.6704046559179773,-1494.7686317901673,72.51722832087779,-89.951171875,4790.00732421875,True
1598628829.819262,0,5,0.5,0.5,-0.007374188232421875,-0.14,-0.011,-0.56,0.00012831651217864003,10,1,100,0.03314491312599341,-10,-1,-100,5492.031567245605,-0.0030142701259167253,1.4526875036248253e-05,0.9999954569719693,72.1009845991244,-1.66990689343172,-1494.2940552469713,72.51820252324505,-89.951171875,4789.3427734375,True
1598628829.8633137,0,5,0.5,0.5,-0.007373953247070313,-0.14,-0.011,-0.56,0.0001611266304551352,10,1,100,0.033146872632904625,-10,-1,-100,5494.93193247763,-0.0030141717542366345,1.4536442129898605e-05,0.9999954572683457,72.09986924093712,-1.6694099278885663,-1493.8217282317935,72.51925043001147,-89.951171875,4788.6787109375,True
1598628829.913313,0,5,0.5,0.5,-0.007352389526367188,-0.14,-0.011,-0.56,0.00012102753666673601,10,1,100,0.033131130161247475,-10,-1,-100,5497.830832377775,-0.0030139404979804447,1.4180913191682494e-05,0.9999954579704732,72.09878749062915,-1.6689143141410643,-1493.3485160680386,72.5201894218444,-89.95120239257812,4788.0146484375,True
1598628829.9681146,0,5,0.5,0.5,-0.007369277954101563,-0.14,-0.011,-0.56,0.00018458617223418848,10,1,100,0.03313546213190627,-10,-1,-100,5500.731685869978,-0.00301377123110536,1.4436160305623431e-05,0.9999954584769691,72.09755509168303,-1.6684160629869849,-1492.8725969179668,72.52112261649583,-89.95120239257812,4787.35009765625,True
1598628830.01706,0,5,0.5,0.5,-0.007369110107421875,-0.14,-0.011,-0.56,0.00016827693663644988,10,1,100,0.03317059455876078,-10,-1,-100,5503.631562910741,-0.0030139382666608118,1.4520268634011411e-05,0.9999954579723281,72.09630094370794,-1.6679180094961843,-1492.3966656786886,72.5220517519569,-89.95120239257812,4786.6865234375,True
1598628830.0597348,0,5,0.5,0.5,-0.0073475799560546885,-0.14,-0.011,-0.56,0.00014529763300331384,10,1,100,0.033142893726389774,-10,-1,-100,5506.558295347961,-0.0030138396077032384,1.4388274302626301e-05,0.9999954582715846,72.09496207731691,-1.6674176425020726,-1491.9202633640018,72.52301923160181,-89.95123291015625,4786.0224609375,True
1598628830.106055,0,5,0.5,0.5,-0.007364501953125001,-0.14,-0.011,-0.56,0.00016197259947932282,10,1,100,0.03311814740081694,-10,-1,-100,5509.442058892804,-0.0030135261474120317,1.4420207985664314e-05,0.9999954592157988,72.09366388865601,-1.666919465397342,-1491.4453383502691,72.52399236160953,-89.95123291015625,4785.35888671875,True
1598628830.1610293,0,5,0.5,0.5,-0.007342971801757813,-0.14,-0.011,-0.56,0.00016550101139953559,10,1,100,0.033132903827991396,-10,-1,-100,5512.341935590608,-0.003013376455361135,1.4481876553192566e-05,0.9999954596659995,72.09240150679247,-1.6664234360263481,-1490.9708834667397,72.52492421400738,-89.95126342773438,4784.6953125,True
1598628830.2462747,0,5,0.5,0.5,-0.007359927368164063,-0.14,-0.011,-0.56,0.00013824891469479527,10,1,100,0.0331402845669247,-10,-1,-100,5515.242788935546,-0.0030133086105877,1.429019197477577e-05,0.9999954598731975,72.09108950953006,-1.6659258618173387,-1490.4959541656322,72.5258573642544,-89.95126342773438,4784.03173828125,True
1598628830.2950664,0,5,0.5,0.5,-0.007317068481445313,-0.14,-0.011,-0.56,0.00016275467256491848,10,1,100,0.03310714237879499,-10,-1,-100,5521.043519500294,-0.003012946811111071,1.4339193129712892e-05,0.999995460962649,72.08827444382925,-1.6649293621291477,-1489.5449939266507,72.52779106738593,-89.95132446289062,4782.70556640625,True
1598628830.3413897,0,5,0.5,0.5,-0.007351080322265625,-0.14,-0.011,-0.56,0.0001440946816167436,10,1,100,0.0331356905780235,-10,-1,-100,5523.942419545841,-0.0030128787521665735,1.4214563220578992e-05,0.9999954611694849,72.08690536802794,-1.6644332827735793,-1489.071787235461,72.52879463807183,-89.95132446289062,4782.0419921875,True
1598628830.3900685,0,5,0.5,0.5,-0.007329550170898438,-0.14,-0.011,-0.56,0.00015346748973744785,10,1,100,0.03310564471999558,-10,-1,-100,5526.842784762732,-0.0030125450011201857,1.4186754569568822e-05,0.9999954621753802,72.08559823754696,-1.6639387135582044,-1488.5997055107823,72.52976197027311,-89.95135498046875,4781.37890625,True
1598628830.4374611,0,5,0.5,0.5,-0.007325076293945312,-0.14,-0.011,-0.56,0.00016054011911641357,10,1,100,0.03313695308287516,-10,-1,-100,5529.742661490687,-0.003012527691425208,1.4226088506241382e-05,0.9999954622269677,72.0841275266212,-1.663442079924528,-1488.123950552039,72.53068541016313,-89.95138549804688,4780.716796875,True
1598628830.4863489,0,5,0.5,0.5,-0.007320602416992188,-0.14,-0.011,-0.56,0.0001666842750369229,10,1,100,0.033133217726937836,-10,-1,-100,5532.642538260436,-0.003012479281927212,1.4317661524935105e-05,0.9999954623714953,72.08263699866302,-1.6629446258495864,-1487.6482518657147,72.53160825712209,-89.951416015625,4780.0537109375,True
1598628830.5351882,0,5,0.5,0.5,-0.007316094970703125,-0.14,-0.011,-0.56,0.0001692215851084497,10,1,100,0.033126998613964787,-10,-1,-100,5535.542415417382,-0.0030123799104012586,1.442408390510754e-05,0.9999954626693168,72.08111775611009,-1.6624476748875092,-1487.1725408484199,72.53253236860331,-89.95144653320312,4779.3916015625,True
1598628830.5843635,0,5,0.5,0.5,-0.007332916259765625,-0.14,-0.011,-0.56,0.0001325780094730492,10,1,100,0.03310222064994222,-10,-1,-100,5538.443268354982,-0.003012065735119514,1.418779554924148e-05,0.9999954636190677,72.07954958021824,-1.661949314834822,-1486.6963990266745,72.53345953208954,-89.95144653320312,4778.72900390625,True
1598628830.6330843,0,5,0.5,0.5,-0.007311318969726563,-0.14,-0.011,-0.56,0.00014086469376351824,10,1,100,0.03313930812332499,-10,-1,-100,5541.370000604191,-0.0030121188926873926,1.4048503699961494e-05,0.9999954634609178,72.0780226215579,-1.6614526482166456,-1486.2217333224048,72.5343917742335,-89.95147705078125,4778.06640625,True
1598628830.682088,0,5,0.5,0.5,-0.007306777954101563,-0.14,-0.011,-0.56,0.00019185252629371405,10,1,100,0.03310610342676528,-10,-1,-100,5544.252787857666,-0.003011866636193762,1.4385738409332108e-05,0.9999954642159216,72.07646822989412,-1.6609542992631108,-1485.7469913538064,72.5353222354492,-89.95150756835938,4777.404296875,True
1598628830.7282712,0,5,0.5,0.5,-0.007302236938476563,-0.14,-0.011,-0.56,0.00013785549637371382,10,1,100,0.03313823812064598,-10,-1,-100,5547.116043429123,-0.0030119308182522562,1.4201520725981628e-05,0.999995464025244,72.07482003584153,-1.6604549950081422,-1485.2708143652435,72.53625106033749,-89.9515380859375,4776.7421875,True
1598628830.7794971,0,5,0.5,0.5,-0.007297662353515626,-0.14,-0.011,-0.56,0.0001393011802614197,10,1,100,0.03309367845245957,-10,-1,-100,5549.978810856119,-0.003011585330224043,1.4047273295777422e-05,0.9999954650679537,72.07324270127566,-1.6599571542156595,-1484.7965801423802,72.53717883378367,-89.95156860351562,4776.08056640625,True
1598628830.8310468,0,5,0.5,0.5,-0.007314483642578126,-0.14,-0.011,-0.56,0.00015738592516135888,10,1,100,0.03310250410512666,-10,-1,-100,5552.843043137924,-0.0030113527211143567,1.4071720512712986e-05,0.9999954657681083,72.07154210536363,-1.6594579345405964,-1484.3203886898157,72.53811097227137,-89.95156860351562,4775.4189453125,True
1598628830.8833385,0,5,0.5,0.5,-0.0072928527832031255,-0.14,-0.011,-0.56,0.0001436835323686357,10,1,100,0.03310001749006625,-10,-1,-100,5555.69702152512,-0.0030111200399968673,1.3969507905182257e-05,0.9999954664702022,72.0698973289699,-1.658959947298057,-1483.8459614852268,72.53904727534147,-89.95159912109375,4774.7568359375,True
1598628830.9403179,0,5,0.5,0.5,-0.007309674072265625,-0.14,-0.011,-0.56,0.00014345578914679526,10,1,100,0.03314478113702707,-10,-1,-100,5558.560277258046,-0.003011316749372542,1.3874714456923397e-05,0.9999954658791846,72.0682393328836,-1.6584622708886931,-1483.3717305779708,72.53998120507131,-89.95159912109375,4774.095703125,True
1598628830.9832108,0,5,0.5,0.5,-0.007288076782226563,-0.14,-0.011,-0.56,0.00016704228352179773,10,1,100,0.03309159590358975,-10,-1,-100,5561.423044751515,-0.0030110131748119547,1.4003280701960199e-05,0.9999954667915096,72.06651972602768,-1.6579634119467042,-1482.8968224243647,72.54091762580052,-89.95162963867188,4773.43408203125,True
1598628831.0331988,0,5,0.5,0.5,-0.007304931640625001,-0.14,-0.011,-0.56,0.00014536749206022983,10,1,100,0.033081579250156375,-10,-1,-100,5564.287765441812,-0.003010647470277586,1.3923401348545742e-05,0.9999954678937043,72.0647806270147,-1.6574653607176753,-1482.4228030426566,72.54189408115776,-89.95162963867188,4772.77294921875,True
1598628831.0821161,0,5,0.5,0.5,-0.0072833679199218754,-0.14,-0.011,-0.56,0.00014207128421607138,10,1,100,0.033088937191737326,-10,-1,-100,5567.150532735279,-0.0030103834769335536,1.3821273394637125e-05,0.9999954686898808,72.0630970096367,-1.6569691154956139,-1481.9495877769948,72.54282560967965,-89.95166015625,4772.11181640625,True
1598628831.134595,0,5,0.5,0.5,-0.007300222778320313,-0.14,-0.011,-0.56,0.00012543820759092566,10,1,100,0.03313336189808116,-10,-1,-100,5570.014765112894,-0.003010548873276819,1.3577553214632152e-05,0.9999954681952973,72.0613371937875,-1.656471447703712,-1481.4753622435276,72.54375931197696,-89.95166015625,4771.4501953125,True
1598628831.1831741,0,5,0.5,0.5,-0.007278659057617189,-0.14,-0.011,-0.56,0.00014343306027213705,10,1,100,0.03306180528152195,-10,-1,-100,5572.878020443139,-0.003010050146183259,1.352000712126167e-05,0.9999954696974016,72.05956778744944,-1.6559738600519516,-1481.0015129382898,72.54469528071463,-89.95169067382812,4770.78955078125,True
1598628831.2282374,0,5,0.5,0.5,-0.007295547485351564,-0.14,-0.011,-0.56,0.00015671889653129907,10,1,100,0.03309704300513576,-10,-1,-100,5575.7720383116975,-0.0030099187522128847,1.3589259848997315e-05,0.9999954700919584,72.05767316501772,-1.6554738535328506,-1480.5263300422146,72.5456704831602,-89.95169067382812,4770.12890625,True
1598628831.2832613,0,5,0.5,0.5,-0.007295379638671876,-0.14,-0.011,-0.56,0.00016963226001298317,10,1,100,0.03308432413545923,-10,-1,-100,5578.634805686655,-0.0030096855062118847,1.3770167688478651e-05,0.9999954707915113,72.05587847011981,-1.6549776035200854,-1480.0537341283525,72.54664514810531,-89.95169067382812,4769.4677734375,True
1598628831.3680658,0,5,0.5,0.5,-0.007295245361328126,-0.14,-0.011,-0.56,0.00016811660546835037,10,1,100,0.03308862027653609,-10,-1,-100,5581.497084451374,-0.0030095142473335035,1.3921102597244385e-05,0.9999954713048446,72.05408552196009,-1.6544801816165244,-1479.5809599258646,72.54758175638443,-89.95169067382812,4768.8076171875,True
1598628831.4171019,0,5,0.5,0.5,-0.007252386474609376,-0.14,-0.011,-0.56,7.891120905838691e-05,10,1,100,0.03307660081580556,-10,-1,-100,5587.2270139923785,-0.003009250960959044,1.3247494926863992e-05,0.999995472106328,72.05024955865039,-1.6534821987080737,-1478.6321787550794,72.5494754613195,-89.95175170898438,4767.486328125,True
1598628831.4644325,0,5,0.5,0.5,-0.007265036010742188,-0.14,-0.011,-0.56,0.00016773129775447506,10,1,100,0.03309507680201673,-10,-1,-100,5590.088316628127,-0.0030091812723833074,1.3443236044644725e-05,0.9999954723134246,72.04836571652469,-1.6529845779611423,-1478.1602974312295,72.55047575408854,-89.9517822265625,4766.826171875,True
1598628831.513456,0,5,0.5,0.5,-0.007260562133789063,-0.14,-0.011,-0.56,0.00014671457276263403,10,1,100,0.03307272292842956,-10,-1,-100,5592.951572103659,-0.0030089166434427448,1.343051363216709e-05,0.9999954731098807,72.046496599017,-1.652487100011477,-1477.68849135109,72.55143855945606,-89.95181274414062,4766.166015625,True
1598628831.5634832,0,5,0.5,0.5,-0.007277450561523438,-0.14,-0.011,-0.56,0.0001325881114338615,10,1,100,0.03307327239139276,-10,-1,-100,5595.849007582059,-0.0030086829727340525,1.329104612426203e-05,0.9999954738148157,72.04455564872825,-1.6519877494512367,-1477.21494978227,72.55235900107323,-89.95181274414062,4765.50634765625,True
1598628831.6122844,0,5,0.5,0.5,-0.007277249145507814,-0.14,-0.011,-0.56,0.00012784255291561593,10,1,100,0.03307414463514611,-10,-1,-100,5598.747419423424,-0.003008480260212584,1.3121690908022727e-05,0.9999954744269322,72.04253156770392,-1.6514870228841918,-1476.740134175446,72.5532750628045,-89.95181274414062,4764.84619140625,True
1598628831.6680374,0,5,0.5,0.5,-0.007255718994140625,-0.14,-0.011,-0.56,0.00017360428047234722,10,1,100,0.03307533288495461,-10,-1,-100,5601.647296416573,-0.0030083085085701637,1.3384383309672386e-05,0.9999954749401497,72.04052320907333,-1.6509877285968395,-1476.2661812492288,72.55419215442684,-89.95184326171875,4764.18701171875,True
1598628831.756199,0,5,0.5,0.5,-0.007251245117187501,-0.14,-0.011,-0.56,0.00011313394971241607,10,1,100,0.033101373288217245,-10,-1,-100,5604.545708134887,-0.003008391138347357,1.307363991326812e-05,0.9999954746956801,72.03842415645487,-1.650486557851021,-1475.7908848727523,72.55511105315723,-89.95187377929688,4763.52734375,True
1598628831.8143637,0,5,0.5,0.5,-0.007246771240234376,-0.14,-0.011,-0.56,0.00014218213783607662,10,1,100,0.033020031736937454,-10,-1,-100,5610.370364253176,-0.0030077282958675673,1.3055626142395695e-05,0.9999954766897944,72.034308998941,-1.649485786281302,-1474.8450905007624,72.55702771314974,-89.951904296875,4762.20849609375,True
1598628831.8562987,0,5,0.5,0.5,-0.0072636260986328124,-0.14,-0.011,-0.56,0.00011138350194223173,10,1,100,0.03306594465662776,-10,-1,-100,5613.2692642677575,-0.0030075450932979843,1.275974750957363e-05,0.9999954772446226,72.03221592825088,-1.648985463412946,-1474.3729120396074,72.55802203049252,-89.951904296875,4761.548828125,True
1598628831.9040697,0,5,0.5,0.5,-0.00724202880859375,-0.14,-0.011,-0.56,0.00014355916754693574,10,1,100,0.0330582930433246,-10,-1,-100,5616.167188088759,-0.003007310931216438,1.2784191549031702e-05,0.9999954779485394,72.03014273587428,-1.6484858699328795,-1473.9023272847794,72.55905102782978,-89.95193481445312,4760.8896484375,True
1598628831.951942,0,5,0.5,0.5,-0.007258850097656251,-0.14,-0.011,-0.56,0.00016252873897825093,10,1,100,0.03308275702515051,-10,-1,-100,5619.067064669449,-0.0030073224594462837,1.2979897607958463e-05,0.9999954779113488,72.02809718758829,-1.6479867788224423,-1473.4306308944517,72.55996480920555,-89.95193481445312,4760.23046875,True
1598628832.0003035,0,5,0.5,0.5,-0.007237286376953126,-0.14,-0.011,-0.56,0.00011775505870207529,10,1,100,0.03305563798151617,-10,-1,-100,5621.965476614656,-0.0030070881560781155,1.2751022020216563e-05,0.9999954786188953,72.02587280819486,-1.6474850220763837,-1472.9556654181035,72.56087348719734,-89.95196533203125,4759.572265625,True
1598628832.0543797,0,5,0.5,0.5,-0.0072541748046875,-0.14,-0.011,-0.56,0.00014326047654317036,10,1,100,0.033076698391914905,-10,-1,-100,5624.863888391643,-0.003007068514125501,1.2775450024483362e-05,0.9999954786776485,72.02367143858608,-1.6469827853458716,-1472.4816996695831,72.56178160620586,-89.95196533203125,4758.9130859375,True
1598628832.1400526,0,5,0.5,0.5,-0.0072326446533203135,-0.14,-0.011,-0.56,0.00014425483548119922,10,1,100,0.0330470911044396,-10,-1,-100,5627.763764984207,-0.0030067831807636374,1.2807292440169517e-05,0.9999954795352214,72.0214413608668,-1.6464811076243016,-1472.0076582635563,72.56269028079933,-89.95199584960938,4758.2548828125,True
1598628832.1892,0,5,0.5,0.5,-0.0072281707763671875,-0.14,-0.011,-0.56,0.0001242846400199288,10,1,100,0.03301140948433426,-10,-1,-100,5633.561565229436,-0.003006201135517322,1.2655132635403649e-05,0.9999954812870809,72.01686631627342,-1.6454763387936284,-1471.059016790693,72.56452180745534,-89.9520263671875,4756.93798828125,True
1598628832.237065,0,5,0.5,0.5,-0.007223663330078125,-0.14,-0.011,-0.56,0.00015113146328841595,10,1,100,0.03303019356117256,-10,-1,-100,5636.459977337043,-0.0030058448397416522,1.2761291713759668e-05,0.9999954823567699,72.01459141807753,-1.6449750256052615,-1470.5859239615838,72.5654483401593,-89.95205688476562,4756.27978515625,True
1598628832.2850518,0,5,0.5,0.5,-0.007240518188476563,-0.14,-0.011,-0.56,0.00013497277894063605,10,1,100,0.033053138055126746,-10,-1,-100,5639.3857329853345,-0.0030057317604986525,1.2711469283281608e-05,0.9999954826972981,72.01226993877059,-1.6444719886461086,-1470.111891185667,72.5663482192634,-89.95205688476562,4755.62158203125,True
1598628832.3330421,0,5,0.5,0.5,-0.007218954467773438,-0.14,-0.011,-0.56,0.00013031407862349495,10,1,100,0.03303835283040743,-10,-1,-100,5642.285121494904,-0.003005496967669249,1.262415358962753e-05,0.9999954834041043,72.00989643411593,-1.643969699593169,-1469.6368045575248,72.56722073081814,-89.95208740234375,4754.9638671875,True
1598628832.3841724,0,5,0.5,0.5,-0.007214480590820313,-0.14,-0.011,-0.56,0.00015478543331046013,10,1,100,0.033042600607371936,-10,-1,-100,5645.184509987594,-0.0030053241642769212,1.2767634794871478e-05,0.9999954839216302,72.0075218571028,-1.6434666092678942,-1469.1623572553276,72.56809988229892,-89.95211791992188,4754.3056640625,True
1598628832.4310348,0,5,0.5,0.5,-0.00720997314453125,-0.14,-0.011,-0.56,0.00013082396132185146,10,1,100,0.03303722945811498,-10,-1,-100,5648.0829218918225,-0.00300512026068067,1.268023352039199e-05,0.9999954845355206,72.00505347406283,-1.642962666530238,-1468.6867084708324,72.56899106823212,-89.9521484375,4753.6484375,True
1598628832.4856486,0,5,0.5,0.5,-0.007226828002929688,-0.14,-0.011,-0.56,0.00010948801041370482,10,1,100,0.033021310855148624,-10,-1,-100,5650.981334036915,-0.003004792170721235,1.2406909133544432e-05,0.9999954855248495,72.00263010075712,-1.6424601691827247,-1468.2127615527756,72.56989613795668,-89.9521484375,4752.99072265625,True
1598628832.527356,0,5,0.5,0.5,-0.007205230712890626,-0.14,-0.011,-0.56,0.00014354393475555775,10,1,100,0.03302241097796919,-10,-1,-100,5653.880722234724,-0.003004506208500776,1.2468552629040236e-05,0.9999954863833027,72.00020331910716,-1.641958502312372,-1467.739428881946,72.57080987125015,-89.95217895507812,4752.3330078125,True
1598628832.5780616,0,5,0.5,0.5,-0.007222085571289063,-0.14,-0.011,-0.56,0.0001236356382440078,10,1,100,0.033037307802593036,-10,-1,-100,5656.779622394824,-0.0030043840157492827,1.234386444701431e-05,0.9999954867519727,71.99775531421918,-1.6414553521993818,-1467.2662342429587,72.57172604829557,-89.95217895507812,4751.67578125,True
1598628832.6292584,0,5,0.5,0.5,-0.00720048828125,-0.14,-0.011,-0.56,0.00013220082743814433,10,1,100,0.033005363021522786,-10,-1,-100,5659.67852251383,-0.0030039849647821738,1.2308769261098772e-05,0.9999954879512335,71.9952668903274,-1.6409531622992177,-1466.7927596864167,72.572643828607,-89.95220947265625,4751.0185546875,True
1598628832.677364,0,5,0.5,0.5,-0.007195980834960938,-0.14,-0.011,-0.56,0.000144086044349509,10,1,100,0.03301910752854418,-10,-1,-100,5662.577911150758,-0.0030037496850722524,1.2385365175987117e-05,0.99999548865704,71.99274695399741,-1.6404507249566862,-1466.3192241589788,72.57356613675229,-89.95223999023438,4750.361328125,True
1598628832.7281647,0,5,0.5,0.5,-0.007212835693359376,-0.14,-0.011,-0.56,0.0001030349840286606,10,1,100,0.03303670888221097,-10,-1,-100,5665.477299383259,-0.003003698035324245,1.2082051611568278e-05,0.9999954888158928,71.99024569006878,-1.6399483654623075,-1465.8466156185355,72.57449020767733,-89.95223999023438,4749.7041015625,True
1598628832.8241048,0,5,0.5,0.5,-0.00719127197265625,-0.14,-0.011,-0.56,0.00013844000324405884,10,1,100,0.03301016507470841,-10,-1,-100,5668.402078457642,-0.0030034117253073212,1.2128793309602218e-05,0.9999954896752788,71.9876983308063,-1.6394461253805817,-1465.3735493421427,72.57541377114632,-89.9522705078125,4749.04736328125,True
1598628832.8693728,0,5,0.5,0.5,-0.007208126831054687,-0.14,-0.011,-0.56,0.00014071072657395405,10,1,100,0.03299917326735566,-10,-1,-100,5674.199879058986,-0.003003053627075267,1.2192458407153648e-05,0.9999954907499617,71.98250722851402,-1.6384396604481346,-1464.4278104605712,72.57730458782062,-89.9522705078125,4747.73388671875,True
1598628832.92064,0,5,0.5,0.5,-0.007186563110351563,-0.14,-0.011,-0.56,0.00010422215385405429,10,1,100,0.033011004369092406,-10,-1,-100,5677.0987788743805,-0.003002837859917001,1.191901392127629e-05,0.9999954914011983,71.97990452884616,-1.6379374116552845,-1463.9560427667643,72.57827475887984,-89.95230102539062,4747.0771484375,True
1598628832.9695342,0,5,0.5,0.5,-0.007203451538085938,-0.14,-0.011,-0.56,0.0001571180211732156,10,1,100,0.0330064058786218,-10,-1,-100,5679.997190951719,-0.003002602163772808,1.215207101962888e-05,0.999995492106126,71.97737798135057,-1.6374369281121137,-1463.4861886465162,72.5792405262365,-89.95230102539062,4746.4208984375,True
1598628833.0590227,0,5,0.5,0.5,-0.00718192138671875,-0.14,-0.011,-0.56,0.00010777468590087249,10,1,100,0.0330149852265408,-10,-1,-100,5682.896579144406,-0.0030024681778018122,1.1915845481565173e-05,0.9999954925112683,71.97473269665834,-1.6369344471352523,-1463.0137135666594,72.5801681107726,-89.95233154296875,4745.7646484375,True
1598628833.1091094,0,5,0.5,0.5,-0.0071774475097656255,-0.14,-0.011,-0.56,0.00012768916918198285,10,1,100,0.032968477117653466,-10,-1,-100,5688.6953563471325,-0.0030019256841045854,1.1882582171019152e-05,0.9999954941403444,71.96930852969545,-1.6359265886496717,-1462.0682935665739,72.58206243654534,-89.95236206054688,4744.4521484375,True
1598628833.1592374,0,5,0.5,0.5,-0.007172973632812501,-0.14,-0.011,-0.56,0.00013939936862741306,10,1,100,0.033013305270612026,-10,-1,-100,5691.593768178136,-0.0030018423826107263,1.1959331856806698e-05,0.999995494389492,71.96660614103982,-1.6354229303609935,-1461.5967955173674,72.58302465471601,-89.952392578125,4743.79638671875,True
1598628833.2071393,0,5,0.5,0.5,-0.007168466186523438,-0.14,-0.011,-0.56,0.00011634971281305033,10,1,100,0.03300101438832252,-10,-1,-100,5694.492668241146,-0.003001657229261985,1.1819911547928632e-05,0.9999954949469361,71.96402578903883,-1.6349225156037286,-1461.128306479055,72.58398764931064,-89.95242309570312,4743.140625,True
1598628833.2562156,0,5,0.5,0.5,-0.007163958740234376,-0.14,-0.011,-0.56,0.00011570911603157858,10,1,100,0.032982128478658945,-10,-1,-100,5697.417446913663,-0.0030013193340712057,1.168778662158353e-05,0.999995495962682,71.96122344192604,-1.6344178666530536,-1460.6550490184209,72.58491095317487,-89.95245361328125,4742.48486328125,True
1598628833.3030746,0,5,0.5,0.5,-0.007180813598632814,-0.14,-0.011,-0.56,0.00011680349211393902,10,1,100,0.033030109250040185,-10,-1,-100,5700.333436942892,-0.0030014505548657824,1.1578256087977079e-05,0.9999954955701105,71.95846608561756,-1.6339138474798656,-1460.1831058830649,72.5858302150717,-89.95245361328125,4741.8291015625,True
1598628833.352426,0,5,0.5,0.5,-0.007159216308593751,-0.14,-0.011,-0.56,0.00015087968194762505,10,1,100,0.032961556544784804,-10,-1,-100,5703.232337430702,-0.0030009486832498562,1.1788924415480717e-05,0.9999954970738726,71.95564710850513,-1.6334098260211223,-1459.7104150991922,72.58674830282871,-89.95248413085938,4741.173828125,True
1598628833.4004223,0,5,0.5,0.5,-0.007154708862304689,-0.14,-0.011,-0.56,0.0001234313171671863,10,1,100,0.03297771938995907,-10,-1,-100,5706.131725467974,-0.00300064161041156,1.1731219459656509e-05,0.9999954979960183,71.95277840088445,-1.63290403651571,-1459.2372072648639,72.58766678952952,-89.9525146484375,4740.5185546875,True
1598628833.4491298,0,5,0.5,0.5,-0.0071715301513671885,-0.14,-0.011,-0.56,0.00013018617702812644,10,1,100,0.03298900905464145,-10,-1,-100,5709.030625796178,-0.003000467279343552,1.1740587533958955e-05,0.9999954985190004,71.94993769728221,-1.6323993198210394,-1458.7651000498984,72.58858741128681,-89.9525146484375,4739.86328125,True
1598628833.4962332,0,5,0.5,0.5,-0.007171295166015626,-0.14,-0.011,-0.56,0.00011225039884603437,10,1,100,0.03298019463883464,-10,-1,-100,5711.928061141865,-0.003000230820574913,1.158621364202154e-05,0.9999954992302631,71.9470549244717,-1.6318948044936898,-1458.292649048565,72.58950853038651,-89.9525146484375,4739.2080078125,True
1598628833.54507,0,5,0.5,0.5,-0.0071710601806640635,-0.14,-0.011,-0.56,9.347879116190991e-05,10,1,100,0.03297854161644982,-10,-1,-100,5714.827449239325,-0.0030000029863482868,1.1275737177111492e-05,0.9999954999173444,71.9441106793037,-1.6313893540553106,-1457.8194483190837,72.59043043943251,-89.9525146484375,4738.55322265625,True
1598628833.59528,0,5,0.5,0.5,-0.007149496459960938,-0.14,-0.011,-0.56,0.00011402640099034107,10,1,100,0.032963856893171654,-10,-1,-100,5717.726837717928,-0.0029996646079228735,1.1180864215001234e-05,0.9999955009334933,71.94123621803911,-1.6308854283140863,-1457.348172066463,72.59135234676447,-89.95254516601562,4737.8984375,True
1598628833.6430366,0,5,0.5,0.5,-0.007166384887695313,-0.14,-0.011,-0.56,0.00016629241502456199,10,1,100,0.03298604488928071,-10,-1,-100,5720.626226409688,-0.002999560755751836,1.1570399575172116e-05,0.9999955012405799,71.93832027421927,-1.6303802953863793,-1456.8765468241754,72.5922733542104,-89.95254516601562,4737.24365234375,True
1598628833.6922479,0,5,0.5,0.5,-0.007144854736328126,-0.14,-0.011,-0.56,0.00011194854274310323,10,1,100,0.03297357435894564,-10,-1,-100,5723.524638304603,-0.0029993550504359007,1.1430841002115688e-05,0.999995501859192,71.93534345676578,-1.629874845118911,-1456.4041808772106,72.5931947401159,-89.95257568359375,4736.5888671875,True
1598628833.7431786,0,5,0.5,0.5,-0.007161776733398438,-0.14,-0.011,-0.56,0.00011053480053332028,10,1,100,0.03297906232528762,-10,-1,-100,5726.449905440677,-0.002999220029096183,1.1291471070653465e-05,0.9999955022657451,71.93233367235591,-1.6293694436470358,-1455.9316150675074,72.59411584674312,-89.95257568359375,4735.9345703125,True
1598628833.795096,0,5,0.5,0.5,-0.007140280151367188,-0.14,-0.011,-0.56,0.00013285739945029555,10,1,100,0.032966298712279976,-10,-1,-100,5729.349294080632,-0.0029989831580372562,1.1368064137252065e-05,0.999995502975281,71.92930001332122,-1.6288626689603565,-1455.4591312613097,72.59503915067432,-89.95260620117188,4735.2802734375,True
1598628833.84302,0,5,0.5,0.5,-0.007157202148437501,-0.14,-0.011,-0.56,0.00011473159273506429,10,1,100,0.032955892829735225,-10,-1,-100,5732.2486822210485,-0.0029986754648667602,1.1273105220340259e-05,0.9999955038990792,71.92628334824585,-1.6283578855966037,-1454.987439734285,72.5959606653898,-89.95260620117188,4734.6259765625,True
1598628833.8941863,0,5,0.5,0.5,-0.007135705566406251,-0.14,-0.011,-0.56,0.00011704820641677744,10,1,100,0.03295353743311692,-10,-1,-100,5735.147094221553,-0.0029983763976683094,1.1208307983158863e-05,0.9999955047965723,71.92325917018769,-1.627853297087241,-1454.5160580389856,72.5968809550614,-89.95263671875,4733.9716796875,True
1598628833.9561007,0,5,0.5,0.5,-0.007131298828125,-0.14,-0.011,-0.56,0.00011305288099201717,10,1,100,0.03297174824556302,-10,-1,-100,5738.045505622635,-0.0029982721305217216,1.11135556377475e-05,0.999995505110258,71.92019231191408,-1.6273478521007774,-1454.0442972152991,72.5978009558643,-89.95266723632812,4733.31787109375,True
1598628834.0531452,0,5,0.5,0.5,-0.007148220825195313,-0.14,-0.011,-0.56,0.00011202928252442869,10,1,100,0.03294467332913789,-10,-1,-100,5740.945382736158,-0.002997933202192615,1.1018681730301102e-05,0.9999955061274545,71.91697329841978,-1.6268394375143425,-1453.5719397645703,72.59882576321417,-89.95266723632812,4732.6640625,True
1598628834.1083467,0,5,0.5,0.5,-0.007105328369140625,-0.14,-0.011,-0.56,0.00011371424490365278,10,1,100,0.03296778436473773,-10,-1,-100,5746.7426943712635,-0.0029978372745974096,1.0948266501444342e-05,0.999995506415809,71.91097394573232,-1.6258336620655052,-1452.6373134015644,72.60086828680963,-89.95272827148438,4731.35595703125,True
1598628834.1732116,0,5,0.5,0.5,-0.007117910766601563,-0.14,-0.011,-0.56,0.0001217664173424597,10,1,100,0.03294545386783976,-10,-1,-100,5749.658684387454,-0.0029975490320042876,1.0957751925268866e-05,0.9999955072797719,71.90791979220757,-1.6253291725003969,-1452.1688731271786,72.60184965192445,-89.9527587890625,4730.70263671875,True
1598628834.2666256,0,5,0.5,0.5,-0.0071134033203125,-0.14,-0.011,-0.56,0.00012923207580614135,10,1,100,0.03295914636754337,-10,-1,-100,5752.557096108212,-0.0029974133938041356,1.1034447489588023e-05,0.9999955076855033,71.90483105541628,-1.624825944948854,-1451.6998008825256,72.6028080616737,-89.95278930664062,4730.048828125,True
1598628834.3260512,0,5,0.5,0.5,-0.007130224609375,-0.14,-0.011,-0.56,0.0001293439686509831,10,1,100,0.03292024042747985,-10,-1,-100,5758.380775308819,-0.002996938348132463,1.1105675166727258e-05,0.9999955091085166,71.89835173946499,-1.6238128936970784,-1450.7560431085135,72.60467282872796,-89.95278930664062,4728.74267578125,True
1598628834.3803484,0,5,0.5,0.5,-0.007129989624023438,-0.14,-0.011,-0.56,0.00012487313977463735,10,1,100,0.032950375707805624,-10,-1,-100,5761.280652159941,-0.0029967826425269075,1.1130079306919227e-05,0.9999955095748754,71.89515775097183,-1.6233077500481947,-1450.2868867639188,72.60566331550493,-89.95278930664062,4728.08935546875,True
1598628834.4402633,0,5,0.5,0.5,-0.007108392333984376,-0.14,-0.011,-0.56,8.658899207933315e-05,10,1,100,0.032930544814020385,-10,-1,-100,5764.180528175086,-0.0029964630269297813,1.0804373902376192e-05,0.9999955105362194,71.89205703479078,-1.6228049410040255,-1449.8182955785858,72.60655757441573,-89.95281982421875,4727.4365234375,True
1598628834.50513,0,5,0.5,0.5,-0.007125247192382813,-0.14,-0.011,-0.56,0.0001258834235651193,10,1,100,0.03293050256986972,-10,-1,-100,5767.0789401984075,-0.0029961743742865764,1.0866012630148648e-05,0.9999955114004506,71.88862811074844,-1.622295265999132,-1449.341553837214,72.60734463459,-89.95281982421875,4726.7841796875,True
1598628834.603864,0,5,0.5,0.5,-0.007125012207031251,-0.14,-0.011,-0.56,0.00013712478048410708,10,1,100,0.03293855441955933,-10,-1,-100,5769.978328503203,-0.002995987435145005,1.1024612075196399e-05,0.9999955119588019,71.88519797180503,-1.6217872336580565,-1448.8663927778616,72.60819039113738,-89.95281982421875,4726.1318359375,True
1598628834.6593266,0,5,0.5,0.5,-0.007103448486328125,-0.14,-0.011,-0.56,6.106903906241097e-05,10,1,100,0.03291585986682045,-10,-1,-100,5775.774663846823,-0.002995613348139153,1.047754455404981e-05,0.9999955130853786,71.87840661474831,-1.620772263723999,-1447.9213181664823,72.61000969037539,-89.95285034179688,4724.82666015625,True
1598628834.7172997,0,5,0.5,0.5,-0.007098974609375001,-0.14,-0.011,-0.56,0.0001446035238524376,10,1,100,0.0329044269927771,-10,-1,-100,5778.674052162678,-0.0029951717508992417,1.0740193042992879e-05,0.9999955144053552,71.875061252446,-1.6202669638947618,-1447.4509743163815,72.61094399124387,-89.952880859375,4724.17431640625,True
1598628834.8241477,0,5,0.5,0.5,-0.007094467163085937,-0.14,-0.011,-0.56,0.00010789356814862967,10,1,100,0.03294232633655187,-10,-1,-100,5781.616409280803,-0.0029951173487620868,1.0645490698076785e-05,0.9999955145693108,71.87174600575243,-1.6197623903073832,-1446.9817593519163,72.61188023807922,-89.95291137695312,4723.5224609375,True
1598628834.8863242,0,5,0.5,0.5,-0.007111355590820313,-0.14,-0.011,-0.56,0.0001096023203580111,10,1,100,0.03290068729018663,-10,-1,-100,5787.414209577255,-0.002994691828148476,1.0575207018968684e-05,0.9999955158444558,71.86484756953826,-1.6187470557226091,-1446.0386918172553,72.61371713660218,-89.95291137695312,4722.21826171875,True
1598628834.9483337,0,5,0.5,0.5,-0.007068463134765625,-0.14,-0.011,-0.56,0.00010451696351596481,10,1,100,0.032905543748387875,-10,-1,-100,5790.3131095706485,-0.0029943517383050735,1.0465430016584807e-05,0.9999955168640218,71.86139155406688,-1.618239698524578,-1445.567955852477,72.61464812388925,-89.95297241210938,4721.56640625,True
1598628835.0091121,0,5,0.5,0.5,-0.0070810791015625,-0.14,-0.011,-0.56,7.388845745904204e-05,10,1,100,0.032944428221315616,-10,-1,-100,5793.212009491632,-0.002994398844251777,1.0087709066148352e-05,0.9999955167268499,71.85799029435478,-1.6177342611427148,-1445.0987852445805,72.61557858382157,-89.9530029296875,4720.91455078125,True
1598628835.060131,0,5,0.5,0.5,-0.007097933959960938,-0.14,-0.011,-0.56,0.00013145930566079258,10,1,100,0.03288961462641702,-10,-1,-100,5796.111398164765,-0.002993945671071412,1.0268623154949832e-05,0.9999955180818932,71.85438272703114,-1.617224232075159,-1444.6265154971645,72.61653889861327,-89.9530029296875,4720.2626953125,True
1598628835.1213517,0,5,0.5,0.5,-0.007076336669921875,-0.14,-0.011,-0.56,0.00012006954985893344,10,1,100,0.03292302119226268,-10,-1,-100,5799.009809394367,-0.002993839970571,1.0330330415799704e-05,0.999995518397715,71.85111967581503,-1.6167221387930517,-1444.1600769102988,72.61741544687379,-89.95303344726562,4719.611328125,True
1598628835.1752868,0,5,0.5,0.5,-0.007071829223632813,-0.14,-0.011,-0.56,9.439983760648442e-05,10,1,100,0.032895889108487786,-10,-1,-100,5801.90870947449,-0.0029934996084966348,1.0153497853810575e-05,0.9999955194184625,71.8473132239033,-1.6162080926471898,-1443.6818402460208,72.61822058104379,-89.95306396484375,4718.9599609375,True
1598628835.2354617,0,5,0.5,0.5,-0.007067288208007813,-0.14,-0.011,-0.56,0.00014336572382310888,10,1,100,0.03291023321946085,-10,-1,-100,5804.80712160829,-0.0029933230210431394,1.0438533140131896e-05,0.9999955199441289,71.8437733640417,-1.615700764792219,-1443.2100356202031,72.61905820162039,-89.95309448242188,4718.30908203125,True
1598628835.397775,0,5,0.5,0.5,-0.007084075927734375,-0.14,-0.011,-0.56,7.490076122477704e-05,10,1,100,0.032914747411528604,-10,-1,-100,5807.733853510232,-0.0029932059472988523,1.0075780175834685e-05,0.999995520298284,71.83999004996721,-1.6151883499785813,-1442.7340684641026,72.61990830751694,-89.95309448242188,4717.658203125,True
1598628835.4633112,0,5,0.5,0.5,-0.007041082763671876,-0.14,-0.011,-0.56,0.00010197010219925881,10,1,100,0.03285421969028263,-10,-1,-100,5816.446667200187,-0.002992551453157119,9.992454912039977e-06,0.9999955222579504,71.82918081787777,-1.6136649503533604,-1441.3252583870035,72.62274743455933,-89.95315551757812,4715.70556640625,True
1598628835.5140069,0,5,0.5,0.5,-0.0070749603271484385,-0.14,-0.011,-0.56,0.0001211094193155374,10,1,100,0.03287850947797763,-10,-1,-100,5819.3455674859,-0.0029921796568234452,1.0091378226130005e-05,0.9999955233695126,71.82553049403847,-1.6131563351970775,-1440.8571251681724,72.62377153634327,-89.95315551757812,4715.0546875,True
1598628835.5826542,0,5,0.5,0.5,-0.007053329467773438,-0.14,-0.011,-0.56,7.451825354393793e-05,10,1,100,0.03290930641857613,-10,-1,-100,5822.245443831547,-0.0029921243029727633,9.758256197808169e-06,0.9999955235384466,71.82202316965089,-1.6126504299654965,-1440.3924985869617,72.62480585052036,-89.95318603515625,4714.404296875,True
1598628835.6343422,0,5,0.5,0.5,-0.007048754882812501,-0.14,-0.011,-0.56,0.00011863228844559377,10,1,100,0.0328882817451886,-10,-1,-100,5825.143367264769,-0.002991885182009689,9.857197353731699e-06,0.9999955242529306,71.81841831802888,-1.6121417722706899,-1439.925860617258,72.62581031820537,-89.95321655273438,4713.75341796875,True
1598628835.695321,0,5,0.5,0.5,-0.0070442138671875,-0.14,-0.011,-0.56,7.449034787607568e-05,10,1,100,0.03285300465810418,-10,-1,-100,5828.042267253972,-0.0029913493408482137,9.546406429087337e-06,0.9999955258589847,71.81473419319055,-1.6116316522967666,-1439.4579185659309,72.62680556906581,-89.9532470703125,4713.103515625,True
1598628835.7626483,0,5,0.5,0.5,-0.007061035156250001,-0.14,-0.011,-0.56,0.00010982920805506337,10,1,100,0.03289239002150003,-10,-1,-100,5830.9406790682115,-0.002991223033553565,9.585623683435133e-06,0.9999955262364324,71.81109089875834,-1.611122698478557,-1438.990749475946,72.62777342219124,-89.9532470703125,4712.453125,True
1598628835.817995,0,5,0.5,0.5,-0.007039404296875001,-0.14,-0.011,-0.56,7.249277427059687e-05,10,1,100,0.03289180344671427,-10,-1,-100,5833.88205916679,-0.002991105351367212,9.282474516139357e-06,0.9999955265913005,71.80734001435701,-1.6106112811854294,-1438.520844881836,72.62868530735271,-89.95327758789062,4711.802734375,True
1598628835.8766975,0,5,0.5,0.5,-0.007056225585937501,-0.14,-0.011,-0.56,0.00010948857792540933,10,1,100,0.03287696514875673,-10,-1,-100,5836.7819356814725,-0.002990865959961099,9.344162448095729e-06,0.9999955273067456,71.80351700444997,-1.6100990138431523,-1438.0499967225128,72.62959933095468,-89.95327758789062,4711.15283203125,True
1598628835.940492,0,5,0.5,0.5,-0.007034628295898438,-0.14,-0.011,-0.56,0.00010016725253384341,10,1,100,0.03289013800745511,-10,-1,-100,5839.681324150995,-0.002990770478896923,9.316238823956117e-06,0.9999955275925738,71.79973798748325,-1.6095884255471142,-1437.579852643784,72.63047734851342,-89.95330810546875,4710.50341796875,True
1598628835.9925556,0,5,0.5,0.5,-0.0070514831542968755,-0.14,-0.011,-0.56,8.668899129701529e-05,10,1,100,0.03286407168545807,-10,-1,-100,5842.581200496643,-0.0029904490318587405,9.169344331054556e-06,0.9999955285552585,71.79586692973116,-1.6090752905772927,-1437.1083035558825,72.63135392324585,-89.95330810546875,4709.853515625,True
1598628836.0485263,0,5,0.5,0.5,-0.007051248168945313,-0.14,-0.011,-0.56,0.00010561475245486062,10,1,100,0.03286958538311928,-10,-1,-100,5845.479124206584,-0.0029902094380895314,9.208680289710622e-06,0.9999955292713645,71.79194452016844,-1.6085620243289027,-1436.6368307348464,72.6322653659061,-89.95330810546875,4709.2041015625,True
1598628836.1611655,0,5,0.5,0.5,-0.007051080322265625,-0.14,-0.011,-0.56,0.00010511016227820994,10,1,100,0.03286694781115618,-10,-1,-100,5848.377535813372,-0.002989969776749738,9.240565591085066e-06,0.9999955299876825,71.78811422150498,-1.6080503489457145,-1436.1679932427487,72.63319333857966,-89.95330810546875,4708.5546875,True
1598628836.2291682,0,5,0.5,0.5,-0.0070295501708984385,-0.14,-0.011,-0.56,9.246003462742093e-05,10,1,100,0.03283794525762429,-10,-1,-100,5854.175824240199,-0.0029894902522087942,9.155324534268338e-06,0.9999955314221219,71.78024915371701,-1.6070227770698438,-1435.2281726845454,72.63507762080195,-89.95333862304688,4707.25634765625,True
1598628836.3251188,0,5,0.5,0.5,-0.00702510986328125,-0.14,-0.011,-0.56,8.312058613210465e-05,10,1,100,0.0328446401047135,-10,-1,-100,5857.11720485671,-0.0029891175776458052,8.993476706898928e-06,0.9999955325376332,71.77640950423057,-1.6065118926063393,-1434.7616485087353,72.63606554680386,-89.953369140625,4706.60693359375,True
1598628836.48929,0,5,0.5,0.5,-0.007020669555664064,-0.14,-0.011,-0.56,0.00010051554453086893,10,1,100,0.03282201233269549,-10,-1,-100,5862.914516481804,-0.002988575591574164,9.005263504412623e-06,0.9999955341574475,71.76850275833304,-1.6054868035003642,-1433.8233090030183,72.63792512926516,-89.95339965820312,4705.30908203125,True
1598628836.603168,0,5,0.5,0.5,-0.006973504638671875,-0.14,-0.011,-0.56,0.00011224087789818673,10,1,100,0.03281252774531739,-10,-1,-100,5871.611216541845,-0.0029879991750322112,9.12306466269585e-06,0.9999955358788857,71.75654842072856,-1.6039502442611862,-1432.4178215159436,72.64073625119435,-89.9534912109375,4703.36328125,True
1598628836.6665595,0,5,0.5,0.5,-0.006981781005859375,-0.14,-0.011,-0.56,9.431039661704079e-05,10,1,100,0.032811383098414665,-10,-1,-100,5877.426106501254,-0.0029874676848936125,9.067572757689036e-06,0.9999955374673483,71.74843827502815,-1.6029261240703478,-1431.4838308494552,72.64279922549113,-89.95355224609375,4702.06640625,True
1598628836.7325249,0,5,0.5,0.5,-0.007015658569335938,-0.14,-0.011,-0.56,7.140123678059257e-05,10,1,100,0.032830897825990225,-10,-1,-100,5880.325494414894,-0.0029871652256241855,8.809055847131905e-06,0.9999955383732047,71.74444934970464,-1.6024154511367832,-1431.0167754761908,72.64371918822843,-89.95355224609375,4701.41796875,True
1598628836.7795606,0,5,0.5,0.5,-0.007015356445312501,-0.14,-0.011,-0.56,9.82536939041144e-05,10,1,100,0.03283992032149147,-10,-1,-100,5883.251249590539,-0.0029869756496422968,8.81864018102195e-06,0.9999955389393994,71.7404252337449,-1.6019052356646728,-1430.5493215685917,72.64462977790222,-89.95355224609375,4700.7705078125,True
1598628836.8367724,0,5,0.5,0.5,-0.0070150878906250005,-0.14,-0.011,-0.56,0.00010154583753604315,10,1,100,0.03281865896170226,-10,-1,-100,5886.150149639929,-0.002986613472596364,8.85773415270583e-06,0.9999955400208073,71.73627136001359,-1.6013922187913883,-1430.0788597648577,72.64549393490792,-89.95355224609375,4700.12255859375,True
1598628836.8990142,0,5,0.5,0.5,-0.0070148193359375,-0.14,-0.011,-0.56,9.04790085957792e-05,10,1,100,0.03283580980659404,-10,-1,-100,5889.049537949613,-0.002986443624380225,8.792949873123638e-06,0.9999955405286378,71.73200828783126,-1.600877530591988,-1429.6066874426474,72.64635699928772,-89.95355224609375,4699.474609375,True
1598628836.9570024,0,5,0.5,0.5,-0.00701455078125,-0.14,-0.011,-0.56,9.385918717775033e-05,10,1,100,0.032843966997918396,-10,-1,-100,5891.946484800428,-0.0029863667966627833,8.765161906445553e-06,0.9999955407583214,71.7277573181967,-1.6003631190300827,-1429.135228893306,72.6472213893018,-89.95355224609375,4698.8271484375,True
1598628837.0136478,0,5,0.5,0.5,-0.007014282226562501,-0.14,-0.011,-0.56,0.00010091723935974812,10,1,100,0.03282480872628083,-10,-1,-100,5894.862963105086,-0.0029861260626139374,8.804496414469673e-06,0.9999955414768703,71.7235103477052,-1.59984962307176,-1428.6643985079818,72.64809042912279,-89.95355224609375,4698.1796875,True
1598628837.0684707,0,5,0.5,0.5,-0.0069926849365234385,-0.14,-0.011,-0.56,7.670742015834022e-05,10,1,100,0.0328152311129386,-10,-1,-100,5897.762351316516,-0.002985823202620598,8.620484727314982e-06,0.9999955423828097,71.71925997685396,-1.5993368034416873,-1428.1940439956809,72.64896300938054,-89.95358276367188,4697.5322265625,True
1598628837.12508,0,5,0.5,0.5,-0.006988177490234376,-0.14,-0.011,-0.56,9.362894270457919e-05,10,1,100,0.03279971344405297,-10,-1,-100,5900.6617394046625,-0.0029854098005231704,8.607372482121602e-06,0.9999955436171883,71.71497321194875,-1.5988239084620928,-1427.7234267768363,72.64983667905253,-89.95361328125,4696.88525390625,True
1598628837.1796143,0,5,0.5,0.5,-0.007026394653320314,-0.14,-0.011,-0.56,0.00011152257396821491,10,1,100,0.03282884353866605,-10,-1,-100,5903.560151231708,-0.0029853016774684014,8.758483353453665e-06,0.9999955439386635,71.7106849923257,-1.598310950464928,-1427.2532940705717,72.65071313181565,-89.95358276367188,4696.23828125,True
1598628837.2451563,0,5,0.5,0.5,-0.006987841796875,-0.14,-0.011,-0.56,8.513009585448085e-05,10,1,100,0.03281287591094019,-10,-1,-100,5906.485906804679,-0.002985060675800707,8.656256691184542e-06,0.9999955446589905,71.70638660722476,-1.5977978668053778,-1426.7834870807314,72.65159274026898,-89.95361328125,4695.59130859375,True
1598628837.2989979,0,5,0.5,0.5,-0.006983502197265626,-0.14,-0.011,-0.56,0.00011111027213169687,10,1,100,0.032795608834856285,-10,-1,-100,5909.384806882474,-0.00298468679814667,8.799880706247761e-06,0.9999955457737194,71.70203943641467,-1.597284983391216,-1426.313225937596,72.65247502596733,-89.95364379882812,4694.9443359375,True
1598628837.3552454,0,5,0.5,0.5,-0.006979129028320313,-0.14,-0.011,-0.56,7.733458626533454e-05,10,1,100,0.032795984281515894,-10,-1,-100,5912.299820208689,-0.0029843525756376127,8.623404644011834e-06,0.9999955467727549,71.69765013067901,-1.5967707092493495,-1425.8432862659295,72.65339509363864,-89.95367431640625,4694.29736328125,True
1598628837.4071243,0,5,0.5,0.5,-0.006974722290039063,-0.14,-0.011,-0.56,0.0001173064019228562,10,1,100,0.03277680707306237,-10,-1,-100,5915.198719975655,-0.002983876783347078,8.826529489353924e-06,0.9999955481908077,71.69327306495362,-1.596258409337165,-1425.3740466627382,72.65431447250924,-89.95370483398438,4693.65087890625,True
1598628837.5208,0,5,0.5,0.5,-0.006970281982421875,-0.14,-0.011,-0.56,7.018552682524633e-05,10,1,100,0.032808769072139254,-10,-1,-100,5918.098596613505,-0.0029837372964284267,8.582845215744237e-06,0.999995548609133,71.68892632048984,-1.5957472041544833,-1424.9059547240486,72.65523783214398,-89.9537353515625,4693.00439453125,True
1598628837.6304796,0,5,0.5,0.5,-0.0069658081054687505,-0.14,-0.011,-0.56,9.33476338944595e-05,10,1,100,0.03274012795251133,-10,-1,-100,5923.895419589826,-0.002982988940258446,8.572069671871349e-06,0.9999955508418533,71.68012261938811,-1.5947214968550136,-1423.9681775583158,72.65704073545125,-89.95376586914062,4691.71142578125,True
1598628837.7474732,0,5,0.5,0.5,-0.006939938354492188,-0.14,-0.011,-0.56,0.00011615689820587519,10,1,100,0.03272108152090814,-10,-1,-100,5929.735700281337,-0.002982138537867893,8.769806209576661e-06,0.9999955533765296,71.67134209319042,-1.593699781936689,-1423.033351858659,72.65887767604039,-89.95382690429688,4690.4189453125,True
1598628837.8163896,0,5,0.5,0.5,-0.006931091308593751,-0.14,-0.011,-0.56,8.782971781052046e-05,10,1,100,0.03273454138175751,-10,-1,-100,5935.533988443902,-0.0029814914321794265,8.692078413173623e-06,0.9999955553067661,71.66236592827701,-1.5926765916816086,-1422.097877292401,72.66078485462084,-89.95388793945312,4689.126953125,True
1598628837.91722,0,5,0.5,0.5,-0.006943572998046876,-0.14,-0.011,-0.56,7.452788362817908e-05,10,1,100,0.03275761894203844,-10,-1,-100,5938.432888226467,-0.002981116888256503,8.500425929616977e-06,0.9999955564250479,71.6579251157017,-1.5921664488406901,-1421.631042745766,72.66169997803478,-89.95391845703125,4688.4814453125,True
1598628837.981243,0,5,0.5,0.5,-0.00693896484375,-0.14,-0.011,-0.56,8.840686600146389e-05,10,1,100,0.03273242990367838,-10,-1,-100,5944.246801196015,-0.002980551305170814,8.452466190279437e-06,0.9999955581113713,71.64893024044672,-1.5911452868258082,-1420.6956493797443,72.6634829992271,-89.95394897460938,4687.1904296875,True
1598628838.0393367,0,5,0.5,0.5,-0.006955651855468751,-0.14,-0.011,-0.56,7.701748268264567e-05,10,1,100,0.03278210789786888,-10,-1,-100,5947.146677920478,-0.002980493075378554,8.305604776313485e-06,0.9999955582861578,71.64424737372715,-1.5906314261824053,-1420.225256595405,72.66439026869617,-89.95394897460938,4686.544921875,True
1598628838.0913522,0,5,0.5,0.5,-0.006955282592773438,-0.14,-0.011,-0.56,8.534086346241383e-05,10,1,100,0.03276085443207595,-10,-1,-100,5950.045089658466,-0.002980251078242402,8.248080272446758e-06,0.9999955590078786,71.63964918108316,-1.590119953783545,-1419.758331760084,72.66537002915737,-89.95394897460938,4685.8994140625,True
1598628838.1482167,0,5,0.5,0.5,-0.006976309204101564,-0.14,-0.011,-0.56,9.700731386099274e-05,10,1,100,0.032710742921610705,-10,-1,-100,5952.9708448391175,-0.0029795795541324925,8.302345545676634e-06,0.9999955610085235,71.63510395408582,-1.5896102981724447,-1419.2915835512822,72.66627818897345,-89.95391845703125,4685.25439453125,True
1598628838.2041535,0,5,0.5,0.5,-0.0069589508056640634,-0.14,-0.011,-0.56,8.60237046527434e-05,10,1,100,0.03277221938326609,-10,-1,-100,5955.869256741018,-0.0029795322937035376,8.252118491354559e-06,0.999995561149755,71.63048792348553,-1.5890995718199794,-1418.823145269978,72.66714669740347,-89.95391845703125,4684.609375,True
1598628838.2692213,0,5,0.5,0.5,-0.006958715820312501,-0.14,-0.011,-0.56,6.419668846901352e-05,10,1,100,0.03274864098521437,-10,-1,-100,5958.785246062558,-0.002979278930140057,8.008552304844219e-06,0.9999955619066114,71.62578002367668,-1.588587528346222,-1418.3532658040656,72.66801176496223,-89.95391845703125,4683.96484375,True
1598628838.3264854,0,5,0.5,0.5,-0.006937152099609376,-0.14,-0.011,-0.56,0.00012148833865912888,10,1,100,0.03275370935518536,-10,-1,-100,5961.684146145475,-0.0029790987287787096,8.308483766936685e-06,0.9999955624410206,71.62107404371751,-1.5880761057179291,-1417.8838991252787,72.6688777925086,-89.95394897460938,4683.3203125,True
1598628838.3835664,0,5,0.5,0.5,-0.0069326782226562505,-0.14,-0.011,-0.56,6.30240287273268e-05,10,1,100,0.032717650754577325,-10,-1,-100,5964.582069320837,-0.0029786106404551204,8.049894629372486e-06,0.9999955638970864,71.61633710543443,-1.5875635033152398,-1417.4150925214158,72.66978198424215,-89.9539794921875,4682.67529296875,True
1598628838.4382236,0,5,0.5,0.5,-0.0069496002197265636,-0.14,-0.011,-0.56,0.00010872059643908196,10,1,100,0.032750639659485756,-10,-1,-100,5967.481457602698,-0.0029784700301123093,8.230891403130264e-06,0.9999955643144285,71.61159446048333,-1.5870515932509512,-1416.9466611049781,72.67068825709927,-89.9539794921875,4682.03076171875,True
1598628838.497118,0,5,0.5,0.5,-0.006949499511718751,-0.14,-0.011,-0.56,0.00010636185123283641,10,1,100,0.032711922982654705,-10,-1,-100,5970.380357718095,-0.0029779929794677145,8.37441004740787e-06,0.9999955657340104,71.60686180753495,-1.5865409687845673,-1416.4789337769098,72.67159654571275,-89.9539794921875,4681.38623046875,True
1598628838.5593982,0,5,0.5,0.5,-0.006928070068359375,-0.14,-0.011,-0.56,7.993466301127564e-05,10,1,100,0.03274724707789374,-10,-1,-100,5973.295859077945,-0.0029778832651191547,8.264748936448058e-06,0.9999955660616466,71.602101214809,-1.5860300506398162,-1416.0104240287608,72.67246827163966,-89.95401000976562,4680.7421875,True
1598628838.610418,0,5,0.5,0.5,-0.006945092773437501,-0.14,-0.011,-0.56,7.226621570623136e-05,10,1,100,0.03269863507416113,-10,-1,-100,5976.222102677566,-0.002977344022986578,8.095514512124037e-06,0.9999955676686928,71.5973346639787,-1.58551926127929,-1415.5422542444485,72.67333836687597,-89.95401000976562,4680.09765625,True
1598628838.7351344,0,5,0.5,0.5,-0.006902301025390625,-0.14,-0.011,-0.56,8.529385095798679e-05,10,1,100,0.032719954184487594,-10,-1,-100,5979.121002914384,-0.002977050475734833,8.06028907435833e-06,0.9999955685429294,71.59242888718268,-1.5850073583796958,-1415.0724150990507,72.67424375876674,-89.95407104492188,4679.4541015625,True
1598628838.8381066,0,5,0.5,0.5,-0.006893621826171876,-0.14,-0.011,-0.56,0.00011054482753960474,10,1,100,0.03270240921397883,-10,-1,-100,5984.935404207674,-0.0029766270245036278,8.257991000947931e-06,0.9999955698018679,71.5827885836488,-1.5839871431191161,-1414.136940173419,72.67602480798818,-89.95413208007812,4678.166015625,True
1598628838.946559,0,5,0.5,0.5,-0.0068634796142578135,-0.14,-0.011,-0.56,5.6020013099957475e-05,10,1,100,0.03264815278350357,-10,-1,-100,5990.73320409155,-0.0029757515126796925,7.942080216164165e-06,0.9999955724101274,71.5731047408075,-1.582968355735639,-1413.2057930571411,72.67798819800701,-89.9542236328125,4676.87841796875,True
1598628839.0115116,0,5,0.5,0.5,-0.006871688842773439,-0.14,-0.011,-0.56,8.639258331075339e-05,10,1,100,0.032676264007537585,-10,-1,-100,5996.531003648997,-0.002975214586495537,7.931284721254514e-06,0.9999955740078347,71.56332719754985,-1.5819487356636839,-1412.2733142112068,72.67988185284872,-89.95428466796875,4675.591796875,True
1598628839.0640373,0,5,0.5,0.5,-0.006884103393554688,-0.14,-0.011,-0.56,7.539961230462617e-05,10,1,100,0.03270280736607184,-10,-1,-100,5999.473360536853,-0.002974971469899929,7.821604778175119e-06,0.9999955747319963,71.55847079431952,-1.5814397250307977,-1411.8074840814445,72.68078038601715,-89.95431518554688,4674.9482421875,True
1598628839.1183887,0,5,0.5,0.5,-0.006900790405273438,-0.14,-0.011,-0.56,8.8167864542249e-05,10,1,100,0.03270678271582937,-10,-1,-100,6002.3712837799685,-0.0029747903464097895,7.83841337661657e-06,0.999995575270688,71.55350112575584,-1.5809283435364436,-1411.3412137095138,72.68175120242357,-89.95431518554688,4674.30517578125,True
1598628839.187123,0,5,0.5,0.5,-0.006879058837890625,-0.14,-0.011,-0.56,7.932583981154834e-05,10,1,100,0.03267973346368688,-10,-1,-100,6005.271160221193,-0.002974383259393863,7.773504133332205e-06,0.9999955764821157,71.548635634571,-1.5804196480901234,-1410.8753205448043,72.68260684985164,-89.954345703125,4673.662109375,True
1598628839.2844014,0,5,0.5,0.5,-0.006895745849609376,-0.14,-0.011,-0.56,6.796727738728027e-05,10,1,100,0.03267865986943898,-10,-1,-100,6008.169083347311,-0.0029740071355868745,7.61165187855289e-06,0.9999955776020315,71.54358514804429,-1.5799076284378546,-1410.406158478017,72.6834587147892,-89.954345703125,4673.01953125,True
1598628839.3420367,0,5,0.5,0.5,-0.006916705322265625,-0.14,-0.011,-0.56,0.0001025732212815943,10,1,100,0.03265891028240668,-10,-1,-100,6013.983484937926,-0.002973489286647392,7.7798063715826e-06,0.9999955791406964,71.53341918486689,-1.5788826124683146,-1409.4685375533622,72.68520094169892,-89.95431518554688,4671.734375,True
1598628839.403162,0,5,0.5,0.5,-0.00689927978515625,-0.14,-0.011,-0.56,7.85335811603218e-05,10,1,100,0.032693709355267525,-10,-1,-100,6016.883849530015,-0.0029733388646179357,7.71457276647519e-06,0.9999955795884707,71.52834320418387,-1.578370344453923,-1409.0015321418298,72.68612754033074,-89.95431518554688,4671.091796875,True
1598628839.4610956,0,5,0.5,0.5,-0.006877581787109376,-0.14,-0.011,-0.56,7.37789849147524e-05,10,1,100,0.03264892630075369,-10,-1,-100,6019.808139901725,-0.0029727986396940937,7.6123921975502315e-06,0.9999955811953868,71.52332757680371,-1.577860096113331,-1408.5355664323645,72.68702150679184,-89.954345703125,4670.44921875,True
1598628839.5180597,0,5,0.5,0.5,-0.006915731811523438,-0.14,-0.011,-0.56,8.010381693212289e-05,10,1,100,0.03268350610822247,-10,-1,-100,6022.723641511635,-0.002972625753318536,7.577406423118917e-06,0.9999955817095961,71.51820563086757,-1.5773481315761542,-1408.0673156625828,72.68788017910413,-89.95431518554688,4669.806640625,True
1598628839.581048,0,5,0.5,0.5,-0.006898440551757813,-0.14,-0.011,-0.56,6.4100819352058e-05,10,1,100,0.03265556465830943,-10,-1,-100,6025.621076528565,-0.0029722182082244425,7.400738090706068e-06,0.9999955829223207,71.51306602171795,-1.576836449884864,-1407.5991314134062,72.6887361782474,-89.95431518554688,4669.16455078125,True
1598628839.6470082,0,5,0.5,0.5,-0.006876977539062501,-0.14,-0.011,-0.56,8.766390394180984e-05,10,1,100,0.03266696641057531,-10,-1,-100,6028.521929440787,-0.002971954577072643,7.454832504897093e-06,0.9999955837054567,71.50786149128845,-1.5763239096922586,-1407.1301245613304,72.6895937124384,-89.954345703125,4668.5224609375,True
1598628839.7127893,0,5,0.5,0.5,-0.006894000244140626,-0.14,-0.011,-0.56,0.00010127218605513927,10,1,100,0.03267860616978541,-10,-1,-100,6031.419852782856,-0.0029718236920269377,7.628154039024981e-06,0.9999955840931272,71.50263314413581,-1.5758108509099054,-1406.6611370377668,72.69045408779245,-89.954345703125,4667.880859375,True
1598628839.77731,0,5,0.5,0.5,-0.006893966674804688,-0.14,-0.011,-0.56,8.007393925993542e-05,10,1,100,0.0326487133299881,-10,-1,-100,6034.335842358763,-0.002971435814148933,7.593183599856798e-06,0.999995585246028,71.4974558297543,-1.5753001605359966,-1406.1936290286656,72.69131692931873,-89.954345703125,4667.23876953125,True
1598628839.8784587,0,5,0.5,0.5,-0.00687257080078125,-0.14,-0.011,-0.56,7.31149765478395e-05,10,1,100,0.03265473146175339,-10,-1,-100,6037.234742479632,-0.0029711409577597592,7.498351930300088e-06,0.9999955861228508,71.4922085882558,-1.5747881468404232,-1405.7252420922696,72.69218257481478,-89.95437622070312,4666.59765625,True
1598628839.947139,0,5,0.5,0.5,-0.006868264770507813,-0.14,-0.011,-0.56,8.712348405089102e-05,10,1,100,0.03261558993517546,-10,-1,-100,6043.058909246465,-0.002970520021984015,7.539741528188121e-06,0.9999955879672426,71.48166704660744,-1.5737644760802367,-1404.789582155015,72.69395506043826,-89.95440673828125,4665.314453125,True
1598628839.9992547,0,5,0.5,0.5,-0.006863925170898438,-0.14,-0.011,-0.56,7.4991390439318e-05,10,1,100,0.03265730353348349,-10,-1,-100,6045.973434309824,-0.0029703379195485046,7.467142048299637e-06,0.9999955885087122,71.4764044429212,-1.5732539958771337,-1404.3229433613058,72.69486069864254,-89.95443725585938,4664.6728515625,True
1598628840.0767632,0,5,0.5,0.5,-0.006859518432617188,-0.14,-0.011,-0.56,7.591830299468261e-05,10,1,100,0.032623485112757894,-10,-1,-100,6048.872822407051,-0.002969867796570625,7.409853239198224e-06,0.9999955899054579,71.47120466123233,-1.572745388077787,-1403.8579982820504,72.695767006778,-89.9544677734375,4664.03173828125,True
1598628840.1445608,0,5,0.5,0.5,-0.0068550781250000005,-0.14,-0.011,-0.56,7.446913205229273e-05,10,1,100,0.03264327837071652,-10,-1,-100,6051.771722168545,-0.0029696235062704017,7.344875240109101e-06,0.9999955906314206,71.4659039299159,-1.5722344350849513,-1403.3908503782773,72.6966371776505,-89.95449829101562,4663.390625,True
1598628840.2531195,0,5,0.5,0.5,-0.0068292755126953125,-0.14,-0.011,-0.56,7.788642864802026e-05,10,1,100,0.03261129241537981,-10,-1,-100,6054.670133571024,-0.002969113529252068,7.3171138617687315e-06,0.9999955921459406,71.46053415342739,-1.5717224506779073,-1402.922751630049,72.6975053748229,-89.95455932617188,4662.74951171875,True
1598628840.3699572,0,5,0.5,0.5,-0.006820462036132812,-0.14,-0.011,-0.56,5.4865467753946765e-05,10,1,100,0.03259355012092665,-10,-1,-100,6060.4850233929465,-0.0029684918131258876,7.0828314120235e-06,0.9999955939933881,71.44979782802471,-1.5706989884327087,-1401.988630117628,72.69928000978275,-89.95462036132812,4661.4677734375,True
1598628840.4353087,0,5,0.5,0.5,-0.006832943725585938,-0.14,-0.011,-0.56,8.363618725850464e-05,10,1,100,0.0326015411354747,-10,-1,-100,6066.310166820651,-0.0029680026498662498,7.131688368368073e-06,0.9999955954450047,71.43901242060986,-1.5696741265121446,-1401.0573796275155,72.70116968053264,-89.95465087890625,4660.1865234375,True
1598628840.5001419,0,5,0.5,0.5,-0.0068283355712890625,-0.14,-0.011,-0.56,8.796749763711124e-05,10,1,100,0.0326287456547359,-10,-1,-100,6069.224203332327,-0.002967808862466414,7.215773099520044e-06,0.9999955960195469,71.43367861340779,-1.5691640826628621,-1400.5929214305474,72.70207918743361,-89.95468139648438,4659.54638671875,True
1598628840.5653985,0,5,0.5,0.5,-0.00682369384765625,-0.14,-0.011,-0.56,7.071591174565737e-05,10,1,100,0.032618616205145105,-10,-1,-100,6072.1235912954435,-0.002967544256042611,7.135756056953623e-06,0.9999955968053905,71.42832263449851,-1.568653338797024,-1400.1283562827207,72.70298398424222,-89.9547119140625,4658.90625,True
1598628840.6264248,0,5,0.5,0.5,-0.006840380859375,-0.14,-0.011,-0.56,6.333602171500863e-05,10,1,100,0.03259973634456126,-10,-1,-100,6075.02346781001,-0.0029671356074321246,6.9963392248354365e-06,0.9999955980189804,71.4228968070986,-1.5681413590195332,-1399.6621455480406,72.70384796790651,-89.9547119140625,4658.265625,True
1598628840.6830132,0,5,0.5,0.5,-0.006840011596679688,-0.14,-0.011,-0.56,6.514537121538223e-05,10,1,100,0.03259647053573301,-10,-1,-100,6077.920902844751,-0.0029667380607517235,6.886501657190904e-06,0.999995599199244,71.41732802252878,-1.567626358858184,-1399.1941915380576,72.70474778532339,-89.9547119140625,4657.6259765625,True
1598628840.7514844,0,5,0.5,0.5,-0.0068396759033203134,-0.14,-0.011,-0.56,8.613265625569321e-05,10,1,100,0.03261450190369942,-10,-1,-100,6080.837380700279,-0.0029665440143521737,6.978036677763244e-06,0.999995599774278,71.41185539560725,-1.5671151595709125,-1398.728531697932,72.7056467036921,-89.9547119140625,4656.9853515625,True
1598628840.807038,0,5,0.5,0.5,-0.0068393737792968754,-0.14,-0.011,-0.56,2.8811861131685672e-05,10,1,100,0.032588554302196274,-10,-1,-100,6083.762647441821,-0.002966135170252733,6.540596836583973e-06,0.9999956009900106,71.4064110210718,-1.566603814651605,-1398.2632238257654,72.70651003667399,-89.9547119140625,4656.34619140625,True
1598628840.867079,0,5,0.5,0.5,-0.0068177429199218756,-0.14,-0.011,-0.56,0.00010382928370002572,10,1,100,0.03259091225685703,-10,-1,-100,6086.661059286795,-0.00296578832304681,6.825691055590103e-06,0.9999956020168452,71.40087371875963,-1.5660906508267907,-1397.796539830724,72.70737297735378,-89.95474243164062,4655.70654296875,True
1598628840.9769385,0,5,0.5,0.5,-0.006855926513671876,-0.14,-0.011,-0.56,7.22406048287628e-05,10,1,100,0.03258241145156047,-10,-1,-100,6089.577048748732,-0.0029653992138871143,6.798169796024667e-06,0.9999956031709775,71.39525690460597,-1.565576521187716,-1397.3287546457877,72.70823672811825,-89.9547119140625,4655.06640625,True
1598628841.0282924,0,5,0.5,0.5,-0.006838668823242188,-0.14,-0.011,-0.56,4.261678421637085e-05,10,1,100,0.0325433802566026,-10,-1,-100,6095.375336733996,-0.0029646940258926512,6.504314776366838e-06,0.9999956052638566,71.38410003462623,-1.564548724367533,-1396.3966454776116,72.70999977215271,-89.9547119140625,4653.7880859375,True
1598628841.090174,0,5,0.5,0.5,-0.006838568115234376,-0.14,-0.011,-0.56,9.182147635486978e-05,10,1,100,0.032578750791753514,-10,-1,-100,6098.273748255684,-0.002964377948751087,6.685015156696672e-06,0.999995606199691,71.3785012544714,-1.5640343096125036,-1395.9312364611242,72.71090360366259,-89.9547119140625,4653.1484375,True
1598628841.1528044,0,5,0.5,0.5,-0.0068171386718750004,-0.14,-0.011,-0.56,5.0163821270972657e-05,10,1,100,0.0325537847585142,-10,-1,-100,6101.189249500632,-0.0029638669371394124,6.470988340971703e-06,0.9999956077158065,71.37297103846775,-1.5635220463724457,-1395.4676217100107,72.7118073022636,-89.95474243164062,4652.50927734375,True
1598628841.2152638,0,5,0.5,0.5,-0.006834161376953126,-0.14,-0.011,-0.56,4.469362532737083e-05,10,1,100,0.032570665344485404,-10,-1,-100,6104.114516359987,-0.0029635594245697437,6.22736653151494e-06,0.9999956086287364,71.36733173079482,-1.5630066885599216,-1395.0016403354996,72.71267389368131,-89.95474243164062,4651.87060546875,True
1598628841.2752297,0,5,0.5,0.5,-0.006812765502929688,-0.14,-0.011,-0.56,7.572898212215051e-05,10,1,100,0.03256622836410532,-10,-1,-100,6107.013416278758,-0.0029632431540770193,6.2888575751662785e-06,0.9999956095655921,71.3616479500766,-1.5624900796621048,-1394.5352068243012,72.71353954432158,-89.95477294921875,4651.2314453125,True
1598628841.3260312,0,5,0.5,0.5,-0.006808425903320313,-0.14,-0.011,-0.56,5.2552896986957076e-05,10,1,100,0.03254560336365568,-10,-1,-100,6109.928917995421,-0.0029627716740371415,6.134710006029073e-06,0.9999956109635545,71.35587444827142,-1.5619724811102356,-1394.0680944935343,72.7144411854804,-89.95480346679688,4650.5927734375,True
1598628841.3830822,0,5,0.5,0.5,-0.006825415039062501,-0.14,-0.011,-0.56,8.285608030531537e-05,10,1,100,0.03258676927362909,-10,-1,-100,6112.828305721283,-0.0029627208971703877,6.270742783935926e-06,0.9999956111131504,71.35024620830536,-1.5614591224229637,-1393.6036720775078,72.71530912628472,-89.95480346679688,4649.95458984375,True
1598628841.4471653,0,5,0.5,0.5,-0.006803952026367188,-0.14,-0.011,-0.56,5.957908147395453e-05,10,1,100,0.032517195710916436,-10,-1,-100,6115.726228859276,-0.0029620457250097527,6.183442859833265e-06,0.9999956131138216,71.34449759625942,-1.5609426460443236,-1393.1373425729391,72.7161781081399,-89.954833984375,4649.3154296875,True
1598628841.5022283,0,5,0.5,0.5,-0.0067995452880859385,-0.14,-0.011,-0.56,5.949788114759994e-05,10,1,100,0.03256846478125201,-10,-1,-100,6118.625128870946,-0.002961901732271538,6.103665793115577e-06,0.9999956135408163,71.33874980558998,-1.5604263691160927,-1392.6714392056658,72.71704646660474,-89.95486450195312,4648.67724609375,True
1598628841.5678203,0,5,0.5,0.5,-0.0068165008544921885,-0.14,-0.011,-0.56,7.694051703387411e-05,10,1,100,0.032554346001007844,-10,-1,-100,6120.104120448814,-0.0029616460104989186,6.190366990758785e-06,0.9999956142976767,71.33579704966981,-1.5601664021748425,-1392.4372668360095,72.71748958964712,-89.95486450195312,4648.35791015625,True
1598628841.6184907,0,5,0.5,0.5,-0.0067736083984375,-0.14,-0.011,-0.56,6.321349797519989e-05,10,1,100,0.032527775480553654,-10,-1,-100,6124.46589701809,-0.002961175397977307,6.144947726996722e-06,0.99999561569164,71.32723494288567,-1.5593942234977587,-1391.7411727969543,72.71881956061294,-89.95492553710938,4647.40087890625,True
1598628841.6902447,0,5,0.5,0.5,-0.006764828491210938,-0.14,-0.011,-0.56,4.171407667472808e-05,10,1,100,0.03252722118972841,-10,-1,-100,6127.365285499021,-0.0029607457281573533,5.9085348999808946e-06,0.9999956169653058,71.32140215650023,-1.5588768536261601,-1391.2755498195518,72.71972421817685,-89.95498657226562,4646.7626953125,True
1598628841.750203,0,5,0.5,0.5,-0.00677734375,-0.14,-0.011,-0.56,4.419736249992015e-05,10,1,100,0.03254276145318771,-10,-1,-100,6130.280298300786,-0.0029604996963712017,5.716895364974357e-06,0.9999956176948301,71.31559178779327,-1.5583609514205656,-1390.8105458790433,72.72061417487288,-89.95501708984375,4646.125,True
1598628841.8022416,0,5,0.5,0.5,-0.006794131469726563,-0.14,-0.011,-0.56,7.334124143334204e-05,10,1,100,0.03251975031139301,-10,-1,-100,6133.179686378571,-0.0029600699000409013,5.8083074988867925e-06,0.9999956189666286,71.30972833217243,-1.557843273289713,-1390.3452449184408,72.72152219850496,-89.95501708984375,4645.48681640625,True
1598628841.8593657,0,5,0.5,0.5,-0.006772467041015626,-0.14,-0.011,-0.56,5.047465097710366e-05,10,1,100,0.032543086316221784,-10,-1,-100,6136.078586151707,-0.002959894493897734,5.68391230650741e-06,0.9999956194865446,71.30383001058735,-1.557325397524401,-1389.8796432908698,72.72242701453501,-89.95504760742188,4644.84912109375,True
1598628841.9230723,0,5,0.5,0.5,-0.006767892456054688,-0.14,-0.011,-0.56,5.326403460400092e-05,10,1,100,0.03251177200143652,-10,-1,-100,6138.9931108818855,-0.002959453402415152,5.596733751196728e-06,0.9999956207925289,71.29805930351274,-1.5568102581970524,-1389.4162594048155,72.72329398550431,-89.955078125,4644.21142578125,True
1598628842.0321302,0,5,0.5,0.5,-0.0067633178710937505,-0.14,-0.011,-0.56,5.0671065182808935e-05,10,1,100,0.032517261661966605,-10,-1,-100,6141.893963440321,-0.0029591053327736433,5.494397139135119e-06,0.9999956218231364,71.2921642066862,-1.5562927708876744,-1388.9508699664461,72.72416089128217,-89.95510864257812,4643.57421875,True
1598628842.0873573,0,5,0.5,0.5,-0.006780072021484376,-0.14,-0.011,-0.56,7.031164686273521e-05,10,1,100,0.03244684907885976,-10,-1,-100,6147.733267087722,-0.0029581520783116613,5.580620366755532e-06,0.9999956246429973,71.28021734393779,-1.555255878437626,-1388.0190246598627,72.72593058880057,-89.95510864257812,4642.29931640625,True
1598628842.1460557,0,5,0.5,0.5,-0.006758407592773438,-0.14,-0.011,-0.56,2.5796529613926975e-05,10,1,100,0.03251467239168762,-10,-1,-100,6150.6326552981045,-0.002957905598596202,5.254870255505904e-06,0.9999956253738594,71.27435625647284,-1.5547404459772671,-1387.5568751724898,72.72686875530819,-89.95513916015625,4641.662109375,True
1598628842.2050679,0,5,0.5,0.5,-0.0067751953125,-0.14,-0.011,-0.56,6.997537206445952e-05,10,1,100,0.03248599597281946,-10,-1,-100,6153.532043306739,-0.002957424464259415,5.361131263499819e-06,0.9999956267963357,71.26842134908202,-1.5542246926328542,-1387.0930762787425,72.72777107435019,-89.95513916015625,4641.02490234375,True
1598628842.2681937,0,5,0.5,0.5,-0.006774893188476563,-0.14,-0.011,-0.56,6.849636637589924e-05,10,1,100,0.03248075541938912,-10,-1,-100,6156.430942792911,-0.0029569432657822778,5.445040524259429e-06,0.9999956282188811,71.26241829003374,-1.5537066737411362,-1386.6277146159118,72.7286363457885,-89.95513916015625,4640.38818359375,True
1598628842.3243246,0,5,0.5,0.5,-0.006774658203125001,-0.14,-0.011,-0.56,7.419080114351201e-05,10,1,100,0.03253395006673511,-10,-1,-100,6159.345467585139,-0.002956993247717294,5.5737255384762246e-06,0.9999956280703763,71.2564293982649,-1.5531895352754506,-1386.162989113568,72.72949849849908,-89.95513916015625,4639.75146484375,True
1598628842.3766873,0,5,0.5,0.5,-0.006753128051757813,-0.14,-0.011,-0.56,4.022127493986934e-05,10,1,100,0.03245078198348619,-10,-1,-100,6162.271223168471,-0.0029562860237018094,5.3822024126052006e-06,0.9999956301624411,71.25037114657412,-1.5526710464163833,-1385.6973317932325,72.73036035109854,-89.95516967773438,4639.115234375,True
1598628842.4331915,0,5,0.5,0.5,-0.006770050048828125,-0.14,-0.011,-0.56,6.1207456456511e-05,10,1,100,0.032493935355104475,-10,-1,-100,6165.17061109771,-0.0029560392267685073,5.3991782146486204e-06,0.9999956308919248,71.24426544988168,-1.5521530513067983,-1385.2318668991197,72.73125891201134,-89.95516967773438,4638.47802734375,True
1598628842.4940426,0,5,0.5,0.5,-0.006769882202148438,-0.14,-0.011,-0.56,5.231540130549014e-05,10,1,100,0.032485459313714084,-10,-1,-100,6168.084647510434,-0.0029557414752467495,5.3341458326644835e-06,0.9999956317723985,71.23823069135234,-1.551636491593573,-1384.7675681255917,72.73212317442474,-89.95516967773438,4637.841796875,True
1598628842.5524516,0,5,0.5,0.5,-0.006727023315429688,-0.14,-0.011,-0.56,3.2800985520720164e-05,10,1,100,0.032489842287920956,-10,-1,-100,6170.985012088902,-0.002955514412736715,5.097939675066307e-06,0.9999956324447458,71.23211722633775,-1.5511179827774695,-1384.3021570423377,72.73298764824567,-89.95523071289062,4637.20556640625,True
1598628842.6130803,0,5,0.5,0.5,-0.006761035156250001,-0.14,-0.011,-0.56,3.8569540672004905e-05,10,1,100,0.032484985928093124,-10,-1,-100,6173.882935136091,-0.002955267424447047,4.936101664148854e-06,0.999995633175508,71.22600125399252,-1.5505999294847512,-1383.8371267145922,72.73385248037793,-89.95523071289062,4636.5693359375,True
1598628842.679335,0,5,0.5,0.5,-0.006760900878906251,-0.14,-0.011,-0.56,9.260077278807935e-05,10,1,100,0.03244512428834843,-10,-1,-100,6176.798924747156,-0.0029546840001026943,5.28067676025638e-06,0.9999956348977599,71.21981746467293,-1.550081046309686,-1383.3712011606463,72.73471778126566,-89.95523071289062,4635.93310546875,True
1598628842.7891603,0,5,0.5,0.5,-0.006739404296875,-0.14,-0.011,-0.56,3.46023985773256e-05,10,1,100,0.03246569775566603,-10,-1,-100,6179.697336176992,-0.0029543437986545417,5.066941576262277e-06,0.9999956359040001,71.21364963910789,-1.5495625717268133,-1382.9059944939568,72.73558395802438,-89.95526123046875,4635.29736328125,True
1598628842.8491473,0,5,0.5,0.5,-0.006734997558593751,-0.14,-0.011,-0.56,8.345904597569389e-05,10,1,100,0.03244497575530543,-10,-1,-100,6185.538592891418,-0.0029538493807892536,5.316959047779389e-06,0.9999956373632665,71.20127820988591,-1.548525971433733,-1381.976847242672,72.73735230853092,-89.95529174804688,4634.025390625,True
1598628842.9053626,0,5,0.5,0.5,-0.006730557250976562,-0.14,-0.011,-0.56,2.0159618316705746e-05,10,1,100,0.032452247140205295,-10,-1,-100,6188.437004170264,-0.0029534692635775996,4.9688384724547995e-06,0.9999956384877986,71.19510262669384,-1.5480089545005176,-1381.5140667692642,72.73829171856808,-89.955322265625,4633.39013671875,True
1598628842.9716253,0,5,0.5,0.5,-0.006747445678710938,-0.14,-0.011,-0.56,6.007132074687428e-05,10,1,100,0.03243908064060953,-10,-1,-100,6191.335904078209,-0.002953007165209048,5.0156317915719816e-06,0.9999956398522575,71.18901329676574,-1.5474938188246827,-1381.0527472213766,72.73919515347583,-89.955322265625,4632.75439453125,True
1598628843.0190299,0,5,0.5,0.5,-0.006725881958007813,-0.14,-0.011,-0.56,6.211513393187468e-05,10,1,100,0.03245207644123092,-10,-1,-100,6194.251405232702,-0.0029527088431364756,5.077258650402973e-06,0.9999956407328529,71.18273266597197,-1.5469755045848852,-1380.5873890480568,72.74005838969416,-89.95535278320312,4632.119140625,True
1598628843.1273658,0,5,0.5,0.5,-0.0067427703857421886,-0.14,-0.011,-0.56,4.7123507380577375e-05,10,1,100,0.0324431304176432,-10,-1,-100,6197.150793202687,-0.00295235956574749,4.997272775021355e-06,0.9999956417645138,71.17643829145479,-1.5464565937354438,-1380.1221643073036,72.74091964575969,-89.95535278320312,4631.4833984375,True
1598628843.1863568,0,5,0.5,0.5,-0.006721206665039062,-0.14,-0.011,-0.56,3.341743712580149e-05,10,1,100,0.03240519808864739,-10,-1,-100,6202.991073281621,-0.0029517005466402875,4.8003230727579465e-06,0.9999956437109313,71.16379540744244,-1.5454188798043536,-1379.1925766709182,72.74267981137031,-89.95538330078125,4630.21337890625,True
1598628843.2500517,0,5,0.5,0.5,-0.00671669921875,-0.14,-0.011,-0.56,4.8364081521292605e-05,10,1,100,0.032437852567325405,-10,-1,-100,6205.890461134259,-0.002951401970829546,4.757641767713773e-06,0.9999956445924009,71.15754264061886,-1.5449030246580304,-1378.7307234384273,72.74361418956137,-89.95541381835938,4629.578125,True
1598628843.3014565,0,5,0.5,0.5,-0.006712225341796875,-0.14,-0.011,-0.56,6.183579876319347e-05,10,1,100,0.03243444873556594,-10,-1,-100,6208.789848994929,-0.002951103332932792,4.841620099788489e-06,0.9999956454733577,71.15127336287138,-1.5443872395439722,-1378.2683251963006,72.74451301573806,-89.9554443359375,4628.943359375,True
1598628843.359777,0,5,0.5,0.5,-0.006729080200195313,-0.14,-0.011,-0.56,4.301918481642599e-05,10,1,100,0.032415201412423475,-10,-1,-100,6211.704373962828,-0.002950660653808552,4.7469898035806724e-06,0.999995646780111,71.14486803621291,-1.5438679722345956,-1377.8037008913973,72.74541189613862,-89.9554443359375,4628.30859375,True
1598628843.4761047,0,5,0.5,0.5,-0.006707482910156251,-0.14,-0.011,-0.56,6.248800526314374e-05,10,1,100,0.03244081211096988,-10,-1,-100,6214.602785051218,-0.002950494700360841,4.838436708322524e-06,0.9999956472693333,71.13856158523883,-1.5433515316345423,-1377.3406630516965,72.74626881480336,-89.95547485351562,4627.67431640625,True
1598628843.5333638,0,5,0.5,0.5,-0.0067029754638671885,-0.14,-0.011,-0.56,4.966176332137376e-05,10,1,100,0.03238567549934867,-10,-1,-100,6220.443553408375,-0.0029498460908466326,4.805175790315334e-06,0.9999956491830104,71.12571609411883,-1.5423149720602736,-1376.4111959302393,72.7479789871127,-89.95550537109375,4626.4052734375,True
1598628843.6040542,0,5,0.5,0.5,-0.0066984680175781255,-0.14,-0.011,-0.56,4.333547299926087e-05,10,1,100,0.032390217631286966,-10,-1,-100,6223.342941569979,-0.002949301377296739,4.717892119432739e-06,0.9999956507901059,71.11927302410456,-1.5417974559580938,-1375.9473677036158,72.7488711376783,-89.95553588867188,4625.77099609375,True
1598628843.6573281,0,5,0.5,0.5,-0.006715322875976563,-0.14,-0.011,-0.56,5.554310850175368e-05,10,1,100,0.03240236921895987,-10,-1,-100,6226.257466165116,-0.002948920441126845,4.749749965337607e-06,0.9999956519133829,71.11286125686254,-1.5412800947720775,-1375.4845818485658,72.74976498836284,-89.95553588867188,4625.13720703125,True
1598628843.7233737,0,5,0.5,0.5,-0.006693725585937501,-0.14,-0.011,-0.56,3.2077198367109215e-05,10,1,100,0.0323947309889063,-10,-1,-100,6229.157830536016,-0.002948508412266529,4.565626898414569e-06,0.9999956531292014,71.1063195465759,-1.540760625291935,-1375.0197076962834,72.75066047311209,-89.95556640625,4624.5029296875,True
1598628843.7810786,0,5,0.5,0.5,-0.0067105804443359385,-0.14,-0.011,-0.56,3.919999041505237e-05,10,1,100,0.03239018379658539,-10,-1,-100,6232.055753645371,-0.0029480963210368424,4.4634600668767345e-06,0.9999956543446373,71.09993237725966,-1.5402449082626208,-1374.5575508186112,72.75151723933057,-89.95556640625,4623.869140625,True
1598628843.8382661,0,5,0.5,0.5,-0.006710345458984376,-0.14,-0.011,-0.56,4.058561583340923e-05,10,1,100,0.032400238822784755,-10,-1,-100,6234.970766678802,-0.002947816977652313,4.383663008107533e-06,0.9999956551684861,71.09336112937542,-1.5397257902517754,-1374.092859242519,72.75240927912893,-89.95556640625,4623.2353515625,True
1598628843.888066,0,5,0.5,0.5,-0.006688781738281251,-0.14,-0.011,-0.56,7.412991088735204e-05,10,1,100,0.032410702884554,-10,-1,-100,6237.870154707693,-0.0029476616874724504,4.61644714613924e-06,0.9999956556251955,71.08689235343306,-1.5392096014646335,-1373.630520188708,72.75329809945592,-89.95559692382812,4622.6015625,True
1598628844.0041373,0,5,0.5,0.5,-0.006705670166015625,-0.14,-0.011,-0.56,4.5343380852730744e-05,10,1,100,0.032362484779093995,-10,-1,-100,6240.795909862616,-0.0029470855684259906,4.566501720963847e-06,0.9999956573234703,71.0803277844071,-1.5386914791971584,-1373.1667307312946,72.75418766927015,-89.95559692382812,4621.9677734375,True
1598628844.0716243,0,5,0.5,0.5,-0.006662777709960938,-0.14,-0.011,-0.56,5.0755138999053124e-05,10,1,100,0.03235382137496877,-10,-1,-100,6246.610310920631,-0.0029464867181321678,4.570544697933534e-06,0.9999956590881434,71.06720027641848,-1.5376562557390803,-1372.2396991620215,72.75592604531786,-89.95565795898438,4620.701171875,True
1598628844.126286,0,5,0.5,0.5,-0.006696722412109376,-0.14,-0.011,-0.56,5.4658807518190435e-05,10,1,100,0.03234771036381055,-10,-1,-100,6249.5248357843375,-0.0029458905486142327,4.609868431812359e-06,0.9999956608443983,71.06061172379027,-1.5371389332677299,-1371.7766943547554,72.7568157069133,-89.95565795898438,4620.068359375,True
1598628844.187364,0,5,0.5,0.5,-0.0066751586914062504,-0.14,-0.011,-0.56,6.322136073135882e-05,10,1,100,0.0323885221247157,-10,-1,-100,6252.425200115424,-0.0029457237779259263,4.723666462982376e-06,0.9999956613351436,71.05412710996549,-1.5366248032127965,-1371.316095127446,72.75770493829195,-89.9556884765625,4619.4345703125,True
1598628844.2454264,0,5,0.5,0.5,-0.006670684814453125,-0.14,-0.011,-0.56,2.915139724473391e-05,10,1,100,0.032363771388607285,-10,-1,-100,6255.323122983333,-0.00294535090907459,4.517466377192468e-06,0.9999956624344002,71.04748276923492,-1.5361072232920128,-1370.8521864618685,72.75855754759137,-89.95571899414062,4618.8017578125,True
1598628844.303177,0,5,0.5,0.5,-0.006666210937500001,-0.14,-0.011,-0.56,2.700312004788373e-05,10,1,100,0.03234530324495895,-10,-1,-100,6258.264991491684,-0.0029448476365113198,4.310664166268677e-06,0.9999956639175072,71.04082527496493,-1.5355902072179297,-1370.388426740582,72.7594091417684,-89.95574951171875,4618.1689453125,True
1598628844.361367,0,5,0.5,0.5,-0.0066830657958984385,-0.14,-0.011,-0.56,7.409348195797586e-05,10,1,100,0.03236784670693398,-10,-1,-100,6261.163402942475,-0.0029445987591123156,4.5511555244288585e-06,0.9999956646493199,71.03413385784455,-1.5350723412441258,-1369.9243741444668,72.76026108936283,-89.95574951171875,4617.5361328125,True
1598628844.420333,0,5,0.5,0.5,-0.006661502075195313,-0.14,-0.011,-0.56,2.7336322613650665e-05,10,1,100,0.03235253554778953,-10,-1,-100,6264.062302520149,-0.0029442368688056843,4.344732102693327e-06,0.9999956657157989,71.02744205555342,-1.5345551778354798,-1369.46078302165,72.76111472179853,-89.95578002929688,4616.90380859375,True
1598628844.4861832,0,5,0.5,0.5,-0.006678356933593751,-0.14,-0.011,-0.56,3.753851984800437e-05,10,1,100,0.032346338977873465,-10,-1,-100,6266.978291964158,-0.0029438550537569928,4.249929628668044e-06,0.9999956668402922,71.02069863420152,-1.534036588510427,-1368.9966044598816,72.76196840749256,-89.95578002929688,4616.271484375,True
1598628844.599214,0,5,0.5,0.5,-0.006656759643554689,-0.14,-0.011,-0.56,3.330085814247617e-05,10,1,100,0.03235672697318635,-10,-1,-100,6269.877680221223,-0.002943605987237295,4.125342939848839e-06,0.9999956675740016,71.01395617076635,-1.5335185943189187,-1368.5328878625517,72.7628237217729,-89.955810546875,4615.638671875,True
1598628844.656828,0,5,0.5,0.5,-0.006673614501953126,-0.14,-0.011,-0.56,6.255346305393197e-05,10,1,100,0.03225896502032018,-10,-1,-100,6275.7179599589435,-0.0029424945051026367,4.278461543941242e-06,0.9999956708445205,71.0004488609298,-1.5324841166869554,-1367.6069566840529,72.76457462026627,-89.955810546875,4614.37451171875,True
1598628844.7173207,0,5,0.5,0.5,-0.006652017211914062,-0.14,-0.011,-0.56,5.8108267946031485e-05,10,1,100,0.03232981200763507,-10,-1,-100,6278.617347861407,-0.0029421323040133766,4.377511265023443e-06,0.9999956719098054,70.99371089380408,-1.5319664562532356,-1367.1451993856665,72.76546750145151,-89.95584106445312,4613.7421875,True
1598628844.7722373,0,5,0.5,0.5,-0.006647543334960938,-0.14,-0.011,-0.56,3.9375974366808064e-05,10,1,100,0.03233038894592762,-10,-1,-100,6281.532360687386,-0.002941812233747726,4.297438372953331e-06,0.9999956728517945,70.9870319986976,-1.5314505892014296,-1366.6849874799154,72.76635974260931,-89.95587158203125,4613.1103515625,True
1598628844.8283126,0,5,0.5,0.5,-0.006664398193359376,-0.14,-0.011,-0.56,4.1842820687363876e-05,10,1,100,0.03229632695546673,-10,-1,-100,6284.430283733178,-0.0029412153138791866,4.247354737675426e-06,0.9999956746078643,70.98021930363205,-1.5309336836529575,-1366.2219581634354,72.76721553813204,-89.95587158203125,4612.478515625,True
1598628844.8932147,0,5,0.5,0.5,-0.00664283447265625,-0.14,-0.011,-0.56,4.2928032756914524e-05,10,1,100,0.032322531628866995,-10,-1,-100,6287.346761700581,-0.0029409149823605594,4.212122735078071e-06,0.9999956754913115,70.97340557821921,-1.5304152790028163,-1365.7593254382607,72.7680708060749,-89.95590209960938,4611.8466796875,True
1598628844.9457164,0,5,0.5,0.5,-0.006659722900390626,-0.14,-0.011,-0.56,5.731415971287823e-05,10,1,100,0.032297642442407966,-10,-1,-100,6290.245173167787,-0.0029404197210364654,4.311154199263885e-06,0.9999956769472949,70.96652819309524,-1.529896818163537,-1365.2958592213142,72.76892578183708,-89.95590209960938,4611.21533203125,True
1598628845.0615795,0,5,0.5,0.5,-0.006659555053710938,-0.14,-0.011,-0.56,3.69884568170332e-05,10,1,100,0.03231026245245184,-10,-1,-100,6293.170440139831,-0.002940088236210847,4.216403240349675e-06,0.9999956779223523,70.95968163347872,-1.529379450531373,-1364.8334065902266,72.76978068893497,-89.95590209960938,4610.583984375,True
1598628845.1177652,0,5,0.5,0.5,-0.00661666259765625,-0.14,-0.011,-0.56,1.6569665152373576e-05,10,1,100,0.0322700126617587,-10,-1,-100,6298.985329028801,-0.002939425079656621,3.944944946461742e-06,0.9999956798729874,70.94582621964457,-1.5283424101471788,-1363.9072614219729,72.77152833884792,-89.95596313476562,4609.3212890625,True
1598628845.17318,0,5,0.5,0.5,-0.0066292785644531255,-0.14,-0.011,-0.56,4.633934772129882e-05,10,1,100,0.03228598237891682,-10,-1,-100,6301.900342160952,-0.002938971763662534,3.969161600059515e-06,0.9999956812052831,70.93894386331083,-1.527824777692592,-1363.4459588323891,72.77241914235205,-89.95599365234375,4608.68994140625,True
1598628845.2320702,0,5,0.5,0.5,-0.006646133422851563,-0.14,-0.011,-0.56,1.1372782333242309e-05,10,1,100,0.032289693510899574,-10,-1,-100,6304.797776462161,-0.002938597835131475,3.673554116192075e-06,0.999995682305313,70.93210077188063,-1.527309007570325,-1362.985813276646,72.77331015963246,-89.95599365234375,4608.05859375,True
1598628845.2909808,0,5,0.5,0.5,-0.006624569702148438,-0.14,-0.011,-0.56,5.1746072667531323e-05,10,1,100,0.03230032754192565,-10,-1,-100,6307.697652831324,-0.0029383591259781183,3.7722606691912637e-06,0.9999956830063901,70.92512729796017,-1.5267909798553707,-1362.5229308686414,72.77416510337605,-89.95602416992188,4607.42822265625,True
1598628845.347177,0,5,0.5,0.5,-0.006620062255859376,-0.14,-0.011,-0.56,4.4518886634441196e-05,10,1,100,0.032278269482874745,-10,-1,-100,6310.613642363343,-0.002937945349282899,3.7967523905940247e-06,0.9999956842220417,70.91815331954125,-1.526273576747221,-1362.0604134030666,72.77501885688163,-89.9560546875,4606.79736328125,True
1598628845.4051118,0,5,0.5,0.5,-0.006636917114257813,-0.14,-0.011,-0.56,2.913974380714498e-05,10,1,100,0.03227930419001339,-10,-1,-100,6313.538908858318,-0.0029375824014018967,3.679735165143323e-06,0.9999956852887388,70.9111136735881,-1.525754370013065,-1361.5970404255713,72.77587292722022,-89.9560546875,4606.16650390625,True
1598628845.4560356,0,5,0.5,0.5,-0.0066367156982421885,-0.14,-0.011,-0.56,5.164855645051232e-05,10,1,100,0.03226186402626804,-10,-1,-100,6316.454410159728,-0.002937097747141797,3.778542987134943e-06,0.9999956867119711,70.9041359815988,-1.5252378100951016,-1361.1352982051317,72.77672768902339,-89.9560546875,4605.5361328125,True
1598628845.5093644,0,5,0.5,0.5,-0.006615151977539062,-0.14,-0.011,-0.56,3.3749235876027835e-05,10,1,100,0.03225318569873852,-10,-1,-100,6319.353798316442,-0.0029365820017157444,3.7060733762234117e-06,0.9999956882269103,70.89707098202759,-1.524719777753809,-1360.6722653294162,72.77758303725864,-89.95608520507812,4604.90576171875,True
1598628845.6074069,0,5,0.5,0.5,-0.006632040405273438,-0.14,-0.011,-0.56,3.626160795007487e-05,10,1,100,0.03224417502993311,-10,-1,-100,6322.251721071545,-0.00293603516613987,3.6634917027577696e-06,0.9999956898327523,70.89002762438452,-1.5242030120005037,-1360.210068873611,72.77843889199448,-89.95608520507812,4604.275390625,True
1598628845.6582322,0,5,0.5,0.5,-0.006610476684570313,-0.14,-0.011,-0.56,5.811971694410398e-05,10,1,100,0.03222874990155862,-10,-1,-100,6328.066122156568,-0.002935401800408304,3.8240799563679105e-06,0.9999956916915426,70.87584543903715,-1.5231688319376737,-1359.2857057627252,72.78018823622202,-89.95611572265625,4603.0146484375,True
1598628845.7154691,0,5,0.5,0.5,-0.006627331542968751,-0.14,-0.011,-0.56,3.077571805489679e-05,10,1,100,0.03226407703756071,-10,-1,-100,6331.008478848031,-0.002935151429557629,3.721844127278866e-06,0.9999956924268392,70.86874945688676,-1.5226522626052479,-1358.824310186956,72.78108005143851,-89.95611572265625,4602.384765625,True
1598628845.7692459,0,5,0.5,0.5,-0.0066058013916015625,-0.14,-0.011,-0.56,5.4317924051812364e-05,10,1,100,0.032261139287681526,-10,-1,-100,6333.906890284503,-0.002934900998012749,3.843125337914588e-06,0.9999956931614067,70.86171487602793,-1.5221376163946443,-1358.3645032160962,72.781972038759,-89.95614624023438,4601.7548828125,True
1598628845.814091,0,5,0.5,0.5,-0.006601361083984376,-0.14,-0.011,-0.56,3.5850349611932954e-05,10,1,100,0.03223460062936551,-10,-1,-100,6336.805301628658,-0.002934435773137849,3.7856085220046536e-06,0.9999956945269127,70.85457670599683,-1.5216208004913105,-1357.902464136,72.78282760425714,-89.9561767578125,4601.125,True
1598628845.867005,0,5,0.5,0.5,-0.00661824951171875,-0.14,-0.011,-0.56,3.854949726090188e-05,10,1,100,0.032227340486165296,-10,-1,-100,6339.720802672324,-0.0029339506238242954,3.757756345799147e-06,0.9999956959505457,70.84737042339532,-1.5211023880642023,-1357.4401039215081,72.7837178882735,-89.9561767578125,4600.49560546875,True
1598628845.9169903,0,5,0.5,0.5,-0.006596719360351563,-0.14,-0.011,-0.56,3.4998970886351735e-05,10,1,100,0.032242248572566155,-10,-1,-100,6342.620190240443,-0.0029336491147812127,3.7001718588649506e-06,0.9999956968353314,70.84026615015244,-1.520587379684162,-1356.9794588297705,72.78457178530779,-89.95620727539062,4599.86572265625,True
1598628845.9691317,0,5,0.5,0.5,-0.006613641357421875,-0.14,-0.011,-0.56,3.362589953959326e-05,10,1,100,0.032219546580496056,-10,-1,-100,6345.534715149668,-0.0029331725395727744,3.635427658983085e-06,0.9999956982335658,70.8330914886398,-1.520071106823181,-1356.5178649375225,72.78542518128604,-89.95620727539062,4599.236328125,True
1598628846.0180008,0,5,0.5,0.5,-0.006592111206054688,-0.14,-0.011,-0.56,3.048904618028762e-05,10,1,100,0.03223918161102525,-10,-1,-100,6348.460958539741,-0.0029329217986261225,3.548092726284211e-06,0.9999956989693177,70.82584799771469,-1.519553963038724,-1356.0552985099198,72.7862767113454,-89.95623779296875,4598.607421875,True
1598628846.0701094,0,5,0.5,0.5,-0.006587637329101563,-0.14,-0.011,-0.56,3.203792157487227e-05,10,1,100,0.032210444533485615,-10,-1,-100,6351.3764596504625,-0.0029324364024683656,3.48298751856405e-06,0.9999957003930638,70.81859340256358,-1.519037275919936,-1355.592929446915,72.78712879836087,-89.95626831054688,4597.978515625,True
1598628846.120447,0,5,0.5,0.5,-0.0066045257568359385,-0.14,-0.011,-0.56,5.7611409109866536e-05,10,1,100,0.03221295232916075,-10,-1,-100,6354.274870784953,-0.002932021700103131,3.656490021734451e-06,0.9999957016084519,70.81137804576278,-1.5185217857228004,-1355.1317052850009,72.78798143793567,-89.95626831054688,4597.34912109375,True
1598628846.1702523,0,5,0.5,0.5,-0.006604324340820314,-0.14,-0.011,-0.56,3.1490027143818685e-05,10,1,100,0.03220498397673802,-10,-1,-100,6357.173770291149,-0.002931575906990926,3.5767588264534927e-06,0.9999957029157216,70.80411434138529,-1.5180054297392576,-1354.669951132843,72.78883479291834,-89.95626831054688,4596.7197265625,True
1598628846.2189848,0,5,0.5,0.5,-0.006582794189453125,-0.14,-0.011,-0.56,2.5724313557111055e-05,10,1,100,0.03222498520863039,-10,-1,-100,6360.0892717167735,-0.00293135594799105,3.4520851809824743e-06,0.9999957035609649,70.7968197050713,-1.517488311335952,-1354.2080346201699,72.78968932890844,-89.956298828125,4596.09130859375,True
1598628846.2691553,0,5,0.5,0.5,-0.006578320312500001,-0.14,-0.011,-0.56,3.01949697814737e-05,10,1,100,0.03220437702828854,-10,-1,-100,6362.989148008404,-0.0029309720886076607,3.3796330679996602e-06,0.999995704686372,70.78953489931267,-1.5169715757995081,-1353.7466838903251,72.7905445274273,-89.95632934570312,4595.46240234375,True
1598628846.3183603,0,5,0.5,0.5,-0.0065952087402343755,-0.14,-0.011,-0.56,2.860652501896815e-05,10,1,100,0.03221474798258806,-10,-1,-100,6365.930527948542,-0.002930720978670398,3.2997484604197014e-06,0.9999957054226066,70.78219885191137,-1.5164551938072997,-1353.2847638936848,72.79140013019467,-89.95632934570312,4594.833984375,True
1598628846.3674493,0,5,0.5,0.5,-0.006573678588867188,-0.14,-0.011,-0.56,5.398110669411483e-05,10,1,100,0.03218264035115863,-10,-1,-100,6368.828450860805,-0.0029302041864366804,3.4582457960861495e-06,0.9999957069365181,70.7749046279093,-1.5159396008285144,-1352.8240502287092,72.79225573974423,-89.95635986328125,4594.205078125,True
1598628846.4228015,0,5,0.5,0.5,-0.006569204711914064,-0.14,-0.011,-0.56,2.1934057150128946e-05,10,1,100,0.032177090878965496,-10,-1,-100,6371.743463788065,-0.002929687331420079,3.3112697513373334e-06,0.9999957084513792,70.76751491174849,-1.515422630853326,-1352.3619080606047,72.7931122959106,-89.95639038085938,4593.5771484375,True
1598628846.465136,0,5,0.5,0.5,-0.006586093139648438,-0.14,-0.011,-0.56,4.3365720147751994e-05,10,1,100,0.03218954183478988,-10,-1,-100,6374.64285138878,-0.0029293342553519007,3.372842012550917e-06,0.999995709485518,70.7602335725002,-1.5149077483705402,-1351.9022474522965,72.79396922557189,-89.95639038085938,4592.94873046875,True
1598628846.5132837,0,5,0.5,0.5,-0.006585891723632813,-0.14,-0.011,-0.56,1.8569587417703995e-05,10,1,100,0.0321934033656744,-10,-1,-100,6377.5583528669085,-0.0029290518712836167,3.203636121241404e-06,0.9999957103132354,70.7527859602154,-1.5143898846400319,-1351.440409391472,72.7948615272309,-89.95639038085938,4592.3203125,True
1598628846.5633695,0,5,0.5,0.5,-0.006564361572265625,-0.14,-0.011,-0.56,3.403875469356403e-05,10,1,100,0.032188000907784946,-10,-1,-100,6380.484107445693,-0.002928749563356493,3.1907545194724317e-06,0.9999957111987101,70.74542872117637,-1.5138741507374904,-1350.9800496749174,72.79571829830698,-89.9564208984375,4591.6923828125,True
1598628846.6110451,0,5,0.5,0.5,-0.006559921264648438,-0.14,-0.011,-0.56,6.0131016991273796e-05,10,1,100,0.032145144851900176,-10,-1,-100,6383.383007531287,-0.0029280884891320753,3.4165120232971742e-06,0.999995713133875,70.7380600640319,-1.5133581697670213,-1350.5198608925791,72.79657365180299,-89.95645141601562,4591.064453125,True
1598628846.6580548,0,5,0.5,0.5,-0.006576809692382814,-0.14,-0.011,-0.56,2.2178002790397928e-05,10,1,100,0.03218660274526971,-10,-1,-100,6386.298508352833,-0.002927867978150483,3.2769368776739208e-06,0.9999957137799961,70.73060242944078,-1.5128411712957914,-1350.0583917656497,72.79742961365852,-89.95645141601562,4590.4365234375,True
1598628846.714905,0,5,0.5,0.5,-0.006555245971679688,-0.14,-0.011,-0.56,1.2562080492525649e-05,10,1,100,0.03215138853559742,-10,-1,-100,6389.196919659502,-0.0029273507552873244,3.06290547162556e-06,0.9999957152949078,70.72320172038414,-1.5123254149098775,-1349.5984047268378,72.79828675194551,-89.95648193359375,4589.80908203125,True
1598628846.7636786,0,5,0.5,0.5,-0.006550772094726563,-0.14,-0.011,-0.56,1.6950769608056048e-05,10,1,100,0.03215700518900815,-10,-1,-100,6392.11242065893,-0.002926935254254281,2.9085824396403784e-06,0.9999957165116046,70.71571741810321,-1.5118075760099003,-1349.1371927312946,72.79914268861721,-89.95651245117188,4589.181640625,True
1598628846.8097034,0,5,0.5,0.5,-0.0065676605224609386,-0.14,-0.011,-0.56,6.370692019251321e-05,10,1,100,0.03213223277539409,-10,-1,-100,6395.010832208442,-0.002926335992131708,3.1937729164474234e-06,0.9999957182645639,70.70827049285482,-1.5112903626733296,-1348.6770842512162,72.79999861203355,-89.95651245117188,4588.5537109375,True
1598628846.8580375,0,5,0.5,0.5,-0.006567459106445313,-0.14,-0.011,-0.56,4.25402742246942e-06,10,1,100,0.03214381690489352,-10,-1,-100,6397.952700374997,-0.0029259005050034895,2.9126524843115862e-06,0.9999957195397146,70.70078279439566,-1.510772622460945,-1348.2165926478913,72.80085475550786,-89.95651245117188,4587.9267578125,True
1598628846.9060462,0,5,0.5,0.5,-0.006567291259765626,-0.14,-0.011,-0.56,5.6306662335051455e-05,10,1,100,0.032159232509484575,-10,-1,-100,6400.852088190964,-0.0029256486619117852,3.130790220949548e-06,0.9999957202758947,70.69325455334902,-1.5102546374650494,-1347.755708933196,72.80171040203892,-89.95651245117188,4587.29931640625,True
1598628846.95397,0,5,0.5,0.5,-0.006545794677734375,-0.14,-0.011,-0.56,7.64939833680571e-06,10,1,100,0.03213609596961524,-10,-1,-100,6403.767589357332,-0.002925213052983704,2.8869225629367225e-06,0.9999957215509777,70.68576098630486,-1.5097374605099387,-1347.2959031979885,72.80256692719416,-89.95654296875,4586.671875,True
1598628847.0022657,0,5,0.5,0.5,-0.006541354370117188,-0.14,-0.011,-0.56,3.0579992807782525e-05,10,1,100,0.0321425172932341,-10,-1,-100,6406.666489142575,-0.0029248791670841365,2.8741263867063195e-06,0.9999957225276501,70.67820255603448,-1.5092192982777193,-1346.8352432944243,72.80342352082073,-89.95657348632812,4586.044921875,True
1598628847.049283,0,5,0.5,0.5,-0.006558242797851563,-0.14,-0.011,-0.56,6.6346214636084166e-06,10,1,100,0.03212196017090264,-10,-1,-100,6409.581501634093,-0.002924392544885334,2.6451078594903115e-06,0.9999957239514811,70.67063877963407,-1.5087008122114085,-1346.3748781087413,72.8042807663061,-89.95657348632812,4585.41796875,True
1598628847.0992286,0,5,0.5,0.5,-0.006536712646484376,-0.14,-0.011,-0.56,3.956334674003459e-05,10,1,100,0.03213563086994699,-10,-1,-100,6412.479912863229,-0.002924078401076345,2.736757288770526e-06,0.9999957248698689,70.66303609050337,-1.5081811387684556,-1345.9141664086135,72.80513759478934,-89.95660400390625,4584.791015625,True
1598628847.1479554,0,5,0.5,0.5,-0.006532272338867188,-0.14,-0.011,-0.56,9.25705668005924e-06,10,1,100,0.03212088545522751,-10,-1,-100,6415.404203422018,-0.0029236624121053195,2.545181182784151e-06,0.9999957260866779,70.65546606276139,-1.5076627734576842,-1345.4544729321003,72.80599535022488,-89.95663452148438,4584.16455078125,True
1598628847.1944125,0,5,0.5,0.5,-0.0065491607666015635,-0.14,-0.011,-0.56,4.739812270648212e-05,10,1,100,0.03208830820571419,-10,-1,-100,6418.32068078802,-0.00292299190674158,2.7184232827593723e-06,0.9999957280463369,70.64782400364301,-1.5071433408761006,-1344.9938085986419,72.80685398181566,-89.95663452148438,4583.5380859375,True
1598628847.2430036,0,5,0.5,0.5,-0.006527630615234375,-0.14,-0.011,-0.56,4.05442291511484e-06,10,1,100,0.03211474868364534,-10,-1,-100,6421.220068712719,-0.002922626686981687,2.4821956320779312e-06,0.9999957291144236,70.64024493842943,-1.5066258842124671,-1344.5347095882332,72.80771167238792,-89.9566650390625,4582.91162109375,True
1598628847.2910285,0,5,0.5,0.5,-0.006544552612304688,-0.14,-0.011,-0.56,4.261993137481876e-05,10,1,100,0.03209045193994875,-10,-1,-100,6424.136058085598,-0.002922077706409336,2.6184263781898954e-06,0.9999957307183973,70.63256223978095,-1.5061071614715695,-1344.0740368472877,72.80856982202917,-89.9566650390625,4582.28515625,True
1598628847.3385162,0,5,0.5,0.5,-0.006523022460937501,-0.14,-0.011,-0.56,2.014822017859548e-05,10,1,100,0.032126172138951414,-10,-1,-100,6427.033981317771,-0.002921907233412425,2.5385072697244308e-06,0.9999957312167264,70.62490159500385,-1.5055889970505545,-1343.6141803144417,72.80942781574137,-89.95669555664062,4581.65869140625,True
1598628847.3840542,0,5,0.5,0.5,-0.006539910888671876,-0.14,-0.011,-0.56,2.9238096551963412e-06,10,1,100,0.03207682056300501,-10,-1,-100,6429.949482069933,-0.0029213072375171667,2.309608116556368e-06,0.9999957329702411,70.61721208573674,-1.5050704990048829,-1343.1541360848678,72.81028530211252,-89.95669555664062,4581.03271484375,True
1598628847.433266,0,5,0.5,0.5,-0.00651834716796875,-0.14,-0.011,-0.56,2.104402592342765e-05,10,1,100,0.03212321872049598,-10,-1,-100,6432.874749154318,-0.0029211875348844813,2.2669937453005897e-06,0.999995733320021,70.60959211321573,-1.504553050259879,-1342.6958144027801,72.8111429799814,-89.95672607421875,4580.40673828125,True
1598628847.4811282,0,5,0.5,0.5,-0.006535235595703125,-0.14,-0.011,-0.56,3.859715508998916e-05,10,1,100,0.03205634950813748,-10,-1,-100,6435.790738232667,-0.0029204744719406894,2.3883908809619285e-06,0.9999957354024838,70.60184270257618,-1.504033916812118,-1342.2353959520863,72.8119999148924,-89.95672607421875,4579.78076171875,True
1598628847.5303044,0,5,0.5,0.5,-0.006513705444335938,-0.14,-0.011,-0.56,1.5963482046310416e-05,10,1,100,0.03210625162646423,-10,-1,-100,6438.689637804055,-0.002920283892790343,2.2934328270803793e-06,0.9999957359592718,70.59408490667396,-1.5035146882020962,-1341.7751591793851,72.81285463909605,-89.95675659179688,4579.1552734375,True
1598628847.5773418,0,5,0.5,0.5,-0.0065092315673828125,-0.14,-0.011,-0.56,2.399365148602092e-05,10,1,100,0.03206569877161427,-10,-1,-100,6441.604650774738,-0.002919745711838751,2.280428568487621e-06,0.9999957375308045,70.58635035251926,-1.5029959114516387,-1341.3157587513988,72.8137095940683,-89.956787109375,4578.529296875,True
1598628847.6252549,0,5,0.5,0.5,-0.006547482299804688,-0.14,-0.011,-0.56,2.9604075018394e-05,10,1,100,0.03205742080346798,-10,-1,-100,6444.503550282214,-0.0029191851409807357,2.320025209806944e-06,0.9999957391672879,70.57860370416698,-1.5024779547318268,-1340.8565352359842,72.81456464433725,-89.95675659179688,4577.90380859375,True
1598628847.6740928,0,5,0.5,0.5,-0.006508895874023438,-0.14,-0.011,-0.56,-4.2174014663550295e-05,10,1,100,0.03208521998784151,-10,-1,-100,6447.444929905003,-0.0029189323212142305,1.7036987556913594e-06,0.9999957399065266,70.57079723050742,-1.501958069540998,-1340.3965792629958,72.81542083573561,-89.956787109375,4577.2783203125,True
1598628847.7216983,0,5,0.5,0.5,-0.006525817871093751,-0.14,-0.011,-0.56,6.876813519406661e-05,10,1,100,0.032078866702744416,-10,-1,-100,6450.344806302106,-0.0029186484184579135,2.1528894547710438e-06,0.9999957407343165,70.56305013484692,-1.501439634891566,-1339.9381316981678,72.81627824445371,-89.956787109375,4576.6533203125,True
1598628847.7724962,0,5,0.5,0.5,-0.006504321289062501,-0.14,-0.011,-0.56,-2.197503792626336e-06,10,1,100,0.032038621349746034,-10,-1,-100,6453.25933070702,-0.002918028074805389,1.9164018323983726e-06,0.999995742545178,70.5552053784845,-1.5009183583820884,-1339.4782094317068,72.81713514819388,-89.95681762695312,4576.02783203125,True
1598628847.8200004,0,5,0.5,0.5,-0.006521243286132813,-0.14,-0.011,-0.56,1.3420652593645698e-05,10,1,100,0.03205439863896202,-10,-1,-100,6456.1592070789775,-0.0029176112374156063,1.8440345287945914e-06,0.9999957437615756,70.54732842415099,-1.5003974277730143,-1339.0180407206262,72.81799214032763,-89.95681762695312,4575.40234375,True
1598628847.8712883,0,5,0.5,0.5,-0.0064997467041015625,-0.14,-0.011,-0.56,2.3262972773070512e-05,10,1,100,0.0320566202197744,-10,-1,-100,6459.073243021034,-0.0029172563959740955,1.868353047823134e-06,0.9999957447967613,70.53950739994299,-1.4998776715823219,-1338.5592826357167,72.81884788294477,-89.95684814453125,4574.77783203125,True
1598628847.9184227,0,5,0.5,0.5,-0.006495306396484376,-0.14,-0.011,-0.56,2.4289035174090458e-05,10,1,100,0.032034637778491415,-10,-1,-100,6461.972142490093,-0.0029167376550533705,1.9001897733753841e-06,0.9999957463098735,70.53165110975725,-1.4993569439769037,-1338.1002363260245,72.81970268670958,-89.95687866210938,4574.15283203125,True
1598628847.9672484,0,5,0.5,0.5,-0.0064908660888671876,-0.14,-0.011,-0.56,1.0655300607350028e-05,10,1,100,0.03204579290061354,-10,-1,-100,6464.914499538485,-0.002916371527944577,1.8055226677906306e-06,0.9999957473778832,70.52377583891767,-1.4988360182704958,-1337.6412003494374,72.82055826201801,-89.9569091796875,4573.52783203125,True
1598628848.0160956,0,5,0.5,0.5,-0.006486392211914063,-0.14,-0.011,-0.56,-1.493852965596523e-05,10,1,100,0.03202710534817853,-10,-1,-100,6467.8138869924005,-0.0029158725282271702,1.487320358695417e-06,0.9999957488335574,70.5158141575328,-1.4983153562718559,-1337.1809234742987,72.82141394212292,-89.95693969726562,4572.9033203125,True
1598628848.0695548,0,5,0.5,0.5,-0.0065032806396484386,-0.14,-0.011,-0.56,5.471531573417414e-05,10,1,100,0.03202289603162866,-10,-1,-100,6470.728411463555,-0.002915384635937768,1.8319951380359309e-06,0.999995750255504,70.50793243861477,-1.4977956955409815,-1336.7225365295512,72.82226872346324,-89.95693969726562,4572.27880859375,True
1598628848.1200178,0,5,0.5,0.5,-0.00648175048828125,-0.14,-0.011,-0.56,-1.3998577014559452e-05,10,1,100,0.03202317207128507,-10,-1,-100,6473.62731084507,-0.0029149475715587346,1.5210717610210486e-06,0.999995751530146,70.50003076235052,-1.4972763473327744,-1336.2641352004325,72.82312239375361,-89.95697021484375,4571.654296875,True
1598628848.1700766,0,5,0.5,0.5,-0.006498605346679688,-0.14,-0.011,-0.56,2.9561390961755378e-05,10,1,100,0.032013730104807854,-10,-1,-100,6476.543300284538,-0.002914468256582022,1.6351401757456414e-06,0.999995752927035,70.49209324575308,-1.496756059255681,-1335.8054354636818,72.82397505949085,-89.95697021484375,4571.0302734375,True
1598628848.2180586,0,5,0.5,0.5,-0.006477041625976563,-0.14,-0.011,-0.56,2.573238207813947e-05,10,1,100,0.03200192895455605,-10,-1,-100,6479.468566679279,-0.002913929290750569,1.7040918888987135e-06,0.99999575449758,70.48409385823453,-1.4962355375463747,-1335.345974877638,72.82482834609053,-89.95700073242188,4570.40576171875,True
1598628848.2670105,0,5,0.5,0.5,-0.006493896484375001,-0.14,-0.011,-0.56,1.0002913205919558e-05,10,1,100,0.032012854888718384,-10,-1,-100,6482.384068053332,-0.002913542938603185,1.6241880907139366e-06,0.9999957556234462,70.47614107268166,-1.4957148631247132,-1334.8877989351222,72.8256825554249,-89.95700073242188,4569.78173828125,True
1598628848.3134108,0,5,0.5,0.5,-0.006472332763671875,-0.14,-0.011,-0.56,1.2460345438002993e-05,10,1,100,0.03199051394955181,-10,-1,-100,6485.282479251269,-0.002912992687327869,1.5741542160573382e-06,0.9999957572265622,70.46815391777903,-1.4951940397322099,-1334.4293265277627,72.82653713000047,-89.95703125,4569.158203125,True
1598628848.3632917,0,5,0.5,0.5,-0.006489187622070312,-0.14,-0.011,-0.56,-1.1839746068646354e-05,10,1,100,0.03201717438616787,-10,-1,-100,6488.19749192067,-0.0029127390251832623,1.3080042984115614e-06,0.9999957579658327,70.46013470906453,-1.4946726683129752,-1333.9706226978528,72.82739105803422,-89.95703125,4568.5341796875,True
1598628848.4110947,0,5,0.5,0.5,-0.006488986206054688,-0.14,-0.011,-0.56,4.443580578433668e-05,10,1,100,0.03197376509205655,-10,-1,-100,6491.096391468425,-0.002912117899987872,1.5781551617147114e-06,0.9999957597744333,70.4520768951151,-1.4941504862650927,-1333.511564896072,72.82824539178665,-89.95703125,4567.91015625,True
1598628848.4600759,0,5,0.5,0.5,-0.0064674560546875,-0.14,-0.011,-0.56,-1.679219490661585e-05,10,1,100,0.03199507534393538,-10,-1,-100,6494.012380874134,-0.0029117511700592026,1.267421426264971e-06,0.9999957608427733,70.44403469339952,-1.4936291838929172,-1333.0531665046046,72.82909945385859,-89.95706176757812,4567.28662109375,True
1598628848.5110793,0,5,0.5,0.5,-0.006484378051757813,-0.14,-0.011,-0.56,5.543299192537298e-05,10,1,100,0.031965134412546545,-10,-1,-100,6496.938624203205,-0.002911149789254955,1.6420180027301286e-06,0.9999957625931263,70.43594692968848,-1.4931080731455364,-1332.5942734190953,72.8299522187516,-89.95706176757812,4566.6630859375,True
1598628848.5650887,0,5,0.5,0.5,-0.006462881469726563,-0.14,-0.011,-0.56,-2.52108177568427e-05,10,1,100,0.03199345780779003,-10,-1,-100,6499.85266003455,-0.0029108648582432816,1.2492941681837342e-06,0.9999957634231338,70.42786087876998,-1.4925863392729608,-1332.1357960998876,72.83080447291454,-89.95709228515625,4566.03955078125,True
1598628848.6070218,0,5,0.5,0.5,-0.006479803466796876,-0.14,-0.011,-0.56,5.208152739539263e-06,10,1,100,0.031973355903229986,-10,-1,-100,6502.75107112457,-0.002910427194352755,1.16933832399035e-06,0.9999957646971205,70.41974927720582,-1.4920640194791503,-1331.677186334013,72.83165585713954,-89.95709228515625,4565.416015625,True
1598628848.9881892,0,5,0.5,0.5,-0.006458306884765626,-0.14,-0.011,-0.56,4.3196479127340475e-05,10,1,100,0.03200270007969212,-10,-1,-100,6504.213949362864,-0.0029103001927630284,1.442319372282767e-06,0.9999957650663865,70.4156145459064,-1.491800898691241,-1331.4466558112508,72.83209022792408,-89.95712280273438,4565.1044921875,True
1598628849.0284653,0,5,0.5,0.5,-0.006475228881835938,-0.14,-0.011,-0.56,-5.499945326397969e-06,10,1,100,0.03192022365188596,-10,-1,-100,6508.565471858135,-0.0029094387402139655,1.2479644855177628e-06,0.999995767573373,70.40354427702493,-1.491019829561732,-1330.761963600363,72.83339269614075,-89.95712280273438,4564.169921875,True
1598628849.070446,0,5,0.5,0.5,-0.006453732299804688,-0.14,-0.011,-0.56,3.463373218225514e-06,10,1,100,0.031977964324706974,-10,-1,-100,6511.50734005007,-0.0029091845990591326,1.153177600140137e-06,0.9999957683128657,70.39535923462286,-1.4904967569732281,-1330.3033685501296,72.83426112739691,-89.9571533203125,4563.546875,True
1598628849.142353,0,5,0.5,0.5,-0.006449291992187501,-0.14,-0.011,-0.56,-5.729219237664383e-06,10,1,100,0.03196037121782827,-10,-1,-100,6514.406239315984,-0.0029087975864372454,9.838668733710907e-07,0.9999957694388678,70.38723340638019,-1.4899750850125941,-1329.8462403094745,72.83512836580374,-89.95718383789062,4562.923828125,True
1598628849.2144315,0,5,0.5,0.5,-0.006466213989257813,-0.14,-0.011,-0.56,3.1045533001833396e-05,10,1,100,0.03193805294629081,-10,-1,-100,6517.320763959899,-0.0029082466771314535,1.164800585160743e-06,0.9999957710410119,70.37906571802908,-1.4894528667532194,-1329.3883660138413,72.83597552214634,-89.95718383789062,4562.30126953125,True
1598628849.2622075,0,5,0.5,0.5,-0.0064446838378906255,-0.14,-0.011,-0.56,1.233260418516011e-05,10,1,100,0.03193891403192926,-10,-1,-100,6520.220640008687,-0.0029077577624938575,1.1592984281936252e-06,0.9999957724627894,70.37083134874715,-1.488930340981055,-1328.929576325258,72.83682149397153,-89.95721435546875,4561.6787109375,True
1598628849.308072,0,5,0.5,0.5,-0.0064402099609375,-0.14,-0.011,-0.56,5.700068937063969e-06,10,1,100,0.03194136540921528,-10,-1,-100,6523.135164675536,-0.0029073395436509104,1.0943814711803906e-06,0.9999957736788593,70.36260198349524,-1.4884087546821614,-1328.471252427611,72.83766770501231,-89.95724487304688,4561.05615234375,True
1598628849.3523188,0,5,0.5,0.5,-0.006435736083984376,-0.14,-0.011,-0.56,4.764340924986379e-05,10,1,100,0.031954757984117343,-10,-1,-100,6526.034552184166,-0.0029070851059531666,1.4168264585166162e-06,0.9999957744181619,70.35437046600833,-1.4878863840618666,-1328.013280251744,72.8385140531245,-89.957275390625,4560.43359375,True
1598628849.4000742,0,5,0.5,0.5,-0.0064525909423828135,-0.14,-0.011,-0.56,-1.5235887498120004e-05,10,1,100,0.031947776208972045,-10,-1,-100,6527.513055503252,-0.0029067940234387166,1.1385330143353445e-06,0.9999957752646803,70.3501481973094,-1.487623300488701,-1327.7825652343129,72.83894560817215,-89.957275390625,4560.12255859375,True
1598628849.446039,0,5,0.5,0.5,-0.006431027221679688,-0.14,-0.011,-0.56,-7.992258879923389e-06,10,1,100,0.03187945371326398,-10,-1,-100,6531.875319861923,-0.002905911990132602,9.514908353849288e-07,0.9999957778283868,70.33777657168903,-1.4868402618225758,-1327.0959310350054,72.84020626660316,-89.95730590820312,4559.18896484375,True
1598628849.4964213,0,5,0.5,0.5,-0.006447882080078125,-0.14,-0.011,-0.56,2.894830683502199e-05,10,1,100,0.03193919758094313,-10,-1,-100,6534.79082105821,-0.0029056573724734174,1.1174738587373322e-06,0.9999957785680822,70.32948354464855,-1.4863182864976354,-1326.638202947142,72.84107052792527,-89.95730590820312,4558.56689453125,True
1598628849.5420833,0,5,0.5,0.5,-0.0064263183593750006,-0.14,-0.011,-0.56,-3.0152519083102353e-06,10,1,100,0.0319091469934943,-10,-1,-100,6537.6902087004855,-0.002905156935461251,9.780850236760835e-07,0.9999957800222078,70.32124707605,-1.4857973402324078,-1326.1819002215257,72.84193447348147,-89.95733642578125,4557.94482421875,True
1598628849.5845158,0,5,0.5,0.5,-0.006421810913085938,-0.14,-0.011,-0.56,-1.1673171752607879e-06,10,1,100,0.03190712094403367,-10,-1,-100,6540.6047330568545,-0.0029046874666412326,8.684126525225266e-07,0.9999957813860851,70.31289387058023,-1.4852749503900544,-1325.7240758034452,72.84281658581814,-89.95736694335938,4557.3232421875,True
1598628849.6310532,0,5,0.5,0.5,-0.006438665771484375,-0.14,-0.011,-0.56,-9.672304121840041e-06,10,1,100,0.03191098110690046,-10,-1,-100,6543.545136318426,-0.0029042998574967485,6.916513110027705e-07,0.9999957825120359,70.30453916039232,-1.484753269738898,-1325.2665588974708,72.84369725169184,-89.95736694335938,4556.701171875,True
1598628849.6784916,0,5,0.5,0.5,-0.0064384643554687504,-0.14,-0.011,-0.56,2.542633834743813e-05,10,1,100,0.03190883392364153,-10,-1,-100,6546.444524020888,-0.0029039320545439003,8.503034007622195e-07,0.9999957835800607,70.29625407296459,-1.484232927881104,-1324.8100706089458,72.84453938277491,-89.95736694335938,4556.080078125,True
1598628849.7250304,0,5,0.5,0.5,-0.006416900634765626,-0.14,-0.011,-0.56,1.2202685712612913e-05,10,1,100,0.03189133659774942,-10,-1,-100,6549.361001578858,-0.0029034425440082807,8.746034558491244e-07,0.9999957850014314,70.28788471241184,-1.483712409225685,-1324.3523192733103,72.84538018986675,-89.9573974609375,4555.4580078125,True
1598628849.7710598,0,5,0.5,0.5,-0.0064337890625000005,-0.14,-0.011,-0.56,-1.0511386904053327e-05,10,1,100,0.03191740683173448,-10,-1,-100,6552.260389320669,-0.0029032384594834776,6.904616593878398e-07,0.9999957855941048,70.27947425424348,-1.4831900500853954,-1323.8941475177073,72.84621908353226,-89.9573974609375,4554.8369140625,True
1598628849.816462,0,5,0.5,0.5,-0.006412258911132813,-0.14,-0.011,-0.56,2.3652130085972955e-05,10,1,100,0.031874534869311966,-10,-1,-100,6555.174913642695,-0.002902666911242695,8.340046532521769e-07,0.9999957872531798,70.27106807705198,-1.4826686484074556,-1323.436395357132,72.84705714411615,-89.95742797851562,4554.2158203125,True
1598628849.8661876,0,5,0.5,0.5,-0.006429180908203125,-0.14,-0.011,-0.56,-2.0018074246671782e-05,10,1,100,0.031896361268870244,-10,-1,-100,6558.101156970719,-0.0029023497602877046,5.680262644732261e-07,0.9999957881739034,70.2626405015078,-1.482145649612813,-1322.9786118624777,72.8478963686753,-89.95742797851562,4553.59423828125,True
1598628849.9130287,0,5,0.5,0.5,-0.006429013061523438,-0.14,-0.011,-0.56,1.5765382205597106e-05,10,1,100,0.03186133550495139,-10,-1,-100,6561.01568138774,-0.0029017470654413157,6.520505212855899e-07,0.999995789922909,70.25418036910041,-1.4816231283629404,-1322.520604664156,72.8487367897669,-89.95742797851562,4552.97314453125,True
1598628849.961438,0,5,0.5,0.5,-0.006428878784179688,-0.14,-0.011,-0.56,1.0820128870490442e-05,10,1,100,0.03189994115615472,-10,-1,-100,6563.914580752258,-0.0029015539077961662,6.837515792632231e-07,0.9999957904833662,70.24570823084807,-1.481101251978209,-1322.0627279954883,72.84957761003703,-89.95742797851562,4552.35205078125,True
1598628850.0090797,0,5,0.5,0.5,-0.006407382202148438,-0.14,-0.011,-0.56,2.3392657730201086e-05,10,1,100,0.03186496131398414,-10,-1,-100,6566.829105266719,-0.0029010640417941862,8.272607327670538e-07,0.9999957919045165,70.23719141076936,-1.4805782859859646,-1321.6043552927565,72.85041775613115,-89.95745849609375,4551.7314453125,True
1598628850.056294,0,5,0.5,0.5,-0.006424337768554688,-0.14,-0.011,-0.56,-3.0879561281571094e-05,10,1,100,0.031884223962295295,-10,-1,-100,6569.728981176857,-0.002900797544862185,4.644769033825247e-07,0.9999957926778431,70.22871137474817,-1.4800571285853652,-1321.1470562354052,72.85125744052381,-89.95745849609375,4551.11083984375,True
1598628850.1071632,0,5,0.5,0.5,-0.006424237060546876,-0.14,-0.011,-0.56,2.1153873638083567e-05,10,1,100,0.03185317330844545,-10,-1,-100,6572.6708492256,-0.002900276532545166,6.080718629835769e-07,0.9999957941889881,70.22022691363186,-1.4795365615848375,-1320.6900380896197,72.85209704980964,-89.95745849609375,4550.490234375,True
1598628850.1550813,0,5,0.5,0.5,-0.006402774047851563,-0.14,-0.011,-0.56,8.669510069187142e-06,10,1,100,0.03181710783684386,-10,-1,-100,6575.587326869951,-0.002899478674628727,6.251945024018562e-07,0.9999957965026777,70.21173333663015,-1.479015962972812,-1320.2331932569987,72.85293606526108,-89.95748901367188,4549.86962890625,True
1598628850.2034335,0,5,0.5,0.5,-0.006398367309570313,-0.14,-0.011,-0.56,2.2130583658580635e-06,10,1,100,0.03188759250575677,-10,-1,-100,6578.488179529202,-0.0028993981674947317,5.822701672049006e-07,0.9999957967361298,70.20316873941144,-1.4784946367970977,-1319.775362523139,72.85377517942828,-89.95751953125,4549.2490234375,True
1598628850.2511358,0,5,0.5,0.5,-0.006393960571289063,-0.14,-0.011,-0.56,1.1636272018392798e-05,10,1,100,0.0318310818068856,-10,-1,-100,6581.404168945155,-0.0028988149222709193,6.291793804931151e-07,0.9999957984269987,70.1945862839666,-1.4779726957856503,-1319.3175788229503,72.85461594366554,-89.95755004882812,4548.62890625,True
1598628850.3011076,0,5,0.5,0.5,-0.006410882568359375,-0.14,-0.011,-0.56,-2.8074225588163176e-05,10,1,100,0.031860844785135276,-10,-1,-100,6584.304532724433,-0.0028985592932671894,3.108753073127055e-07,0.9999957991681399,70.18598614405634,-1.4774509207356572,-1318.8598215696895,72.85545728927819,-89.95755004882812,4548.0087890625,True
1598628850.351161,0,5,0.5,0.5,-0.006389385986328126,-0.14,-0.011,-0.56,1.7865906048700557e-05,10,1,100,0.031834251151147124,-10,-1,-100,6587.220033816411,-0.002898088877152975,4.396211005255848e-07,0.9999958005315156,70.17741450086534,-1.4769303086105485,-1318.4029691513883,72.85629827465583,-89.95758056640625,4547.388671875,True
1598628850.3991284,0,5,0.5,0.5,-0.006406307983398438,-0.14,-0.011,-0.56,-1.9373201107677737e-05,10,1,100,0.03183471229303416,-10,-1,-100,6590.146765344776,-0.002897669291869148,2.182421249010794e-07,0.9999958017475011,70.16880654931533,-1.4764102351628585,-1317.9457732860114,72.85713939821194,-89.95758056640625,4546.76904296875,True
1598628850.4471385,0,5,0.5,0.5,-0.00638477783203125,-0.14,-0.011,-0.56,3.325771493938685e-05,10,1,100,0.03184593963014425,-10,-1,-100,6593.062266138615,-0.0028973936244699175,4.958457551215566e-07,0.9999958025461602,70.1601901935097,-1.4758895983773246,-1317.488794103886,72.85798042303135,-89.95761108398438,4546.14892578125,True
1598628850.4945047,0,5,0.5,0.5,-0.006401666259765625,-0.14,-0.011,-0.56,-8.541889541485329e-07,10,1,100,0.03181572687399914,-10,-1,-100,6595.963607233018,-0.0028968721383995943,4.382752979481612e-07,0.9999958040570078,70.15155104632807,-1.4753691931680593,-1317.0317216625588,72.85882084630072,-89.95761108398438,4545.529296875,True
1598628850.5504944,0,5,0.5,0.5,-0.006380136108398438,-0.14,-0.011,-0.56,6.741995737563767e-06,10,1,100,0.03181227143334744,-10,-1,-100,6598.8800846664235,-0.00289637045787828,4.5534836629229435e-07,0.999995805510185,70.14292218888292,-1.4748490210446168,-1316.5752228116562,72.85966174717511,-89.9576416015625,4544.90966796875,True
1598628850.640342,0,5,0.5,0.5,-0.006375662231445312,-0.14,-0.011,-0.56,-1.522010080255564e-05,10,1,100,0.0318158164292517,-10,-1,-100,6601.796073975624,-0.0028959506365371095,2.7122221309232103e-07,0.9999958067261268,70.13425551233625,-1.4743288002636588,-1316.118366607618,72.86050350195768,-89.95767211914062,4544.2900390625,True
1598628850.6812334,0,5,0.5,0.5,-0.00637115478515625,-0.14,-0.011,-0.56,1.7520007377315293e-05,10,1,100,0.031749419839733034,-10,-1,-100,6607.638794594444,-0.002894969308045883,4.017783751365276e-07,0.9999958095674921,70.11684816667861,-1.4732873725503761,-1315.2049547765155,72.86221999872245,-89.95770263671875,4543.05126953125,True
1598628850.7319145,0,5,0.5,0.5,-0.006366647338867187,-0.14,-0.011,-0.56,-3.300947949218078e-05,10,1,100,0.03178847776778579,-10,-1,-100,6610.539158708649,-0.00289443636273305,6.13099292060833e-08,0.9999958111102957,70.1082003139568,-1.4727698028067586,-1314.750724222727,72.86313022278975,-89.95773315429688,4542.43212890625,True
1598628850.7780933,0,5,0.5,0.5,-0.006383502197265625,-0.14,-0.011,-0.56,3.1534830161845225e-05,10,1,100,0.031798483172294244,-10,-1,-100,6613.455147822271,-0.0028940473359485167,3.390332117950055e-07,0.9999958122361825,70.09957618615141,-1.4722526286458852,-1314.2966648121228,72.86400384324305,-89.95773315429688,4541.81298828125,True
1598628850.8245354,0,5,0.5,0.5,-0.006340576171875,-0.14,-0.011,-0.56,-3.537405682581753e-05,10,1,100,0.03179970746578292,-10,-1,-100,6616.35551213962,-0.0028937091393454947,-1.648991649500092e-08,0.9999958132149437,70.09082279634059,-1.4717325359769204,-1313.8398903925324,72.86483901965038,-89.95779418945312,4541.1943359375,True
1598628850.87253,0,5,0.5,0.5,-0.0063744873046875,-0.14,-0.011,-0.56,3.153153146494037e-05,10,1,100,0.03176880094161573,-10,-1,-100,6619.29835695459,-0.00289312512871752,2.68837465178981e-07,0.999995814904701,70.08205908841259,-1.4712128562534237,-1313.3832152871832,72.86567149757457,-89.95779418945312,4540.5751953125,True
1598628850.9209986,0,5,0.5,0.5,-0.006352890014648438,-0.14,-0.011,-0.56,-1.4820923766964287e-05,10,1,100,0.031798502336880564,-10,-1,-100,6622.214834269136,-0.0028928687351476193,1.069952951701465e-07,0.9999958156464804,70.0732603494125,-1.470692926738002,-1312.9262375682247,72.86650341765352,-89.95782470703125,4539.95654296875,True
1598628850.9684882,0,5,0.5,0.5,-0.0063697113037109385,-0.14,-0.011,-0.56,6.495284705617576e-06,10,1,100,0.03178084270842283,-10,-1,-100,6625.114221892552,-0.0028924794721496587,1.5375089657625108e-07,0.99999581677249,70.06444577576725,-1.470172388725795,-1312.4693127515263,72.86733484964986,-89.95782470703125,4539.337890625,True
1598628851.0162268,0,5,0.5,0.5,-0.006369476318359376,-0.14,-0.011,-0.56,-2.9232809641337707e-06,10,1,100,0.03175965786926737,-10,-1,-100,6628.030699377647,-0.0028919374746612997,1.1094365981910236e-07,0.9999958183400719,70.05565565131955,-1.469653076987339,-1312.0132214037783,72.8681676649765,-89.95782470703125,4538.71923828125,True
1598628851.064096,0,5,0.5,0.5,-0.006369241333007813,-0.14,-0.011,-0.56,3.3513123689813995e-05,10,1,100,0.0317323028922793,-10,-1,-100,6630.931063709664,-0.002891200554120844,4.035656065649733e-07,0.9999958204708622,70.04682240697146,-1.4691327398906764,-1311.5566783049976,72.86900065844947,-89.95782470703125,4538.10107421875,True
1598628851.1130886,0,5,0.5,0.5,-0.006347677612304688,-0.14,-0.011,-0.56,-9.459079100736752e-06,10,1,100,0.031777248814107734,-10,-1,-100,6633.873908442329,-0.0028909439255586492,2.7897624438323763e-07,0.9999958212128396,70.03796404637608,-1.468613797642161,-1311.0999858687512,72.86983146350912,-89.95785522460938,4537.482421875,True
1598628851.1603332,0,5,0.5,0.5,-0.0063645660400390635,-0.14,-0.011,-0.56,-1.8894374007747873e-05,10,1,100,0.03174154391314222,-10,-1,-100,6636.789409237215,-0.0028903905884124026,7.993073048947598e-08,0.9999958228123956,70.02914164508888,-1.4680955742502435,-1310.6443584930325,72.87066286439908,-89.95785522460938,4536.8642578125,True
1598628851.2101276,0,5,0.5,0.5,-0.006364398193359376,-0.14,-0.011,-0.56,4.463483207521646e-05,10,1,100,0.031747970686801144,-10,-1,-100,6639.690261938493,-0.0028899501423305628,4.7681108919904763e-07,0.9999958240852544,70.0202620213656,-1.4675770308092397,-1310.1880471807406,72.87149672521514,-89.95785522460938,4536.24658203125,True
1598628851.2560668,0,5,0.5,0.5,-0.006342901611328125,-0.14,-0.011,-0.56,-1.364357454994795e-05,10,1,100,0.03172850161365846,-10,-1,-100,6642.607227359316,-0.002889376823609777,3.074299903789881e-07,0.9999958257420262,70.01135563142812,-1.4670579724838775,-1309.7316072431825,72.87233155695938,-89.9578857421875,4535.62841796875,True
1598628851.3054593,0,5,0.5,0.5,-0.006359823608398438,-0.14,-0.011,-0.56,-4.88988497925512e-05,10,1,100,0.03175247040321866,-10,-1,-100,6645.506615008926,-0.002889077768779918,-1.6702659873435374e-07,0.9999958266061005,70.00249516661644,-1.4665399309377631,-1309.276355712441,72.87316516407844,-89.9578857421875,4535.0107421875,True
1598628851.352966,0,5,0.5,0.5,-0.006338360595703126,-0.14,-0.011,-0.56,1.8421271860777693e-05,10,1,100,0.03173344430100454,-10,-1,-100,6648.44897148083,-0.0028886371465240684,1.3787186813088503e-08,0.9999958278790144,69.99355653782838,-1.4660209774365802,-1308.8200248500925,72.87399868079065,-89.95791625976562,4534.39306640625,True
1598628851.4088762,0,5,0.5,0.5,-0.006355316162109376,-0.14,-0.011,-0.56,1.2000562527164225e-05,10,1,100,0.03170837542117953,-10,-1,-100,6651.349335707608,-0.0028880127619132444,1.2002513453097346e-07,0.9999958296824405,69.98467189825026,-1.4655027420988387,-1308.3650597770504,72.8748334268021,-89.95791625976562,4533.775390625,True
1598628851.4500194,0,5,0.5,0.5,-0.006333853149414063,-0.14,-0.011,-0.56,-1.8873821007070133e-05,10,1,100,0.03173864106819104,-10,-1,-100,6654.265324887005,-0.0028877246963064495,-6.408297225431695e-08,0.9999958305143448,69.97564872010251,-1.4649824783356502,-1307.90782901818,72.87566739808126,-89.95794677734375,4533.15771484375,True
1598628851.4992142,0,5,0.5,0.5,-0.006350808715820313,-0.14,-0.011,-0.56,-1.3355169662829882e-05,10,1,100,0.03170264704231486,-10,-1,-100,6657.182290566969,-0.002887139922588528,-1.8108638995800545e-07,0.999995832202832,69.96673602381216,-1.4644656037795112,-1307.4530179133906,72.87650168736792,-89.95794677734375,4532.54052734375,True
1598628851.56645,0,5,0.5,0.5,-0.006329312133789063,-0.14,-0.011,-0.56,1.6536027471544664e-05,10,1,100,0.03170778026703958,-10,-1,-100,6660.081677957438,-0.0028866593372079813,-1.5449495694519908e-08,0.9999958335902558,69.95776039963384,-1.4639475758025549,-1306.997420367971,72.8773368862376,-89.95797729492188,4531.92333984375,True
1598628851.6190412,0,5,0.5,0.5,-0.006346234130859376,-0.14,-0.011,-0.56,1.0835091817161694e-05,10,1,100,0.03171125425293971,-10,-1,-100,6663.025011302787,-0.002886258151476497,8.368373414358493e-08,0.9999958347482634,69.94882129938745,-1.463429687664387,-1306.5428469969268,72.87817129831346,-89.95797729492188,4531.30615234375,True
1598628851.6744833,0,5,0.5,0.5,-0.006324737548828126,-0.14,-0.011,-0.56,-1.5246390184266596e-05,10,1,100,0.031686559893266464,-10,-1,-100,6665.924398738891,-0.0028856732027909204,-6.312199100726816e-08,0.9999958364364137,69.93974373122188,-1.462909837254532,-1306.0860360340641,72.87900559255267,-89.9580078125,4530.68896484375,True
1598628851.724395,0,5,0.5,0.5,-0.006341659545898438,-0.14,-0.011,-0.56,1.521529952304102e-05,10,1,100,0.03168705848012033,-10,-1,-100,6668.841852960177,-0.0028851502523987234,8.047275866884072e-08,0.9999958379453459,69.93077153068621,-1.462393072254868,-1305.63154986143,72.8798400200043,-89.9580078125,4530.072265625,True
1598628851.775028,0,5,0.5,0.5,-0.00632012939453125,-0.14,-0.011,-0.56,-3.0673330149440012e-06,10,1,100,0.0316847554804572,-10,-1,-100,6671.756865652977,-0.0028846582701269993,4.5167997420467e-08,0.9999958393646758,69.92170074223567,-1.4618745202011887,-1305.1755813851596,72.88067504794313,-89.95803833007812,4529.455078125,True
1598628851.8242145,0,5,0.5,0.5,-0.006315689086914063,-0.14,-0.011,-0.56,-7.529257239756248e-06,10,1,100,0.03168154244310709,-10,-1,-100,6674.657229401986,-0.002884186093679961,-2.7251767582749053e-08,0.9999958407266384,69.91266173323778,-1.4613574790781765,-1304.7205512270957,72.8815097007076,-89.95806884765625,4528.83837890625,True
1598628851.8740015,0,5,0.5,0.5,-0.006311215209960939,-0.14,-0.011,-0.56,-3.331546464115044e-06,10,1,100,0.031679738157847914,-10,-1,-100,6677.600562518812,-0.0028837448867485697,-5.505397856270872e-08,0.9999958419990682,69.90361929085412,-1.4608396569585325,-1304.2657927199489,72.88234313307193,-89.95809936523438,4528.2216796875,True
1598628851.926315,0,5,0.5,0.5,-0.006328103637695313,-0.14,-0.011,-0.56,8.177951853882577e-06,10,1,100,0.031687769346141176,-10,-1,-100,6679.037073590793,-0.002883421247849767,2.436566995128432e-08,0.9999958429323128,69.89902866683141,-1.4605794611684273,-1304.0374176119067,72.88276855579075,-89.95809936523438,4527.91357421875,True
1598628851.977081,0,5,0.5,0.5,-0.006306539916992188,-0.14,-0.011,-0.56,-2.1154395815440073e-05,10,1,100,0.031647950651880745,-10,-1,-100,6683.416427566321,-0.002882769216643091,-1.7000539251658275e-07,0.9999958448121745,69.88541953871879,-1.4598024390105795,-1303.3552536380294,72.88401131138522,-89.9581298828125,4526.9892578125,True
1598628852.0284429,0,5,0.5,0.5,-0.0063020660400390635,-0.14,-0.011,-0.56,-6.883136254274878e-07,10,1,100,0.03166410631728811,-10,-1,-100,6686.333881677594,-0.002882327835667692,-1.6055477265065452e-07,0.9999958460844834,69.87633744001016,-1.4592847157437245,-1302.9011401659168,72.88486315973809,-89.95816040039062,4526.373046875,True
1598628852.078334,0,5,0.5,0.5,-0.0062975585937500005,-0.14,-0.011,-0.56,-3.829563335922146e-05,10,1,100,0.03162998624593314,-10,-1,-100,6689.233757254668,-0.002881620772393121,-4.938666900045808e-07,0.9999958481221212,69.86728164948826,-1.4587675369335065,-1302.4478601048706,72.88571476008572,-89.95819091796875,4525.75634765625,True
1598628852.1309674,0,5,0.5,0.5,-0.006314413452148438,-0.14,-0.011,-0.56,9.986460651299876e-06,10,1,100,0.031665005487850034,-10,-1,-100,6692.176113773487,-0.0028813009248562236,-3.575144718722197e-07,0.9999958490438112,69.85809351552102,-1.4582484497429966,-1301.9921668175257,72.88654894862916,-89.95819091796875,4525.14013671875,True
1598628852.1806376,0,5,0.5,0.5,-0.006314178466796876,-0.14,-0.011,-0.56,-1.5762591903591898e-05,10,1,100,0.03163891225628552,-10,-1,-100,6695.092591080931,-0.0028807774497417488,-4.67239116609075e-07,0.9999958505519244,69.848971279944,-1.4577303677739446,-1301.5380157455768,72.88738030792337,-89.95819091796875,4524.5244140625,True
1598628852.2302306,0,5,0.5,0.5,-0.00631397705078125,-0.14,-0.011,-0.56,3.5850912998709672e-06,10,1,100,0.03164219278008575,-10,-1,-100,6697.991490539047,-0.002880335836902273,-3.907333853150976e-07,0.9999958518240533,69.83981084291602,-1.4572123092109175,-1301.0834901906803,72.88821153185768,-89.95819091796875,4523.90869140625,True
1598628852.2770493,0,5,0.5,0.5,-0.006292413330078126,-0.14,-0.011,-0.56,-4.0744577757464234e-05,10,1,100,0.03162704963655126,-10,-1,-100,6700.908456198522,-0.0028798010824847057,-7.237513427109073e-07,0.9999958533640035,69.83063224174904,-1.456694318087952,-1300.6289942740527,72.88904307819038,-89.95822143554688,4523.29248046875,True
1598628852.3264434,0,5,0.5,0.5,-0.006309301757812501,-0.14,-0.011,-0.56,1.973817567991794e-05,10,1,100,0.031611241940014884,-10,-1,-100,6703.809796775109,-0.0028791756513980795,-4.759527096944133e-07,0.9999958551650812,69.8214452319546,-1.456175123100992,-1300.1746747002194,72.88987373918984,-89.95822143554688,4522.67724609375,True
1598628852.3750684,0,5,0.5,0.5,-0.0062877716064453125,-0.14,-0.011,-0.56,-3.270161487901349e-05,10,1,100,0.03159082797574722,-10,-1,-100,6706.75215321267,-0.0028784260511371513,-7.269986839041485e-07,0.999995857322889,69.8122559974585,-1.4556554552871448,-1299.7207339069164,72.89070608206583,-89.958251953125,4522.0615234375,True
1598628852.4240139,0,5,0.5,0.5,-0.006283331298828126,-0.14,-0.011,-0.56,-1.2371032217055167e-05,10,1,100,0.03162006615393417,-10,-1,-100,6709.667654008139,-0.002878015233279472,-7.697879592539761e-07,0.9999958585052863,69.80300376515113,-1.4551350298201464,-1299.2659583649277,72.89153849861944,-89.95828247070312,4521.4462890625,True
1598628852.47599,0,5,0.5,0.5,-0.0063002197265625,-0.14,-0.011,-0.56,-9.586916952245856e-06,10,1,100,0.03160298692676571,-10,-1,-100,6712.567529774504,-0.0028774914113569323,-7.826552038653664e-07,0.9999958600127129,69.79377935394812,-1.4546162937287852,-1298.8120207943653,72.89236916875056,-89.95828247070312,4520.8310546875,True
1598628852.5254436,0,5,0.5,0.5,-0.006278689575195313,-0.14,-0.011,-0.56,-9.776853355931573e-06,10,1,100,0.031597214585642,-10,-1,-100,6715.484495600103,-0.002876967531785577,-7.955224391716379e-07,0.9999958615200306,69.78454535841762,-1.454097240415678,-1298.358255963945,72.89319967393011,-89.95831298828125,4520.2158203125,True
1598628852.5730226,0,5,0.5,0.5,-0.006295611572265625,-0.14,-0.011,-0.56,-3.698996856335216e-05,10,1,100,0.03159020545289678,-10,-1,-100,6718.400973009062,-0.002876432431244736,-1.0540346389115983e-06,0.9999958630591215,69.77520190451725,-1.4535764748457076,-1297.9028224678357,72.8940304556341,-89.95831298828125,4519.6005859375,True
1598628852.621199,0,5,0.5,0.5,-0.006274114990234375,-0.14,-0.011,-0.56,1.5258963699606256e-05,10,1,100,0.031614775838178746,-10,-1,-100,6721.32721611904,-0.002876174060020306,-8.135461926947521e-07,0.9999958638025033,69.7659254223545,-1.4530561234091388,-1297.4489495830187,72.89486011457458,-89.95834350585938,4518.98583984375,True
1598628852.670238,0,5,0.5,0.5,-0.006291036987304688,-0.14,-0.011,-0.56,-5.041889612763898e-05,10,1,100,0.03158586727535534,-10,-1,-100,6724.243205214385,-0.002875681032758644,-1.191577211180919e-06,0.9999958652200409,69.75661009936621,-1.4525362683647736,-1296.994727555261,72.89569045828222,-89.95834350585938,4518.37060546875,True
1598628852.7219772,0,5,0.5,0.5,-0.0062908691406250005,-0.14,-0.011,-0.56,3.670926316299433e-05,10,1,100,0.03157700845057493,-10,-1,-100,6727.143569447799,-0.0028751569244927504,-7.425091088947935e-07,0.9999958667275122,69.74726876579582,-1.452015236837578,-1296.5403614238069,72.89652117180819,-89.95834350585938,4517.75634765625,True
1598628852.7743082,0,5,0.5,0.5,-0.006269338989257813,-0.14,-0.011,-0.56,-5.7161853773044054e-05,10,1,100,0.031579025937387345,-10,-1,-100,6730.059558746871,-0.0028747035113242413,-1.1873193737590469e-06,0.9999958680306196,69.7379118225774,-1.451494587144357,-1296.0860374898443,72.89735153170089,-89.9583740234375,4517.1416015625,True
1598628852.821076,0,5,0.5,0.5,-0.0062648986816406255,-0.14,-0.011,-0.56,-7.576625113272811e-06,10,1,100,0.03156277972890638,-10,-1,-100,6733.002891012933,-0.0028741482588859157,-1.1404961103367676e-06,0.9999958696267126,69.72857536531072,-1.4509741926461053,-1295.6324469316098,72.89818337415973,-89.95840454101562,4516.52685546875,True
1598628852.8700347,0,5,0.5,0.5,-0.006281787109375001,-0.14,-0.011,-0.56,-1.539136987182475e-05,10,1,100,0.031548934814144336,-10,-1,-100,6735.902766995365,-0.0028735221914373394,-1.1683685110300382e-06,0.9999958714259025,69.71924167446012,-1.4504539391599847,-1295.1792991117893,72.89901633346962,-89.95840454101562,4515.91259765625,True
1598628852.9619317,0,5,0.5,0.5,-0.0062602569580078125,-0.14,-0.011,-0.56,2.329594885888418e-06,10,1,100,0.03156798300946615,-10,-1,-100,6738.818756362423,-0.00287313066267765,-1.0322061322018683e-06,0.9999958725510468,69.70983303794215,-1.4499328248639913,-1294.7250944721268,72.89984828918303,-89.95843505859375,4515.29833984375,True
1598628853.0110528,0,5,0.5,0.5,-0.0062771789550781255,-0.14,-0.011,-0.56,-2.9715350343399114e-05,10,1,100,0.03149127341075669,-10,-1,-100,6744.635109469178,-0.00287208180797203,-1.1995012733761934e-06,0.9999958755638193,69.69095005379903,-1.4488899283253642,-1293.8169526824345,72.90154296200022,-89.95843505859375,4514.0703125,True
1598628853.058042,0,5,0.5,0.5,-0.006255648803710938,-0.14,-0.011,-0.56,-1.3625071240191517e-05,10,1,100,0.031561541815855715,-10,-1,-100,6747.5784424922895,-0.0028717720251981707,-1.2049335498059554e-06,0.9999958764534899,69.6816096363122,-1.4483702467379562,-1293.3661484564984,72.90244248019678,-89.95846557617188,4513.4560546875,True
1598628853.1072094,0,5,0.5,0.5,-0.00625120849609375,-0.14,-0.011,-0.56,-2.2718621217761417e-05,10,1,100,0.03153648287993051,-10,-1,-100,6750.495407969342,-0.002871267319174058,-1.2921684271648887e-06,0.9999958779026602,69.67225489996228,-1.4478515266522811,-1292.914833824725,72.90330698627675,-89.95849609375,4512.841796875,True
1598628853.1552947,0,5,0.5,0.5,-0.006246734619140625,-0.14,-0.011,-0.56,-4.166606086891167e-05,10,1,100,0.03152312959673045,-10,-1,-100,6753.393818883109,-0.002870691797588565,-1.5435058272396002e-06,0.9999958795546214,69.66276620476404,-1.447329831875278,-1292.4607387835388,72.90413344911147,-89.95852661132812,4512.228515625,True
1598628853.2038944,0,5,0.5,0.5,-0.006263623046875001,-0.14,-0.011,-0.56,-2.4318326038516416e-06,10,1,100,0.03153921262115634,-10,-1,-100,6756.310784640489,-0.002870319789335108,-1.4146559706846605e-06,0.9999958806226683,69.65323796903482,-1.4468075151456843,-1292.0061693998105,72.90495447445018,-89.95852661132812,4511.6142578125,True
1598628853.2521317,0,5,0.5,0.5,-0.006242059326171875,-0.14,-0.011,-0.56,-1.0196006208213351e-05,10,1,100,0.03153276488334744,-10,-1,-100,6759.2272620793665,-0.002869927858073179,-1.3679003349839092e-06,0.9999958817476291,69.64373473055471,-1.4462863556891559,-1291.552347569228,72.90577286894171,-89.95855712890625,4511.0009765625,True
1598628853.302169,0,5,0.5,0.5,-0.006258914184570313,-0.14,-0.011,-0.56,8.613286834096544e-07,10,1,100,0.03151370719425679,-10,-1,-100,6762.153993554064,-0.0028694030589037096,-1.2243054478538452e-06,0.9999958832538195,69.63419982916714,-1.4457652370839016,-1291.0982856763155,72.90659184005557,-89.95855712890625,4510.3876953125,True
1598628853.3502536,0,5,0.5,0.5,-0.006237350463867188,-0.14,-0.011,-0.56,-4.112234014929175e-05,10,1,100,0.031515705929505436,-10,-1,-100,6765.0704706683755,-0.0028689489576631984,-1.4754007343291682e-06,0.9999958845563823,69.62466453137893,-1.4452439665558654,-1290.6445622043432,72.90741259146574,-89.95858764648438,4509.7744140625,True
1598628853.39607,0,5,0.5,0.5,-0.006254238891601563,-0.14,-0.011,-0.56,-1.336386444855182e-05,10,1,100,0.03150285549535647,-10,-1,-100,6767.985971638467,-0.002868424042862491,-1.451014938732742e-06,0.9999958860622401,69.6151583164445,-1.4447238009322438,-1290.1917609698967,72.90823480692626,-89.95858764648438,4509.1611328125,True
1598628853.4450068,0,5,0.5,0.5,-0.006232675170898439,-0.14,-0.011,-0.56,-4.960095327580353e-06,10,1,100,0.03151511252877308,-10,-1,-100,6770.887312288396,-0.002868062909846158,-1.3521911812474298e-06,0.9999958870982004,69.6055957472002,-1.4442026593217208,-1289.7382426271645,72.90905596005746,-89.9586181640625,4508.5478515625,True
1598628853.4930046,0,5,0.5,0.5,-0.006249563598632813,-0.14,-0.011,-0.56,-2.6915803313605057e-05,10,1,100,0.03148272690020671,-10,-1,-100,6773.802813080605,-0.0028674447993469166,-1.4616578515436927e-06,0.9999958888706425,69.59599307866607,-1.4436810475994823,-1289.2842708863066,72.9098751922462,-89.9586181640625,4507.93505859375,True
1598628853.541962,0,5,0.5,0.5,-0.006249362182617188,-0.14,-0.011,-0.56,-2.0692699409221007e-05,10,1,100,0.031495325834537596,-10,-1,-100,6776.72905623971,-0.0028670016319402736,-1.5043610103384699e-06,0.9999958901412443,69.58639534060764,-1.4431603007783247,-1288.830746815403,72.91069537028069,-89.9586181640625,4507.322265625,True
1598628853.5891304,0,5,0.5,0.5,-0.00622783203125,-0.14,-0.011,-0.56,-1.458771795999634e-05,10,1,100,0.031457779406804956,-10,-1,-100,6779.646509816404,-0.002866261758039627,-1.4874100256493772e-06,0.9999958922622243,69.5767510972959,-1.4426389973896343,-1288.3767519994333,72.91151756127863,-89.95864868164062,4506.70947265625,True
1598628853.6380434,0,5,0.5,0.5,-0.006244754028320313,-0.14,-0.011,-0.56,-4.803552871857456e-05,10,1,100,0.03151732177185111,-10,-1,-100,6782.562987170881,-0.0028661349901404898,-1.7758935541022908e-06,0.9999958926250969,69.56715347055764,-1.4421189104433922,-1287.9239519462017,72.91234006242843,-89.95864868164062,4506.0966796875,True
1598628853.6873178,0,5,0.5,0.5,-0.006223257446289063,-0.14,-0.011,-0.56,-1.570095228029173e-05,10,1,100,0.03145374234182661,-10,-1,-100,6785.461398228654,-0.0028654458943296406,-1.7439893507779477e-06,0.9999958945999654,69.55753601903662,-1.4415984532608874,-1287.4711290735072,72.91316325621891,-89.95867919921875,4505.484375,True
1598628853.7339473,0,5,0.5,0.5,-0.0062401794433593755,-0.14,-0.011,-0.56,-1.0502920813962012e-05,10,1,100,0.031478989196070215,-10,-1,-100,6788.404731025104,-0.0028650533912629064,-1.6674313040800082e-06,0.99999589572472,69.54788348895774,-1.4410779205525204,-1287.0179956598495,72.91398661109345,-89.95867919921875,4504.8720703125,True
1598628853.7815697,0,5,0.5,0.5,-0.006218682861328126,-0.14,-0.011,-0.56,-1.2227978915823663e-05,10,1,100,0.03145996119721883,-10,-1,-100,6791.321696639294,-0.002864528019818872,-1.613243125308718e-06,0.9999958972298941,69.53820194335457,-1.4405573321075804,-1286.5646273506268,72.91480878252409,-89.95870971679688,4504.25927734375,True
1598628853.833522,0,5,0.5,0.5,-0.006214242553710938,-0.14,-0.011,-0.56,-2.484744309558071e-05,10,1,100,0.031457626553081625,-10,-1,-100,6794.22157239425,-0.002864033617231307,-1.678349966534923e-06,0.9999958986459008,69.52851984171319,-1.440037308146075,-1286.1115938621654,72.91563088665144,-89.958740234375,4503.6474609375,True
1598628853.8825152,0,5,0.5,0.5,-0.006231164550781251,-0.14,-0.011,-0.56,-3.615248744846849e-05,10,1,100,0.03142173844500901,-10,-1,-100,6797.138049744302,-0.0028632623732968896,-1.840126635192084e-06,0.9999959008541962,69.51883483267859,-1.4395173002838084,-1285.6588611232617,72.9164537796528,-89.958740234375,4503.03515625,True
1598628853.9292943,0,5,0.5,0.5,-0.006209634399414063,-0.14,-0.011,-0.56,-4.238907578461724e-06,10,1,100,0.03147098329167238,-10,-1,-100,6800.054038803093,-0.0028630136152985094,-1.696719142701751e-06,0.9999959015666814,69.50910723325529,-1.4389967701743176,-1285.2056967787285,72.91727828264791,-89.95877075195312,4502.4228515625,True
1598628853.978028,0,5,0.5,0.5,-0.0062051940917968755,-0.14,-0.011,-0.56,-4.2954319801077976e-05,10,1,100,0.031459930668530575,-10,-1,-100,6802.9968836590415,-0.0028626915835391906,-1.917993780678456e-06,0.9999959024882145,69.49942329214397,-1.4384785356053775,-1284.753683500957,72.91810259736624,-89.95880126953125,4501.8115234375,True
1598628854.0251257,0,5,0.5,0.5,-0.006222082519531251,-0.14,-0.011,-0.56,-6.70670316157848e-06,10,1,100,0.03143042339262069,-10,-1,-100,6805.89724754612,-0.002862134900536818,-1.789213903998979e-06,0.9999959040819167,69.48964379057117,-1.4379578061108438,-1284.3002408439106,72.91892572271618,-89.95880126953125,4501.19921875,True
1598628854.0744307,0,5,0.5,0.5,-0.006221881103515626,-0.14,-0.011,-0.56,2.723337648952591e-06,10,1,100,0.03138736185528914,-10,-1,-100,6808.812748305732,-0.0028612417808601956,-1.5861546879276622e-06,0.9999959066380999,69.47991103648097,-1.4374387449477835,-1283.8479965874747,72.9197495245092,-89.95880126953125,4500.587890625,True
1598628854.1219833,0,5,0.5,0.5,-0.006200350952148438,-0.14,-0.011,-0.56,-5.8314464441606685e-05,10,1,100,0.03143731655232841,-10,-1,-100,6811.730202151928,-0.0028608885511065135,-1.9563547426294784e-06,0.9999959076480617,69.47014802169682,-1.436919302233441,-1283.3955314490345,72.9205735289577,-89.95883178710938,4499.97607421875,True
1598628854.172021,0,5,0.5,0.5,-0.006217239379882813,-0.14,-0.011,-0.56,4.340610742933036e-06,10,1,100,0.03143666665204912,-10,-1,-100,6814.629589555319,-0.0028605662944542944,-1.7231445986911982e-06,0.9999959085703829,69.46037455105109,-1.4364001643978976,-1282.9431944712037,72.92139668229318,-89.95883178710938,4499.36474609375,True
1598628854.2210927,0,5,0.5,0.5,-0.0061957092285156255,-0.14,-0.011,-0.56,-2.533367638234134e-05,10,1,100,0.03142639408533319,-10,-1,-100,6817.57243424817,-0.00286018438289111,-1.780920573297153e-06,0.9999959096626967,69.45054656651412,-1.4358795320888804,-1282.490155494403,72.92221871971165,-89.9588623046875,4498.75341796875,True
1598628854.2732022,0,5,0.5,0.5,-0.006212597656250001,-0.14,-0.011,-0.56,-2.9392208374261523e-06,10,1,100,0.031393820917133275,-10,-1,-100,6820.48891159927,-0.002859545497221281,-1.6297550550131402e-06,0.9999959114900888,69.44071988825443,-1.435360387818179,-1282.0374623199266,72.92304095765776,-89.9588623046875,4498.14208984375,True
1598628854.321394,0,5,0.5,0.5,-0.006191067504882812,-0.14,-0.011,-0.56,-5.5537253550428436e-05,10,1,100,0.031408362452814545,-10,-1,-100,6823.388787119184,-0.0028591014174118093,-1.970480779482509e-06,0.9999959127592484,69.43089573831745,-1.4348407516530832,-1281.5851654167552,72.92386418223957,-89.95889282226562,4497.53076171875,True
1598628854.3800218,0,5,0.5,0.5,-0.006186627197265626,-0.14,-0.011,-0.56,-5.692699490063039e-06,10,1,100,0.03140000948907467,-10,-1,-100,6826.305753145483,-0.0028586262562781267,-1.8268335549850243e-06,0.9999959141179476,69.4210628954298,-1.4343223645974748,-1281.1330080598714,72.92468642834154,-89.95892333984375,4496.919921875,True
1598628854.4282517,0,5,0.5,0.5,-0.006203515625000001,-0.14,-0.011,-0.56,-1.7377351359444133e-05,10,1,100,0.03139820091786097,-10,-1,-100,6829.247132472694,-0.0028581820647064896,-1.8024813616000548e-06,0.9999959153876761,69.41115683313923,-1.4338021676556696,-1280.6798298448218,72.9255085697,-89.95892333984375,4496.30908203125,True
1598628854.4760218,0,5,0.5,0.5,-0.006181985473632813,-0.14,-0.011,-0.56,-1.0570997306574464e-05,10,1,100,0.03137183448112579,-10,-1,-100,6832.147496739752,-0.002857542951626129,-1.7183709105704507e-06,0.9999959172143289,69.40132901465275,-1.43328356078359,-1280.2290337384698,72.92636685895066,-89.95895385742188,4495.6982421875,True
1598628854.517455,0,5,0.5,0.5,-0.006198907470703125,-0.14,-0.011,-0.56,-4.906011472511292e-05,10,1,100,0.03139195537669491,-10,-1,-100,6835.063973950339,-0.0028571495375418047,-1.991989406957622e-06,0.9999959183379461,69.39149308398683,-1.4327647646207955,-1279.7784044888986,72.92722352381608,-89.95895385742188,4495.08740234375,True
1598628854.5640676,0,5,0.5,0.5,-0.006177377319335938,-0.14,-0.011,-0.56,-2.804553271390207e-05,10,1,100,0.03137850552798752,-10,-1,-100,6837.98093944171,-0.0028566741491705292,-2.049507498568626e-06,0.999995919695978,69.38160236298586,-1.4322454239463929,-1279.3270725394464,72.92807903127773,-89.958984375,4494.4765625,True
1598628854.612242,0,5,0.5,0.5,-0.006194265747070314,-0.14,-0.011,-0.56,-2.5381342333991026e-05,10,1,100,0.03135526645173435,-10,-1,-100,6840.880815173616,-0.002856034865986786,-2.077155530387946e-06,0.9999959215219477,69.37176992969529,-1.4317282079933478,-1278.876503675559,72.92889618127717,-89.958984375,4493.8662109375,True
1598628854.6604416,0,5,0.5,0.5,-0.006172735595703125,-0.14,-0.011,-0.56,-2.404968337786997e-05,10,1,100,0.03135520794915816,-10,-1,-100,6843.823660002556,-0.0028554575800555267,-2.090074295360993e-06,0.9999959231705098,69.36183268465362,-1.431208715130267,-1278.4242993619523,72.9297110335325,-89.95901489257812,4493.255859375,True
1598628854.7090049,0,5,0.5,0.5,-0.0061896240234375005,-0.14,-0.011,-0.56,-1.2739685952142487e-05,10,1,100,0.03136352726721997,-10,-1,-100,6846.739160361816,-0.002855013049113488,-1.9986668962874493e-06,0.9999959244399422,69.35186034386196,-1.4306895478132369,-1277.971738130083,72.93052363464105,-89.95901489257812,4492.6455078125,True
1598628854.7559752,0,5,0.5,0.5,-0.006168093872070313,-0.14,-0.011,-0.56,-2.167268321648702e-05,10,1,100,0.03135514563825105,-10,-1,-100,6849.655637969961,-0.002854537434660806,-1.9965803756028233e-06,0.9999959257977243,69.34194050429333,-1.430171241477615,-1277.520505770253,72.93133832849473,-89.95904541015625,4492.03564453125,True
1598628854.8063,0,5,0.5,0.5,-0.006184982299804688,-0.14,-0.011,-0.56,-4.544636111842058e-05,10,1,100,0.031346469463856115,-10,-1,-100,6852.556489956798,-0.002854030736357105,-2.2104744056156596e-06,0.9999959272435412,69.33196653275867,-1.4296529501283355,-1277.0686387750052,72.93215462830189,-89.95904541015625,4491.42578125,True
1598628854.8580236,0,5,0.5,0.5,-0.0061634521484375,-0.14,-0.011,-0.56,-2.467672688252364e-05,10,1,100,0.031338704048628145,-10,-1,-100,6855.499334555003,-0.002853504116561718,-2.2158904910954176e-06,0.9999959287463857,69.3219826777713,-1.4291346323575307,-1276.616933110969,72.93297078805415,-89.95907592773438,4490.8154296875,True
1598628854.9140015,0,5,0.5,0.5,-0.006180374145507813,-0.14,-0.011,-0.56,-1.0852407025978533e-05,10,1,100,0.0313307342810693,-10,-1,-100,6858.415811926359,-0.0028529575753514823,-2.094784881984687e-06,0.9999959303060613,69.31197421457193,-1.42861577589026,-1276.1650885394943,72.93378629630726,-89.95907592773438,4490.2060546875,True
1598628854.9570217,0,5,0.5,0.5,-0.006180206298828125,-0.14,-0.011,-0.56,5.91256761679187e-06,10,1,100,0.03133593659762205,-10,-1,-100,6861.315199394128,-0.002852512763028434,-1.8320142828403062e-06,0.9999959315755143,69.3019624996395,-1.4280975975327053,-1275.7135048142445,72.93460216708743,-89.95907592773438,4489.59619140625,True
1598628855.0071802,0,5,0.5,0.5,-0.006158709716796875,-0.14,-0.011,-0.56,-5.781212860526242e-05,10,1,100,0.03132292543929929,-10,-1,-100,6864.232165070949,-0.002851994677830545,-2.1723440280256625e-06,0.9999959330525492,69.29193093415803,-1.4275793088584896,-1275.2624675747554,72.93545341315618,-89.9591064453125,4488.986328125,True
1598628855.059089,0,5,0.5,0.5,-0.006154269409179688,-0.14,-0.011,-0.56,-4.733324966764648e-05,10,1,100,0.03129824321077043,-10,-1,-100,6867.148154111579,-0.0028513039936273934,-2.3863082109239616e-06,0.9999959350216587,69.28193787825714,-1.4270618264432424,-1274.8119048020844,72.93627004376026,-89.95913696289062,4488.376953125,True
1598628855.1091592,0,5,0.5,0.5,-0.00617119140625,-0.14,-0.011,-0.56,-1.1831056291476865e-05,10,1,100,0.03133025062436738,-10,-1,-100,6870.075373222004,-0.0028509719573440854,-2.2577677094914594e-06,0.9999959359686421,69.27188810014802,-1.426543884496642,-1274.360608792238,72.937084813515,-89.95913696289062,4487.767578125,True
1598628855.1591482,0,5,0.5,0.5,-0.006171023559570313,-0.14,-0.011,-0.56,-2.8573451013575274e-05,10,1,100,0.03129597150928026,-10,-1,-100,6872.991362282541,-0.0028503630805026886,-2.2929521036818034e-06,0.9999959377042745,69.26183385942775,-1.4260262659112195,-1273.9095341318248,72.93789779422191,-89.95913696289062,4487.158203125,True
1598628855.2081153,0,5,0.5,0.5,-0.006149526977539063,-0.14,-0.011,-0.56,-3.140026965394036e-05,10,1,100,0.03131858561098498,-10,-1,-100,6875.906374913058,-0.0028500197702074188,-2.3504518334869616e-06,0.9999959386826452,69.25173649970941,-1.425507764624626,-1273.4580142673678,72.9387123402712,-89.95916748046875,4486.54931640625,True
1598628855.2570524,0,5,0.5,0.5,-0.0061664489746093756,-0.14,-0.011,-0.56,-1.3987792467383319e-05,10,1,100,0.03129443967787522,-10,-1,-100,6878.823828772758,-0.0028494927008006357,-2.244109263489133e-06,0.9999959401849149,69.24164092402923,-1.4249903840102776,-1273.0068694873898,72.9395281309393,-89.95916748046875,4485.93994140625,True
1598628855.3061101,0,5,0.5,0.5,-0.006144952392578125,-0.14,-0.011,-0.56,-2.0329180778415158e-05,10,1,100,0.031259439774020015,-10,-1,-100,6881.750559712527,-0.002848699951972022,-2.204858158238772e-06,0.9999959424436292,69.23150278534192,-1.4244716032272837,-1272.555247226124,72.94034200862711,-89.95919799804688,4485.3310546875,True
1598628855.3540978,0,5,0.5,0.5,-0.006140512084960938,-0.14,-0.011,-0.56,-4.121982798644728e-05,10,1,100,0.031287974844702235,-10,-1,-100,6884.6675254693255,-0.0028482435271198346,-2.359095415581806e-06,0.999995943743396,69.22140871716643,-1.4239544085861482,-1272.1047155259582,72.94115438866619,-89.959228515625,4484.72265625,True
1598628855.4009714,0,5,0.5,0.5,-0.0061574340820312505,-0.14,-0.011,-0.56,-2.150370948031386e-05,10,1,100,0.03131113940652274,-10,-1,-100,6887.583514659083,-0.002848043964715707,-2.3199434768156366e-06,0.9999959443118722,69.21124442135286,-1.4234366226321873,-1271.653244166921,72.94196690202996,-89.959228515625,4484.11328125,True
1598628855.4521067,0,5,0.5,0.5,-0.006135903930664063,-0.14,-0.011,-0.56,-4.157876726941814e-05,10,1,100,0.031238742749908552,-10,-1,-100,6890.48290157062,-0.0028472088598433124,-2.466646640933857e-06,0.9999959466895975,69.20113514319718,-1.4229195818258293,-1271.2031530240529,72.94278156037797,-89.95925903320312,4483.5048828125,True
1598628855.4999793,0,5,0.5,0.5,-0.006131430053710938,-0.14,-0.011,-0.56,-2.1824997554438054e-05,10,1,100,0.03126931246835356,-10,-1,-100,6893.399378991802,-0.0028467324018571676,-2.4198564905796075e-06,0.9999959480461791,69.19094275528394,-1.4224012809867566,-1270.7518880161747,72.94359827224952,-89.95928955078125,4482.896484375,True
1598628855.5491102,0,5,0.5,0.5,-0.006148318481445313,-0.14,-0.011,-0.56,-3.0421672382516607e-05,10,1,100,0.031265243104890136,-10,-1,-100,6896.342223549029,-0.0028462670479073443,-2.455246568274137e-06,0.9999959493707281,69.18077893100649,-1.4218834094828643,-1270.3014461787152,72.94441390835888,-89.95928955078125,4482.2880859375,True
1598628855.594166,0,5,0.5,0.5,-0.006126788330078125,-0.14,-0.011,-0.56,-4.221079235510871e-05,10,1,100,0.031266635464029184,-10,-1,-100,6899.258212327724,-0.002845861235713969,-2.5945305128769553e-06,0.9999959505253485,69.170575359711,-1.421364562215381,-1269.85059328768,72.94522866862776,-89.95932006835938,4481.6796875,True
1598628855.645125,0,5,0.5,0.5,-0.0061436767578125,-0.14,-0.011,-0.56,-3.792527837994055e-05,10,1,100,0.031225058177297968,-10,-1,-100,6902.1585763687035,-0.002845118986314826,-2.6818869147385474e-06,0.9999959526371901,69.16036200037915,-1.4208459425351598,-1269.3998503733176,72.94604275573228,-89.95932006835938,4481.0712890625,True
1598628855.6993744,0,5,0.5,0.5,-0.006122113037109376,-0.14,-0.011,-0.56,-3.145939812828212e-05,10,1,100,0.0312699440104094,-10,-1,-100,6905.075053655892,-0.0028448570345204253,-2.702167518860321e-06,0.9999959533823881,69.150145613212,-1.4203275612821473,-1268.9494044987482,72.9468571671137,-89.9593505859375,4480.46337890625,True
1598628855.7482688,0,5,0.5,0.5,-0.0061176391601562505,-0.14,-0.011,-0.56,-1.4502015048755242e-05,10,1,100,0.031226387300295283,-10,-1,-100,6908.017898337683,-0.002844227619829648,-2.5661266621704406e-06,0.9999959551731505,69.13990498006665,-1.4198092498017776,-1268.4988410591309,72.94767199757354,-89.95938110351562,4479.85546875,True
1598628855.7910993,0,5,0.5,0.5,-0.006134494018554688,-0.14,-0.011,-0.56,-4.347498372119188e-05,10,1,100,0.031203723409734197,-10,-1,-100,6910.933887190768,-0.0028434541757247234,-2.7055510372938994e-06,0.9999959573723439,69.12961900815544,-1.4192908783582707,-1268.0477616584917,72.94848709692765,-89.95938110351562,4479.24755859375,True
1598628855.8469641,0,5,0.5,0.5,-0.006134292602539063,-0.14,-0.011,-0.56,-2.278310277792561e-05,10,1,100,0.03125389544589089,-10,-1,-100,6913.833274640609,-0.0028432119230273503,-2.643737285304573e-06,0.9999959580613171,69.1193262411643,-1.418772204141358,-1267.5974876087023,72.94933847723176,-89.95938110351562,4478.6396484375,True
1598628855.9331405,0,5,0.5,0.5,-0.006112762451171876,-0.14,-0.011,-0.56,-5.256680064897028e-05,10,1,100,0.031215189053770003,-10,-1,-100,6916.749751838972,-0.0028426443911959962,-2.8580450897149343e-06,0.9999959596741863,69.1091732239287,-1.4182565964220923,-1267.1495170567596,72.95015423220813,-89.95941162109375,4478.0322265625,True
1598628856.027067,0,5,0.5,0.5,-0.006108288574218751,-0.14,-0.011,-0.56,-1.1879039185053628e-05,10,1,100,0.03114284438979989,-10,-1,-100,6922.609073744388,-0.0028414756831073276,-2.682492442586112e-06,0.9999959629962246,69.08854057051651,-1.4172206025102756,-1266.2495147418635,72.95184554079913,-89.95944213867188,4476.8173828125,True
1598628856.076041,0,5,0.5,0.5,-0.006082452392578126,-0.14,-0.011,-0.56,-5.5203850191910607e-05,10,1,100,0.03114735381965544,-10,-1,-100,6928.426891336916,-0.0028404594280042575,-2.9165648218025624e-06,0.9999959658827288,69.06798502378093,-1.4161861329296797,-1265.353708334378,72.95362668576357,-89.95950317382812,4475.6025390625,True
1598628856.166476,0,5,0.5,0.5,-0.006116397094726563,-0.14,-0.011,-0.56,-2.670506833361093e-05,10,1,100,0.031190263611281834,-10,-1,-100,6931.341415589326,-0.0028399313514470273,-2.869826505713681e-06,0.9999959673827107,69.05777435129428,-1.4156707958170485,-1264.9077870356844,72.95453386165666,-89.95950317382812,4474.9951171875,True
1598628856.2589934,0,5,0.5,0.5,-0.0060947998046875,-0.14,-0.011,-0.56,-5.556328025099643e-05,10,1,100,0.031135253321429593,-10,-1,-100,6937.184623778565,-0.002838956948029489,-3.089307617665985e-06,0.999995970148832,69.03702705554907,-1.414633689119011,-1264.0082643984565,72.95618601100017,-89.95953369140625,4473.78125,True
1598628856.3135495,0,5,0.5,0.5,-0.006111654663085938,-0.14,-0.011,-0.56,-2.498895007792619e-05,10,1,100,0.031134763375852567,-10,-1,-100,6943.018066887045,-0.002838072949315285,-3.010437647772178e-06,0.9999959726583261,69.01627542564154,-1.4135990879105735,-1263.1113723592023,72.95792577496157,-89.95953369140625,4472.5673828125,True
1598628856.3990326,0,5,0.5,0.5,-0.006132781982421876,-0.14,-0.011,-0.56,-2.697838675127041e-05,10,1,100,0.031159968993333377,-10,-1,-100,6945.9447978907265,-0.0028375048615858337,-2.9565247805963613e-06,0.9999959742706065,69.0058922692975,-1.413082418279508,-1262.662324811125,72.95873796922906,-89.95950317382812,4471.9609375,True
1598628856.4894748,0,5,0.5,0.5,-0.006115524291992188,-0.14,-0.011,-0.56,-1.8807753853566317e-05,10,1,100,0.031113167869281956,-10,-1,-100,6951.777263907366,-0.0028365696372248967,-2.833003368401276e-06,0.999995976924241,68.98502197744986,-1.4120487477933474,-1261.7641403201924,72.9604195657738,-89.95950317382812,4470.748046875,True
1598628856.5820894,0,5,0.5,0.5,-0.006094027709960937,-0.14,-0.011,-0.56,-6.596087105011638e-05,10,1,100,0.031121047314282717,-10,-1,-100,6957.592640369665,-0.002835798026380965,-3.1491332620959894e-06,0.9999959791117345,68.964083936119,-1.4110143278860878,-1260.8662315870422,72.96211811539241,-89.95953369140625,4469.53515625,True
1598628856.6732934,0,5,0.5,0.5,-0.006046862792968751,-0.14,-0.011,-0.56,-2.330538904916794e-05,10,1,100,0.031078952238236757,-10,-1,-100,6963.452450200915,-0.0028347208396036494,-3.0483437088781955e-06,0.9999959821661633,68.94312957896229,-1.4099800779378227,-1259.9687479478907,72.96378579733718,-89.95962524414062,4468.3232421875,True
1598628856.767043,0,5,0.5,0.5,-0.00603377685546875,-0.14,-0.011,-0.56,-4.1967614457159375e-05,10,1,100,0.031068264541473656,-10,-1,-100,6969.28442771954,-0.002833652137184083,-3.126005612913238e-06,0.9999959851948375,68.92213868804379,-1.40894682267864,-1259.072866068419,72.96551924038354,-89.959716796875,4467.11181640625,True
1598628856.8582966,0,5,0.5,0.5,-0.006041986083984375,-0.14,-0.011,-0.56,-5.5900664867631474e-05,10,1,100,0.03111631857770835,-10,-1,-100,6975.129101198749,-0.002833125619181167,-3.3230278380192066e-06,0.9999959866860384,68.90104689207385,-1.4079125577448328,-1258.1761003958034,72.96723695276877,-89.95977783203125,4465.900390625,True
1598628856.9140196,0,5,0.5,0.5,-0.006054434204101563,-0.14,-0.011,-0.56,-2.4333136209066438e-05,10,1,100,0.031071964557329513,-10,-1,-100,6980.960590554168,-0.0028322513390513686,-3.214579113587284e-06,0.9999959891629662,68.87995138224258,-1.4068789309954417,-1257.2802732603047,72.9689433562414,-89.95980834960938,4464.689453125,True
1598628857.0021663,0,5,0.5,0.5,-0.006071188354492188,-0.14,-0.011,-0.56,-3.088038736573504e-05,10,1,100,0.031105971709494563,-10,-1,-100,6983.887321529328,-0.0028317731567611914,-3.175238907080901e-06,0.9999959905173151,68.86944833273962,-1.4063630482848506,-1256.8334479214698,72.9697876603984,-89.95980834960938,4464.08447265625,True
1598628857.0943768,0,5,0.5,0.5,-0.006092214965820313,-0.14,-0.011,-0.56,-6.554028900749507e-05,10,1,100,0.031074788794474603,-10,-1,-100,6989.719787660404,-0.0028310623810832904,-3.4542874502716737e-06,0.9999959925289013,68.84814293205675,-1.4053273791476388,-1255.9338907524311,72.97139245137585,-89.95977783203125,4462.8740234375,True
1598628857.183127,0,5,0.5,0.5,-0.006096218872070313,-0.14,-0.011,-0.56,-3.0646462085961255e-05,10,1,100,0.031074651025787763,-10,-1,-100,6995.562019415898,-0.002830422145812542,-3.3904195358560636e-06,0.9999959943414681,68.82672942118609,-1.404291723743614,-1255.0333654778233,72.97298782973583,-89.95974731445312,4461.6650390625,True
1598628857.271407,0,5,0.5,0.5,-0.006078894042968751,-0.14,-0.011,-0.56,-5.382654927993972e-05,10,1,100,0.031041653532531997,-10,-1,-100,7001.395462055574,-0.002829547091812721,-3.542740422797964e-06,0.9999959968173393,68.80542695131123,-1.4032578456595894,-1254.1369171231918,72.97463864778877,-89.95974731445312,4460.45556640625,True
1598628857.359434,0,5,0.5,0.5,-0.00605726318359375,-0.14,-0.011,-0.56,5.218346560584012e-06,10,1,100,0.03102429977005771,-10,-1,-100,7007.227928370354,-0.0028286010610356384,-3.1439092527020203e-06,0.9999959994950747,68.78406858336099,-1.4022244370263885,-1253.240901164563,72.97630512869188,-89.95977783203125,4459.2470703125,True
1598628857.4072645,0,5,0.5,0.5,-0.006031326293945313,-0.14,-0.011,-0.56,-8.505120803019407e-05,10,1,100,0.031036410690778678,-10,-1,-100,7013.0706480089575,-0.002827858376495926,-3.601685134454326e-06,0.9999960015940216,68.76262808599917,-1.401190803149768,-1252.3444063769844,72.97796162868124,-89.9598388671875,4458.03857421875,True
1598628857.4552367,0,5,0.5,0.5,-0.006022445678710938,-0.14,-0.011,-0.56,-4.154992636106748e-05,10,1,100,0.0310426091380527,-10,-1,-100,7015.98761336389,-0.0028272467761167558,-3.621967419171309e-06,0.9999960033232874,68.75194995901653,-1.4006748928638477,-1251.8973723957763,72.9787888526028,-89.95989990234375,4457.4345703125,True
1598628857.5042884,0,5,0.5,0.5,-0.0060349609375,-0.14,-0.011,-0.56,-8.19457738354354e-06,10,1,100,0.031061545529397473,-10,-1,-100,7018.904090555734,-0.0028268697193874507,-3.3366539384726276e-06,0.9999960043902456,68.74123256097364,-1.4001579232425105,-1251.4487652892058,72.97954625190161,-89.95993041992188,4456.830078125,True
1598628857.5953023,0,5,0.5,0.5,-0.006030453491210938,-0.14,-0.011,-0.56,-7.747655577760269e-05,10,1,100,0.03103906818990614,-10,-1,-100,7021.830333127058,-0.0028263287669270673,-3.70692271566931e-06,0.9999960059180037,68.73043977566341,-1.3996400074459086,-1250.998475647966,72.9802661905391,-89.9599609375,4456.2265625,True
1598628857.6442451,0,5,0.5,0.5,-0.005983255004882813,-0.14,-0.011,-0.56,-4.169054817351006e-05,10,1,100,0.031002944724885094,-10,-1,-100,7027.663287495496,-0.002825514775783122,-3.7178543577403156e-06,0.9999960082182475,68.70861486050337,-1.3986011485879815,-1250.0949438426917,72.98173435104528,-89.96005249023438,4455.02001953125,True
1598628857.7370222,0,5,0.5,0.5,-0.006012893676757812,-0.14,-0.011,-0.56,-5.271349985198614e-05,10,1,100,0.03101636390046049,-10,-1,-100,7030.577811927302,-0.0028249029004877376,-3.827543342841782e-06,0.9999960099465162,68.69785195273272,-1.3980851481813206,-1249.6472369827802,72.98252451053051,-89.9600830078125,4454.41650390625,True
1598628857.7935972,0,5,0.5,0.5,-0.005986956787109375,-0.14,-0.011,-0.56,-4.954214041917253e-05,10,1,100,0.031000670892594038,-10,-1,-100,7036.42199650791,-0.0028242102321988506,-3.897837057694118e-06,0.9999960119027331,68.67609680231264,-1.3970489249521278,-1248.7478529119928,72.98405938776922,-89.96014404296875,4453.2099609375,True
1598628857.8811336,0,5,0.5,0.5,-0.006020733642578125,-0.14,-0.011,-0.56,-2.6757774296879565e-05,10,1,100,0.031001928291320292,-10,-1,-100,7039.338474014541,-0.002823598193878178,-3.754206606805013e-06,0.9999960136316272,68.66531322402321,-1.396532000271289,-1248.3009587833326,72.98486559198068,-89.96014404296875,4452.60693359375,True
1598628857.971192,0,5,0.5,0.5,-0.0060202972412109375,-0.14,-0.011,-0.56,-6.530394044306057e-05,10,1,100,0.03092559752841966,-10,-1,-100,7045.19681860588,-0.0028223540829711373,-3.973722446352063e-06,0.9999960171428883,68.64361791372419,-1.3954987237452585,-1247.4058861187768,72.98648607604753,-89.96014404296875,4451.40087890625,True
1598628858.0616796,0,5,0.5,0.5,-0.006041223144531251,-0.14,-0.011,-0.56,-5.6872676557811294e-05,10,1,100,0.03091459847119274,-10,-1,-100,7051.013659540331,-0.002821129620725257,-4.096242645143885e-06,0.9999960205975241,68.62193779201843,-1.3944648498972598,-1246.5129491901369,72.98814522745869,-89.96011352539062,4450.1953125,True
1598628858.149302,0,5,0.5,0.5,-0.006045126342773438,-0.14,-0.011,-0.56,-6.801065067093237e-05,10,1,100,0.03091837726748956,-10,-1,-100,7056.8734696031315,-0.002820057618141074,-4.308013196535331e-06,0.9999960236203298,68.60021168863085,-1.3934305354047087,-1245.6210707406076,72.98984430015605,-89.9600830078125,4448.990234375,True
1598628858.2410312,0,5,0.5,0.5,-0.006027767944335937,-0.14,-0.011,-0.56,-4.31648726990819e-05,10,1,100,0.03089565681939116,-10,-1,-100,7062.705447114655,-0.002818883612407608,-4.2740190543633856e-06,0.9999960269305636,68.57844801295484,-1.3923980211098692,-1244.7293922478668,72.99152199133114,-89.9600830078125,4447.78515625,True
1598628858.3272505,0,5,0.5,0.5,-0.006006204223632813,-0.14,-0.011,-0.56,-5.6833878783567457e-05,10,1,100,0.03091008956326033,-10,-1,-100,7068.548655093298,-0.00281795514410664,-4.366786206215857e-06,0.9999960295469862,68.5565971862767,-1.3913632954488149,-1243.837165773285,72.99318731307424,-89.96011352539062,4446.5810546875,True
1598628858.4167926,0,5,0.5,0.5,-0.0059590057373046885,-0.14,-0.011,-0.56,-8.326352732597534e-05,10,1,100,0.030881867194721746,-10,-1,-100,7074.381121111568,-0.0028168626191874824,-4.6904530289511355e-06,0.9999960326236221,68.53464796743945,-1.3903289131242513,-1242.9441592907622,72.99484008712278,-89.960205078125,4445.376953125,True
1598628858.5107522,0,5,0.5,0.5,-0.005945919799804688,-0.14,-0.011,-0.56,2.524453245568564e-07,10,1,100,0.03088580850845251,-10,-1,-100,7080.240442720242,-0.0028159138504292003,-4.224565361602658e-06,0.9999960352978108,68.51269670281016,-1.3892935455424613,-1242.052172301375,72.99648321700087,-89.96029663085938,4444.173828125,True
1598628858.5941765,0,5,0.5,0.5,-0.005911471557617187,-0.14,-0.011,-0.56,-8.279467820693559e-05,10,1,100,0.03086168506430985,-10,-1,-100,7086.0558186082635,-0.002814840757452514,-4.555544322477735e-06,0.9999960383175311,68.49061502833393,-1.388257445148607,-1241.1590575531975,72.99812773642424,-89.96041870117188,4442.97021484375,True
1598628858.683085,0,5,0.5,0.5,-0.005958099365234375,-0.14,-0.011,-0.56,-2.36288354975073e-05,10,1,100,0.030869166614450414,-10,-1,-100,7090.436638261192,-0.002813942379877746,-4.317901170478788e-06,0.9999960408469819,68.47407750262025,-1.387482208106774,-1240.4901764601423,72.99934721150282,-89.96044921875,4442.068359375,True
1598628858.7750494,0,5,0.5,0.5,-0.005974853515625001,-0.14,-0.011,-0.56,-7.430010881945627e-05,10,1,100,0.030816276496268218,-10,-1,-100,7097.748094141833,-0.002812654188146592,-4.562128004213114e-06,0.9999960444699794,68.44638969042059,-1.3861892084288272,-1239.3746949238284,73.00138521370096,-89.96044921875,4440.56591796875,True
1598628858.8691545,0,5,0.5,0.5,-0.006017242431640626,-0.14,-0.011,-0.56,-7.162892374867099e-05,10,1,100,0.03082370402921758,-10,-1,-100,7103.56395854929,-0.002811560576877566,-4.7591344238759e-06,0.9999960475444257,68.42419638555806,-1.3851550854627137,-1238.4835966317187,73.0030577037103,-89.96038818359375,4439.36376953125,True
1598628858.9643483,0,5,0.5,0.5,-0.006046881103515625,-0.14,-0.011,-0.56,-3.271458110036714e-05,10,1,100,0.030809479485663628,-10,-1,-100,7109.4242566307075,-0.0028104468830607732,-4.583750406787012e-06,0.9999960506758548,68.40203397022249,-1.3841227466969952,-1237.5937392022015,73.00469783912966,-89.96029663085938,4438.16259765625,True
1598628859.0188863,0,5,0.5,0.5,-0.006016772460937501,-0.14,-0.011,-0.56,-9.819267849080004e-05,10,1,100,0.030805033795758427,-10,-1,-100,7115.256233920576,-0.0028094037303533366,-5.019122633199556e-06,0.999996053604957,68.37972209125618,-1.3830893112842035,-1236.7016328579462,73.00629450968108,-89.96026611328125,4436.9619140625,True
1598628859.1040406,0,5,0.5,0.5,-0.005999481201171876,-0.14,-0.011,-0.56,-4.8771331894155684e-05,10,1,100,0.0308442105510179,-10,-1,-100,7118.1834531741915,-0.0028088212473832874,-4.964984134117225e-06,0.9999960552414939,68.3686290238146,-1.3825729745156132,-1236.2571739535572,73.00709227532607,-89.96026611328125,4436.361328125,True
1598628859.2001648,0,5,0.5,0.5,-0.00595655517578125,-0.14,-0.011,-0.56,-5.543212834354699e-05,10,1,100,0.030772061043404395,-10,-1,-100,7124.01640698791,-0.0028076449604004148,-4.975691861691615e-06,0.9999960585447419,68.34615167009044,-1.381537216172842,-1235.3627331249013,73.00861729082362,-89.9603271484375,4435.16162109375,True
1598628859.2894726,0,5,0.5,0.5,-0.005883688354492187,-0.14,-0.011,-0.56,-3.431411484187145e-05,10,1,100,0.0307750801541209,-10,-1,-100,7129.875240502763,-0.002806612427953141,-4.792890667966304e-06,0.9999960614440976,68.32360526620494,-1.3805019970330596,-1234.4686465952668,73.01016707458263,-89.96047973632812,4433.9619140625,True
1598628859.3893156,0,5,0.5,0.5,-0.00586202392578125,-0.14,-0.011,-0.56,-6.033679406150869e-05,10,1,100,0.03076247861165387,-10,-1,-100,7135.691104758764,-0.0028055685209706772,-4.863184450540892e-06,0.9999960643730672,68.30104949344918,-1.3794668055674553,-1233.5763521953054,73.01176535569444,-89.96063232421875,4432.76220703125,True
1598628859.4737334,0,5,0.5,0.5,-0.005861654663085938,-0.14,-0.011,-0.56,-5.044380115908607e-05,10,1,100,0.030718349969083708,-10,-1,-100,7141.5509143950185,-0.0028042277499900348,-4.836571027324004e-06,0.999996068133937,68.27848375282858,-1.378433689935675,-1232.6852221904567,73.01337323037441,-89.96075439453125,4431.5634765625,True
1598628859.5286672,0,5,0.5,0.5,-0.005886920166015625,-0.14,-0.011,-0.56,-8.381328091120389e-05,10,1,100,0.030736488447379105,-10,-1,-100,7147.382403564756,-0.002803183410726193,-5.11548043423259e-06,0.9999960710605805,68.25589276440965,-1.3774013321885863,-1231.7946614275363,73.01497058754624,-89.9608154296875,4430.36474609375,True
1598628859.6101847,0,5,0.5,0.5,-0.005920697021484376,-0.14,-0.011,-0.56,-2.95482843589773e-05,10,1,100,0.030772295390097355,-10,-1,-100,7150.325247865985,-0.0028025693099375496,-4.874991217980377e-06,0.9999960727830373,68.24463913655315,-1.3768866743656523,-1231.3505529925096,73.01576798490966,-89.9608154296875,4429.765625,True
1598628859.6981766,0,5,0.5,0.5,-0.005984381103515625,-0.14,-0.011,-0.56,-5.8090235835996444e-05,10,1,100,0.030697576748340352,-10,-1,-100,7156.142088510096,-0.0028013409441848183,-4.915552522802387e-06,0.999996076224678,68.22195105089595,-1.3758547243462218,-1230.4590091848536,73.01730092765959,-89.96072387695312,4428.568359375,True
1598628859.7922816,0,5,0.5,0.5,-0.005996829223632813,-0.14,-0.011,-0.56,-5.605278665265103e-05,10,1,100,0.03068424751893458,-10,-1,-100,7162.00238665659,-0.002800112363808367,-4.93376197270205e-06,0.9999960796655196,68.19918645745025,-1.3748229806397225,-1229.5678972083294,73.01887382093896,-89.96063232421875,4427.37060546875,True
1598628859.8800628,0,5,0.5,0.5,-0.00600927734375,-0.14,-0.011,-0.56,-4.398388847333955e-05,10,1,100,0.03068892680097128,-10,-1,-100,7167.833387612831,-0.0027990474065021564,-4.840280569557172e-06,0.9999960826474211,68.1764788535363,-1.3737922640658147,-1228.6796646252658,73.02048728569386,-89.96054077148438,4426.173828125,True
1598628859.9710855,0,5,0.5,0.5,-0.005957705688476563,-0.14,-0.011,-0.56,-9.545678366498943e-05,10,1,100,0.03065237011667033,-10,-1,-100,7173.692220390658,-0.00279775634484273,-5.223395470316501e-06,0.9999960862584167,68.15365144868753,-1.3727596100802195,-1227.7904744357613,73.02210127277033,-89.96054077148438,4424.97705078125,True
1598628860.0644126,0,5,0.5,0.5,-0.005893316650390626,-0.14,-0.011,-0.56,-7.311415028342387e-05,10,1,100,0.03066317714171722,-10,-1,-100,7179.5100377207855,-0.002796690957109624,-5.3683319754142054e-06,0.9999960892377888,68.13074667980028,-1.3717275727181732,-1226.8999519508875,73.02364602510539,-89.96063232421875,4423.78076171875,True
1598628860.1564593,0,5,0.5,0.5,-0.00581607666015625,-0.14,-0.011,-0.56,-7.213087310393808e-05,10,1,100,0.030638980588697084,-10,-1,-100,7185.3683823081665,-0.0027955124123277904,-5.490796605586136e-06,0.9999960925324677,68.10781127579767,-1.3706960880028982,-1226.0109712144076,73.02525012878286,-89.9608154296875,4422.5849609375,True
1598628860.2485356,0,5,0.5,0.5,-0.005790072631835937,-0.14,-0.011,-0.56,-4.394744019806587e-05,10,1,100,0.03065090930778987,-10,-1,-100,7191.20133639744,-0.0027945595418048083,-5.345280601200308e-06,0.9999960951965741,68.08481651646727,-1.3696645500097715,-1225.1220267771148,73.02685066990756,-89.96099853515625,4421.3896484375,True
1598628860.3401217,0,5,0.5,0.5,-0.005785397338867188,-0.14,-0.011,-0.56,-5.1534992654760214e-05,10,1,100,0.030609810314277404,-10,-1,-100,7197.060657790629,-0.002793329676823953,-5.281532804864358e-06,0.9999960986331007,68.0617537038184,-1.3686318792578984,-1224.2330570863626,73.02845377484537,-89.96115112304688,4420.19482421875,True
1598628860.4281347,0,5,0.5,0.5,-0.005849047851562501,-0.14,-0.011,-0.56,-5.4216237322074804e-05,10,1,100,0.03062561692498352,-10,-1,-100,7202.876521874103,-0.0027923652215506548,-5.247550703554955e-06,0.9999961013268664,68.03867942760624,-1.3676015689644627,-1223.3450858496558,73.03005987897203,-89.961181640625,4419.0,True
1598628860.5164533,0,5,0.5,0.5,-0.005951184082031251,-0.14,-0.011,-0.56,-7.927510754395e-05,10,1,100,0.030622650765828034,-10,-1,-100,7208.73486639082,-0.002791471313663675,-5.444345731409524e-06,0.9999961038215418,68.01553485600782,-1.3665714891463554,-1222.456724023827,73.03164825144168,-89.9610595703125,4417.80615234375,True
1598628860.605036,0,5,0.5,0.5,-0.00598936767578125,-0.14,-0.011,-0.56,-9.281027198602341e-05,10,1,100,0.030564379486921762,-10,-1,-100,7214.567820180906,-0.002790139020318431,-5.745779656647591e-06,0.9999961075380409,67.99245195174912,-1.3655443491557224,-1221.5705655390075,73.03323378212983,-89.96090698242188,4416.6123046875,True
1598628860.6910975,0,5,0.5,0.5,-0.006031890869140626,-0.14,-0.011,-0.56,-4.671091347061934e-05,10,1,100,0.030572306283923812,-10,-1,-100,7220.428118189331,-0.0027890100899081063,-5.599970668420484e-06,0.999996110688116,67.96917156091878,-1.3645150481080086,-1220.681037614344,73.03475714022159,-89.96072387695312,4415.4189453125,True
1598628860.781091,0,5,0.5,0.5,-0.005971975708007813,-0.14,-0.011,-0.56,-5.5173117072160785e-05,10,1,100,0.030566708815441303,-10,-1,-100,7226.243493913673,-0.002787942996434243,-5.5437405221410185e-06,0.9999961136640059,67.94594807801542,-1.3634863480905397,-1219.794537461118,73.03633555569279,-89.96066284179688,4414.2265625,True
1598628860.8710034,0,5,0.5,0.5,-0.005873574829101563,-0.14,-0.011,-0.56,-7.515126966723875e-05,10,1,100,0.03054807844742304,-10,-1,-100,7232.103791516274,-0.002786813639394263,-5.673602267339864e-06,0.9999961168112351,67.92263725045076,-1.3624574627237331,-1218.907748867575,73.03792272029973,-89.96075439453125,4413.0341796875,True
1598628860.964357,0,5,0.5,0.5,-0.005753710937500001,-0.14,-0.011,-0.56,-6.832767193541131e-05,10,1,100,0.03054590555088639,-10,-1,-100,7237.936257420806,-0.002785777145485265,-5.7292164137794535e-06,0.9999961196989074,67.8991930965883,-1.3614261806378054,-1218.0197076340048,73.0395115524279,-89.96099853515625,4411.841796875,True
1598628861.0623155,0,5,0.5,0.5,-0.00567640380859375,-0.14,-0.011,-0.56,-5.331978433198934e-05,10,1,100,0.03052418775127969,-10,-1,-100,7243.794601896894,-0.002784647365400319,-5.643011310113094e-06,0.9999961228460872,67.87571475262816,-1.3603969562676175,-1217.1321492422803,73.04109787148411,-89.9613037109375,4410.650390625,True
1598628861.1472194,0,5,0.5,0.5,-0.005654504394531251,-0.14,-0.011,-0.56,-4.839233300342253e-05,10,1,100,0.030494985339753308,-10,-1,-100,7249.627556037856,-0.0027833646934427893,-5.5197096449707714e-06,0.9999961264177559,67.85216908811184,-1.3593670685547898,-1216.2444696767157,73.04268305557235,-89.96157836914062,4409.45947265625,True
1598628861.1980233,0,5,0.5,0.5,-0.005722225952148437,-0.14,-0.011,-0.56,-6.845841532992722e-05,10,1,100,0.030532627434380098,-10,-1,-100,7255.469299031189,-0.0027825510060219714,-5.589877580497093e-06,0.9999961286818325,67.82863432563818,-1.3583374263038916,-1215.3582109795238,73.04427478278264,-89.96170043945312,4408.2685546875,True
1598628861.2399716,0,5,0.5,0.5,-0.005811343383789062,-0.14,-0.011,-0.56,-0.00010796327938221679,10,1,100,0.03055416086569315,-10,-1,-100,7258.387728648493,-0.0027820168474429847,-6.012521427109443e-06,0.9999961301655672,67.81691745779278,-1.3578236743217036,-1214.9163148081054,73.04506507519426,-89.961669921875,4407.67333984375,True
1598628861.3294709,0,5,0.5,0.5,-0.005836441040039063,-0.14,-0.011,-0.56,-7.293094152548393e-05,10,1,100,0.030556789834720835,-10,-1,-100,7261.302740766434,-0.0027815645560660737,-6.077571879219867e-06,0.9999961314233589,67.80514670135717,-1.3573087485886708,-1214.473625110047,73.04584870058446,-89.96160888671875,4407.078125,True
1598628861.3771367,0,5,0.5,0.5,-0.005951193237304688,-0.14,-0.011,-0.56,-6.685280457389555e-05,10,1,100,0.030465462752219875,-10,-1,-100,7267.163038677187,-0.00278033214202578,-6.080877203262349e-06,0.9999961348506317,67.78144630114083,-1.3562782282682413,-1213.5838000497226,73.0472614988451,-89.96139526367188,4405.888671875,True
1598628861.432267,0,5,0.5,0.5,-0.005916476440429689,-0.14,-0.011,-0.56,-9.33828249604819e-05,10,1,100,0.030523344593271617,-10,-1,-100,7270.078050563112,-0.002779746879524431,-6.324759412682104e-06,0.9999961364761782,67.76967631977381,-1.3557642931961342,-1213.1415285857438,73.0480169016685,-89.96127319335938,4405.2939453125,True
1598628861.5162375,0,5,0.5,0.5,-0.005911599731445313,-0.14,-0.011,-0.56,-7.048394595142533e-05,10,1,100,0.030507548960404925,-10,-1,-100,7272.995015668217,-0.0027790796471429476,-6.33763998594113e-06,0.9999961383306184,67.75783075477254,-1.3552501764043834,-1212.6977369598874,73.04874285486632,-89.961181640625,4404.69921875,True
1598628861.5712533,0,5,0.5,0.5,-0.0059665710449218765,-0.14,-0.011,-0.56,-4.3401342220070614e-05,10,1,100,0.030448970604118997,-10,-1,-100,7278.85336046305,-0.0027779485993292643,-6.102422382742655e-06,0.9999961414747258,67.73406399447238,-1.3542201847656694,-1211.8099430925904,73.05021281301006,-89.96102905273438,4403.5107421875,True
1598628861.6155236,0,5,0.5,0.5,-0.005880819702148438,-0.14,-0.011,-0.56,-7.986818575970601e-05,10,1,100,0.030476579287549804,-10,-1,-100,7281.77032566478,-0.0027771794212026186,-6.219715120999452e-06,0.9999961436104529,67.72219077977435,-1.3537065022149715,-1211.3672484382437,73.05098642346498,-89.96102905273438,4402.916015625,True
1598628861.7071424,0,5,0.5,0.5,-0.005902148437500001,-0.14,-0.011,-0.56,-6.137875708563006e-05,10,1,100,0.030483589755614323,-10,-1,-100,7284.685826324858,-0.002776551716001057,-6.157813259916559e-06,0.9999961453538958,67.7102918767986,-1.3531916468181868,-1210.9250104883163,73.05179822640932,-89.96099853515625,4402.32177734375,True
1598628861.8000338,0,5,0.5,0.5,-0.005821307373046876,-0.14,-0.011,-0.56,-4.505338742745927e-05,10,1,100,0.030393097612773434,-10,-1,-100,7290.530010189163,-0.002775165778745992,-5.952658387539827e-06,0.9999961492023189,67.68649350591329,-1.3521642862269234,-1210.0387315879325,73.05325455835202,-89.96109008789062,4401.1337890625,True
1598628861.8600378,0,5,0.5,0.5,-0.005787664794921875,-0.14,-0.011,-0.56,-0.00010120364343872088,10,1,100,0.03038276619281718,-10,-1,-100,7296.387866470264,-0.0027738193673460553,-6.276217241170114e-06,0.9999961529359633,67.66262052144286,-1.3511374203002138,-1209.1543816546769,73.05484250712553,-89.96121215820312,4399.94580078125,True
1598628861.9474776,0,5,0.5,0.5,-0.0057924743652343754,-0.14,-0.011,-0.56,-4.246635083612244e-05,10,1,100,0.0304194662942241,-10,-1,-100,7299.304831866757,-0.0027729369321213356,-6.035762321118868e-06,0.9999961553847796,67.65077659803772,-1.3506269101667123,-1208.714633156481,73.05565704854791,-89.9613037109375,4399.3525390625,True
1598628862.0390625,0,5,0.5,0.5,-0.005715972900390625,-0.14,-0.011,-0.56,-7.671610891912346e-05,10,1,100,0.030380096730097336,-10,-1,-100,7305.137785578147,-0.0027717850676207303,-6.128507248286827e-06,0.9999961585776117,67.62685572256963,-1.3496015905306706,-1207.830825080804,73.05722311159374,-89.96148681640625,4398.1650390625,True
1598628862.1301324,0,5,0.5,0.5,-0.005690472412109375,-0.14,-0.011,-0.56,-8.909810112663585e-05,10,1,100,0.030328120304871295,-10,-1,-100,7310.9961299676215,-0.0027702742955621664,-6.325338079081387e-06,0.9999961627627965,67.60284763082217,-1.3485738340463524,-1206.9470243009525,73.05881144299995,-89.961669921875,4396.978515625,True
1598628862.2232454,0,5,0.5,0.5,-0.005728622436523438,-0.14,-0.011,-0.56,-6.489124284324086e-05,10,1,100,0.03033683127576349,-10,-1,-100,7316.830060652806,-0.002768989200559277,-6.283990612794833e-06,0.9999961663223108,67.57890094251222,-1.347548497474907,-1206.0660397060537,73.06043707220036,-89.96176147460938,4395.7919921875,True
1598628862.3161073,0,5,0.5,0.5,-0.005779354858398438,-0.14,-0.011,-0.56,-9.8081477363914e-05,10,1,100,0.0303172830391831,-10,-1,-100,7322.68889327033,-0.0027676530008413423,-6.548168474358529e-06,0.9999961700196599,67.55489533419417,-1.3465237016422549,-1205.185238712689,73.0620670107152,-89.96176147460938,4394.60595703125,True
1598628862.4062607,0,5,0.5,0.5,-0.005885528564453126,-0.14,-0.011,-0.56,-5.810808516584272e-05,10,1,100,0.03029593019791761,-10,-1,-100,7328.547726110672,-0.002766254544946535,-6.424744302626315e-06,0.999996173889938,67.53089717867968,-1.3455000881236037,-1204.305622737709,73.06369047797273,-89.96160888671875,4393.42041015625,True
1598628862.498155,0,5,0.5,0.5,-0.0059062530517578135,-0.14,-0.011,-0.56,-6.758104414352632e-05,10,1,100,0.03031119887318389,-10,-1,-100,7334.364566508331,-0.0027651326585031153,-6.398365299103351e-06,0.9999961769929133,67.50679519782797,-1.3444759063470835,-1203.4251142517608,73.06530283790627,-89.96145629882812,4392.2353515625,True
1598628862.5861752,0,5,0.5,0.5,-0.0059057830810546885,-0.14,-0.011,-0.56,-9.435224677931195e-05,10,1,100,0.030288514251095685,-10,-1,-100,7340.222910019453,-0.0027639174895016587,-6.617596546973158e-06,0.9999961803508645,67.48252703517379,-1.3434500896819614,-1202.5331145514467,73.06629785799842,-89.96133422851562,4391.0517578125,True
1598628862.6382957,0,5,0.5,0.5,-0.005837054443359376,-0.14,-0.011,-0.56,-8.184011653948581e-05,10,1,100,0.030298696593654396,-10,-1,-100,7346.054887474165,-0.002762916842820413,-6.702733058049966e-06,0.9999961831155122,67.45765551101283,-1.3424130093553917,-1201.6284706786673,73.0671017396279,-89.96133422851562,4389.8681640625,True
1598628862.7229302,0,5,0.5,0.5,-0.005794061279296875,-0.14,-0.011,-0.56,-6.417737443296432e-05,10,1,100,0.03029818504370202,-10,-1,-100,7348.971852372168,-0.0027620136489614642,-6.618877617450951e-06,0.999996185611122,67.44520690014443,-1.3418949734439662,-1201.1767837238733,73.06753230535321,-89.96139526367188,4389.27685546875,True
1598628862.769994,0,5,0.5,0.5,-0.00569986572265625,-0.14,-0.011,-0.56,-8.933823254846737e-05,10,1,100,0.030277218353177995,-10,-1,-100,7354.8301970545435,-0.0027610126898289147,-6.771068963068891e-06,0.9999961883742754,67.42028281101271,-1.3408595549588043,-1200.2746198077955,73.0684466711642,-89.96157836914062,4388.09423828125,True
1598628862.8640192,0,5,0.5,0.5,-0.005716653442382813,-0.14,-0.011,-0.56,-6.412945231629988e-05,10,1,100,0.030346387240320898,-10,-1,-100,7357.747162342421,-0.0027607423752663437,-6.679585541845542e-06,0.9999961891211989,67.40780726822834,-1.3403421143172782,-1199.8245205749597,73.06895540863204,-89.96170043945312,4387.5029296875,True
1598628862.9192383,0,5,0.5,0.5,-0.0056352416992187515,-0.14,-0.011,-0.56,-9.418175603611827e-05,10,1,100,0.03018912811699393,-10,-1,-100,7363.605995042366,-0.002759077045172265,-6.869120576101247e-06,0.999996193716093,67.38293850006103,-1.3393071854977858,-1198.9275693115665,73.07003488572784,-89.9619140625,4386.32080078125,True
1598628863.0503626,0,5,0.5,0.5,-0.00569051513671875,-0.14,-0.011,-0.56,-8.080461301955957e-05,10,1,100,0.0302989836268896,-10,-1,-100,7366.522960170172,-0.0027585719744952363,-6.919320413913154e-06,0.9999961951091537,67.37056083004461,-1.338790654396485,-1198.4814963971828,73.07063760090907,-89.96200561523438,4385.7294921875,True
1598628863.1399598,0,5,0.5,0.5,-0.00567742919921875,-0.14,-0.011,-0.56,-7.926317193429272e-05,10,1,100,0.030168090900335447,-10,-1,-100,7375.297781607718,-0.0027569323556620486,-6.950365956784173e-06,0.9999961996306179,67.33345774015763,-1.3372466375202345,-1197.147781329847,73.07259413140645,-89.96209716796875,4383.95703125,True
1598628863.1879966,0,5,0.5,0.5,-0.005771054077148438,-0.14,-0.011,-0.56,-6.91667270145708e-05,10,1,100,0.030226371003677106,-10,-1,-100,7381.130247640307,-0.0027559813582487833,-6.886437680594513e-06,0.9999962022524534,67.30873702376317,-1.3362180443434883,-1196.2634606552388,73.07410619212297,-89.9620361328125,4382.77490234375,True
1598628863.2349849,0,5,0.5,0.5,-0.005800491333007813,-0.14,-0.011,-0.56,-6.883049770333845e-05,10,1,100,0.030255840505540692,-10,-1,-100,7384.074067964917,-0.0027553940589688454,-6.8248447145218295e-06,0.9999962038712953,67.29655120763292,-1.3357080573719526,-1195.8251967908145,73.07488800855161,-89.96194458007812,4382.1845703125,True
1598628863.3300138,0,5,0.5,0.5,-0.005791409301757813,-0.14,-0.011,-0.56,-8.546802546812357e-05,10,1,100,0.030248987886629893,-10,-1,-100,7386.990056190756,-0.0027548067072692894,-6.919713652848874e-06,0.9999962054888624,67.28423326251267,-1.3351948946909578,-1195.383789899374,73.0756011199209,-89.96188354492188,4381.59375,True
1598628863.3755178,0,5,0.5,0.5,-0.005842074584960938,-0.14,-0.011,-0.56,-8.375054084123939e-05,10,1,100,0.030170752309495938,-10,-1,-100,7392.848400607007,-0.0027535698011886866,-6.9900699937146265e-06,0.9999962088950581,67.25945646010494,-1.3341678120260885,-1194.499160728046,73.07702131929823,-89.96176147460938,4380.4130859375,True
1598628863.470021,0,5,0.5,0.5,-0.005815969848632813,-0.14,-0.011,-0.56,-7.406419898768522e-05,10,1,100,0.030243491815312454,-10,-1,-100,7395.765365890809,-0.002753115106660681,-6.965711434982395e-06,0.9999962101471627,67.24714701628022,-1.3336560539048568,-1194.0595605580304,73.07778963775657,-89.96170043945312,4379.8232421875,True
1598628863.5571246,0,5,0.5,0.5,-0.005781454467773438,-0.14,-0.011,-0.56,-8.261582456663006e-05,10,1,100,0.03014515234711418,-10,-1,-100,7401.5822063881205,-0.002751815842417329,-7.020994037927564e-06,0.9999962137229697,67.22242015812503,-1.3326302116518198,-1193.1790861340082,73.07931519389513,-89.96170043945312,4378.642578125,True
1598628863.6489997,0,5,0.5,0.5,-0.005695870971679688,-0.14,-0.011,-0.56,-0.00010207399210015806,10,1,100,0.030126845819356082,-10,-1,-100,7407.441039017518,-0.0027504766308959457,-7.2479161772053735e-06,0.9999962174057313,67.19770468236685,-1.3316053716405134,-1192.301801416736,73.0809633696818,-89.96182250976562,4377.462890625,True
1598628863.702581,0,5,0.5,0.5,-0.0056145599365234385,-0.14,-0.011,-0.56,-0.00011995421278823378,10,1,100,0.030167429004220335,-10,-1,-100,7413.273992534378,-0.002749637436415609,-7.616239827681016e-06,0.9999962197108353,67.17301097078852,-1.3305809360620795,-1191.4270235455526,73.0826792603312,-89.9620361328125,4376.283203125,True
1598628863.7939487,0,5,0.5,0.5,-0.005669967651367187,-0.14,-0.011,-0.56,-6.901677213644359e-05,10,1,100,0.030175501215805103,-10,-1,-100,7416.217324822443,-0.0027489564975467615,-7.48733266832298e-06,0.9999962215839191,67.16073555739129,-1.3300715294802323,-1190.9915145649197,73.08355179712778,-89.96212768554688,4375.693359375,True
1598628863.8849962,0,5,0.5,0.5,-0.005614291381835937,-0.14,-0.011,-0.56,-8.970737603440316e-05,10,1,100,0.03007724167940881,-10,-1,-100,7422.048325319891,-0.0027474529350414324,-7.5577243659294804e-06,0.9999962257155027,67.13596026098587,-1.3290476675934764,-1190.1166344037867,73.08525014744848,-89.9622802734375,4374.51416015625,True
1598628863.970175,0,5,0.5,0.5,-0.005635452270507812,-0.14,-0.011,-0.56,-9.538910273272306e-05,10,1,100,0.030099465060453752,-10,-1,-100,7427.90911107813,-0.0027462967084284696,-7.67281673518453e-06,0.9999962288906479,67.11116158448395,-1.328023639852251,-1189.2428803770742,73.08698045103311,-89.96237182617188,4373.33544921875,True
1598628864.0602007,0,5,0.5,0.5,-0.0056863525390625,-0.14,-0.011,-0.56,-8.349041472547972e-05,10,1,100,0.030089097496566658,-10,-1,-100,7433.741087971604,-0.0027451601469720937,-7.668561380755462e-06,0.9999962320113813,67.08642535820795,-1.3270008507695013,-1188.3720898001166,73.08876252073325,-89.96237182617188,4372.1572265625,True
1598628864.157977,0,5,0.5,0.5,-0.005771331787109375,-0.14,-0.011,-0.56,-7.04476380566409e-05,10,1,100,0.030086923809872823,-10,-1,-100,7439.59992077935,-0.0027441164520527143,-7.545355164588471e-06,0.9999962348768945,67.06163433684748,-1.3259770582921229,-1187.5016284177505,73.09056190105478,-89.96224975585938,4370.97900390625,True
1598628864.2069488,0,5,0.5,0.5,-0.005788018798828126,-0.14,-0.011,-0.56,-0.00011268448909068906,10,1,100,0.03007976654675224,-10,-1,-100,7445.433362473501,-0.0027431122908751064,-7.8167521215537e-06,0.9999962376298511,67.0367848265308,-1.32495365013341,-1186.6300556628264,73.09228835378853,-89.96212768554688,4369.8017578125,True
1598628864.2934625,0,5,0.5,0.5,-0.005783343505859376,-0.14,-0.011,-0.56,-7.558360382215296e-05,10,1,100,0.030079592259544752,-10,-1,-100,7448.375718124793,-0.0027422073394756797,-7.72544432351009e-06,0.9999962401125441,67.02442685553562,-1.324444181491331,-1186.196357171054,73.09318552967092,-89.9620361328125,4369.212890625,True
1598628864.3851876,0,5,0.5,0.5,-0.005817153930664063,-0.14,-0.011,-0.56,-0.00011791074409132088,10,1,100,0.030069701684886402,-10,-1,-100,7454.20867140498,-0.0027413046582222024,-8.0265387523824e-06,0.9999962425851137,66.99950870752964,-1.3234214592350906,-1185.3251922179093,73.09491650131375,-89.9619140625,4368.0361328125,True
1598628864.4704063,0,5,0.5,0.5,-0.005748559570312501,-0.14,-0.011,-0.56,-6.368556030288307e-05,10,1,100,0.030002391094185753,-10,-1,-100,7460.067992593627,-0.00273988168006194,-7.806390612631016e-06,0.9999962464866752,66.97449950428036,-1.3223981413890602,-1184.4541354875964,73.09669145974958,-89.9619140625,4366.859375,True
1598628864.598165,0,5,0.5,0.5,-0.005663009643554688,-0.14,-0.011,-0.56,-0.00010006854372551854,10,1,100,0.03002872128692794,-10,-1,-100,7465.898992907489,-0.002738837060714661,-7.936502630848784e-06,0.9999962493472497,66.94949887326544,-1.3213760327912172,-1183.585036552138,73.09851562377398,-89.9620361328125,4365.68310546875,True
1598628864.6490333,0,5,0.5,0.5,-0.005475021362304688,-0.14,-0.011,-0.56,-0.00011343825880168198,10,1,100,0.029938743736391778,-10,-1,-100,7474.675278339069,-0.002737079247553807,-8.176038000099906e-06,0.9999962541581567,66.91198394972822,-1.3198439319545068,-1182.2835149578107,73.10127938886592,-89.96240234375,4363.919921875,True
1598628864.7360346,0,5,0.5,0.5,-0.00555162353515625,-0.14,-0.011,-0.56,-7.456184304717553e-05,10,1,100,0.030018107953538077,-10,-1,-100,7477.618610931793,-0.0027362135259725363,-8.03974936953107e-06,0.9999962565284446,66.89940673263023,-1.3193322570191337,-1181.848897308079,73.10220094451779,-89.96258544921875,4363.33203125,True
1598628864.8263319,0,5,0.5,0.5,-0.0055256530761718745,-0.14,-0.011,-0.56,-0.00010336870204322453,10,1,100,0.030003189898343528,-10,-1,-100,7483.450587653206,-0.0027353011053142203,-8.177292946247482e-06,0.9999962590235001,66.87426187410395,-1.3183094992476254,-1180.9790930070046,73.10394498304598,-89.9627685546875,4362.1572265625,True
1598628864.919257,0,5,0.5,0.5,-0.005627755737304688,-0.14,-0.011,-0.56,-6.872833128823802e-05,10,1,100,0.029960312601233195,-10,-1,-100,7489.309908818454,-0.0027340918343812157,-7.986961485297922e-06,0.9999962623320398,66.84900626974172,-1.3172868259783823,-1180.1093566138752,73.105754354289,-89.9627685546875,4360.98291015625,True
1598628865.011929,0,5,0.5,0.5,-0.005712768554687501,-0.14,-0.011,-0.56,-8.814248373552119e-05,10,1,100,0.029969484059230396,-10,-1,-100,7495.142373882001,-0.0027330859361626323,-7.990135724769493e-06,0.9999962650817369,66.82388783821855,-1.3162662729939452,-1179.2437170835626,73.10760878201681,-89.962646484375,4359.80859375,True
1598628865.1085007,0,5,0.5,0.5,-0.005814871215820313,-0.14,-0.011,-0.56,-0.0001242756914703591,10,1,100,0.029949288484688114,-10,-1,-100,7501.018295787624,-0.002731997914846163,-8.32110075773292e-06,0.9999962680521126,66.79868543919518,-1.3152459123124787,-1178.3774641322082,73.10945497996504,-89.96240234375,4358.634765625,True
1598628865.1933033,0,5,0.5,0.5,-0.005848748779296875,-0.14,-0.011,-0.56,-7.602427152873524e-05,10,1,100,0.02992949050613162,-10,-1,-100,7506.851249426138,-0.002730838926913431,-8.182870289470202e-06,0.999996271218946,66.77353344609634,-1.3142278870381219,-1177.5123955094841,73.11125551742367,-89.962158203125,4357.4619140625,True
1598628865.2851272,0,5,0.5,0.5,-0.005797344970703126,-0.14,-0.011,-0.56,-0.0001254948172609894,10,1,100,0.029922339574329028,-10,-1,-100,7512.710570084164,-0.002729730627969617,-8.506522619555531e-06,0.9999962742422281,66.7482468355021,-1.313207861024868,-1176.6451670953409,73.11300627466254,-89.9620361328125,4356.2890625,True
1598628865.3730135,0,5,0.5,0.5,-0.005686126708984375,-0.14,-0.011,-0.56,-7.634626543759403e-05,10,1,100,0.029916902185693452,-10,-1,-100,7518.569401978282,-0.0027286841745151466,-8.353510644995716e-06,0.9999962770995172,66.72279452489954,-1.3121863634121216,-1175.775364585866,73.11471352584236,-89.96209716796875,4355.11669921875,True
1598628865.4622474,0,5,0.5,0.5,-0.00552784423828125,-0.14,-0.011,-0.56,-8.876373613669669e-05,10,1,100,0.029868024971313856,-10,-1,-100,7524.401867264416,-0.002727298694430856,-8.326797565358303e-06,0.9999962808793319,66.69722003737027,-1.3111639721770911,-1174.9038710882369,73.11638530060067,-89.96237182617188,4353.94482421875,True
1598628865.551982,0,5,0.5,0.5,-0.005403573608398438,-0.14,-0.011,-0.56,-0.00011561709169254571,10,1,100,0.029881253551629627,-10,-1,-100,7530.26021158637,-0.002726169916326448,-8.546279548073365e-06,0.9999962839553697,66.67161896225674,-1.310141593929939,-1174.0324485938258,73.11802507438689,-89.9627685546875,4352.7734375,True
1598628865.6033401,0,5,0.5,0.5,-0.005347628784179688,-0.14,-0.011,-0.56,-9.487644298655583e-05,10,1,100,0.029867625840495515,-10,-1,-100,7536.093653009622,-0.0027250297837041553,-8.55692068817081e-06,0.9999962870628356,66.64593909300184,-1.3091182802023786,-1173.1602056137326,73.11963854169178,-89.96316528320312,4351.6025390625,True
1598628865.6903708,0,5,0.5,0.5,-0.005483709716796875,-0.14,-0.011,-0.56,-8.380072837304178e-05,10,1,100,0.02991220676457536,-10,-1,-100,7539.036008770345,-0.0027244087476684955,-8.465435981483233e-06,0.9999962887557694,66.6331621936219,-1.3086082745765975,-1172.725427036198,73.1204350169531,-89.96328735351562,4351.01708984375,True
1598628865.7830148,0,5,0.5,0.5,-0.005530136108398438,-0.14,-0.011,-0.56,-9.74362269133884e-05,10,1,100,0.029851185713089375,-10,-1,-100,7544.867985256598,-0.0027232993347658828,-8.505965195738373e-06,0.9999962917773155,66.60735956657139,-1.3075858649239063,-1171.85091278321,73.12193982721254,-89.96331787109375,4349.8466796875,True
1598628865.8751428,0,5,0.5,0.5,-0.005696157836914063,-0.14,-0.011,-0.56,-6.513960648403891e-05,10,1,100,0.029810998271259586,-10,-1,-100,7550.728282759897,-0.0027219352485647053,-8.248732474148558e-06,0.9999962954933688,66.58155577486403,-1.306565385797693,-1170.9777380707194,73.12346787551535,-89.96310424804688,4348.6767578125,True
1598628865.9690301,0,5,0.5,0.5,-0.0058110107421875,-0.14,-0.011,-0.56,-0.00012813141147880426,10,1,100,0.029809602462848854,-10,-1,-100,7556.560259530554,-0.0027206926180213535,-8.587302230156249e-06,0.9999962988721192,66.55583904179956,-1.3055470404255267,-1170.1077338135512,73.1250363127096,-89.9627685546875,4347.50732421875,True
1598628866.060081,0,5,0.5,0.5,-0.005878967285156251,-0.14,-0.011,-0.56,-0.00011103940323954973,10,1,100,0.029798209379110492,-10,-1,-100,7562.41958002944,-0.0027194696579450712,-8.739469023013269e-06,0.9999963021973638,66.5300720593746,-1.3045295480014385,-1169.235741968441,73.12646485234458,-89.96240234375,4346.3388671875,True
1598628866.1519833,0,5,0.5,0.5,-0.00582315673828125,-0.14,-0.011,-0.56,-4.788274273790879e-05,10,1,100,0.02977362419571849,-10,-1,-100,7568.294525598758,-0.002718144710089404,-8.303145013110603e-06,0.9999963058033728,66.50410647944916,-1.3035090126188593,-1168.3605496561322,73.12784292246792,-89.96218872070312,4345.17041015625,True
1598628866.2060566,0,5,0.5,0.5,-0.0056392730712890625,-0.14,-0.011,-0.56,-0.00011480309440720957,10,1,100,0.029744584321224704,-10,-1,-100,7574.128455545753,-0.0027166867458323814,-8.515038544380409e-06,0.9999963097635007,66.47802269622512,-1.3024880521739164,-1167.4845845673024,73.1292393987594,-89.9622802734375,4344.001953125,True
1598628866.29409,0,5,0.5,0.5,-0.005583529663085937,-0.14,-0.011,-0.56,-0.00012043731869859365,10,1,100,0.029817382190672898,-10,-1,-100,7577.071299253032,-0.002716034029347056,-8.75874240463883e-06,0.9999963115344155,66.46508208337293,-1.3019796168312203,-1167.0488516641076,73.12994284991298,-89.96243286132812,4343.4189453125,True
1598628866.3859863,0,5,0.5,0.5,-0.005348477172851563,-0.14,-0.011,-0.56,-9.9746861714301e-05,10,1,100,0.02973572753386675,-10,-1,-100,7582.903275970835,-0.0027147085762667805,-8.791803627889933e-06,0.9999963151332358,66.4388607614527,-1.30095784787185,-1166.1700691653537,73.13121019137436,-89.962890625,4342.2509765625,True
1598628866.4773037,0,5,0.5,0.5,-0.005262893676757813,-0.14,-0.011,-0.56,-7.388748480382956e-05,10,1,100,0.029710108076879328,-10,-1,-100,7588.7621083263075,-0.0027132811341666987,-8.586550837041362e-06,0.9999963190091041,66.41240148268655,-1.2999330959938193,-1165.2877037411383,73.13244826568408,-89.96337890625,4341.08447265625,True
1598628866.5681286,0,5,0.5,0.5,-0.0053011108398437505,-0.14,-0.011,-0.56,-0.00010542071624040862,10,1,100,0.029726041195237283,-10,-1,-100,7594.595550186117,-0.002712138986651276,-8.686596194648952e-06,0.9999963221065665,66.38606330279347,-1.298911395843848,-1164.4095453759855,73.13375648511985,-89.96371459960938,4339.91796875,True
1598628866.6624324,0,5,0.5,0.5,-0.005488629150390625,-0.14,-0.011,-0.56,-9.252792872668618e-05,10,1,100,0.02969657546239028,-10,-1,-100,7600.454870591173,-0.002710843954757753,-8.660138305791861e-06,0.9999963256182769,66.35975438087421,-1.2978922978712166,-1163.5336418830339,73.13511186142581,-89.96371459960938,4338.751953125,True
1598628866.7560062,0,5,0.5,0.5,-0.005723178100585939,-0.14,-0.011,-0.56,-8.080285457698068e-05,10,1,100,0.029696966985831276,-10,-1,-100,7606.313702733605,-0.002709681535413112,-8.529353939006226e-06,0.9999963287698744,66.33353395184012,-1.2968755906700116,-1162.661260834011,73.13653097640957,-89.96337890625,4337.58642578125,True
1598628866.849087,0,5,0.5,0.5,-0.005919409179687501,-0.14,-0.011,-0.56,-0.00010492201251370667,10,1,100,0.029666073446334686,-10,-1,-100,7612.161793061066,-0.0027083550799345164,-8.62946902183965e-06,0.9999963323624208,66.30739747147149,-1.2958624715950608,-1161.7924963698345,73.13802546168542,-89.96282958984375,4336.4208984375,True
1598628866.9830785,0,5,0.5,0.5,-0.005996246337890626,-0.14,-0.011,-0.56,-0.00010348590033425808,10,1,100,0.029634757865949487,-10,-1,-100,7618.021113562514,-0.0027068757401669157,-8.7073888347917e-06,0.9999963363672434,66.28123443071492,-1.2948504591380958,-1160.9252709989414,73.13958529542712,-89.9622802734375,4335.255859375,True
1598628867.0369422,0,5,0.5,0.5,-0.0058169372558593765,-0.14,-0.011,-0.56,-0.00013350861296651444,10,1,100,0.029578195247069332,-10,-1,-100,7626.7964223995805,-0.002705028129222712,-9.051187943394277e-06,0.9999963413637551,66.24202386676997,-1.2933328741109553,-1159.6282011829203,73.14201274280532,-89.96209716796875,4333.50830078125,True
1598628867.121999,0,5,0.5,0.5,-0.005607687377929688,-0.14,-0.011,-0.56,-8.913796172380054e-05,10,1,100,0.029707768808343568,-10,-1,-100,7629.713875412592,-0.002704538348540353,-8.959682991798963e-06,0.9999963426893348,66.22879763916609,-1.292824781257049,-1159.1938094473298,73.14283433637351,-89.96224975585938,4332.92626953125,True
1598628867.2224436,0,5,0.5,0.5,-0.005244561767578125,-0.14,-0.011,-0.56,-0.00011755632462458223,10,1,100,0.029607348042024383,-10,-1,-100,7635.5717306955485,-0.0027031912213146634,-9.134441203585403e-06,0.9999963463302168,66.2024517452561,-1.2918090157220252,-1158.32728856773,73.1444574989618,-89.962890625,4331.76220703125,True
1598628867.264273,0,5,0.5,0.5,-0.005026162719726563,-0.14,-0.011,-0.56,-9.390052736639188e-05,10,1,100,0.02962616132774281,-10,-1,-100,7641.405172562343,-0.002702149265350597,-9.077918058499576e-06,0.9999963491468051,66.17583357423536,-1.290790240712011,-1157.4560801855425,73.14602406103755,-89.96371459960938,4330.5986328125,True
1598628867.3110964,0,5,0.5,0.5,-0.0051876098632812504,-0.14,-0.011,-0.56,-0.00010347515924829978,10,1,100,0.029661814793242335,-10,-1,-100,7644.321160767344,-0.0027015375726250016,-9.113315385138342e-06,0.9999963507991873,66.16263257211793,-1.2902826967388819,-1157.022773015479,73.14680980836503,-89.96414184570312,4330.0166015625,True
1598628867.405123,0,5,0.5,0.5,-0.005191043090820312,-0.14,-0.011,-0.56,-0.00011859599104417938,10,1,100,0.029640868038380765,-10,-1,-100,7647.280118035153,-0.0027008017392498476,-9.282478003365128e-06,0.9999963527852492,66.1492787762988,-1.2897727242276886,-1156.5870250625687,73.14759433491469,-89.9644775390625,4329.435546875,True
1598628867.4602673,0,5,0.5,0.5,-0.005164569091796876,-0.14,-0.011,-0.56,-0.00010456937130923539,10,1,100,0.02957967735510745,-10,-1,-100,7653.1130712936865,-0.002699586827467588,-9.308205766154791e-06,0.99999635606552,66.12283253807438,-1.2887578315243933,-1155.7224339243967,73.14926882494676,-89.96478271484375,4328.2724609375,True
1598628867.5450442,0,5,0.5,0.5,-0.005355654907226563,-0.14,-0.011,-0.56,-7.807471491566456e-05,10,1,100,0.029634920783897678,-10,-1,-100,7656.0544502134435,-0.002698994808952072,-9.090144976512602e-06,0.9999963576655619,66.10966014349536,-1.2882511791460962,-1155.2919267539498,73.15014262833566,-89.96475219726562,4327.69091796875,True
1598628867.6375809,0,5,0.5,0.5,-0.005550677490234375,-0.14,-0.011,-0.56,-0.00013798737532359269,10,1,100,0.02952893548447725,-10,-1,-100,7661.888379760552,-0.002697502822785473,-9.43605863414859e-06,0.9999963616881222,66.0833587128041,-1.2872409325763268,-1154.4315547918086,73.15183059857448,-89.96444702148438,4326.52880859375,True
1598628867.7340643,0,5,0.5,0.5,-0.005847970581054687,-0.14,-0.011,-0.56,-9.8084568083524e-05,10,1,100,0.029518507209451386,-10,-1,-100,7667.746724328143,-0.0026960615349130106,-9.3870395392604e-06,0.9999963655754371,66.05697206644795,-1.2862285855283713,-1153.570798490722,73.1535266183916,-89.96377563476562,4325.36669921875,True
1598628867.8188748,0,5,0.5,0.5,-0.00598304443359375,-0.14,-0.011,-0.56,-0.00013865366562009705,10,1,100,0.029515414243900258,-10,-1,-100,7673.622645631083,-0.002694732986437811,-9.710668839054103e-06,0.9999963691533258,66.03072514009975,-1.2852208423987035,-1152.7157574449857,73.15537372163827,-89.96304321289062,4324.205078125,True
1598628867.9099648,0,5,0.5,0.5,-0.0060204559326171875,-0.14,-0.011,-0.56,-0.00011737100569416209,10,1,100,0.02948646819536056,-10,-1,-100,7679.454621887184,-0.002693271428421618,-9.810799038725642e-06,0.9999963730898032,66.0045716286624,-1.28421553032789,-1151.8614835796632,73.15709568179527,-89.96240234375,4323.0439453125,True
1598628867.959411,0,5,0.5,0.5,-0.0058109375,-0.14,-0.011,-0.56,-7.913735611072192e-05,10,1,100,0.02947752923515611,-10,-1,-100,7685.314430732629,-0.002691871718696056,-9.553474118534924e-06,0.9999963768611271,65.97784562862053,-1.2832009542367724,-1150.9929182730932,73.15846426298562,-89.96218872070312,4321.88330078125,True
1598628868.0080936,0,5,0.5,0.5,-0.005606631469726562,-0.14,-0.011,-0.56,-0.0001178093193254647,10,1,100,0.029521967339848656,-10,-1,-100,7688.2309070474,-0.0026910135285360395,-9.670724735845615e-06,0.999996379169778,65.96447854255123,-1.2826942732325501,-1150.5583763759184,73.15911163740425,-89.96231079101562,4321.3037109375,True
1598628868.098678,0,5,0.5,0.5,-0.005505636596679689,-0.14,-0.011,-0.56,-0.00010589935565238361,10,1,100,0.029540258821571016,-10,-1,-100,7691.145918713766,-0.0026904097652578774,-9.668504893938828e-06,0.9999963807943582,65.95095506285594,-1.2821852011611152,-1150.1198292816246,73.1596562920386,-89.96255493164062,4320.7236328125,True
1598628868.1554098,0,5,0.5,0.5,-0.005216854858398438,-0.14,-0.011,-0.56,-9.014925802240858e-05,10,1,100,0.02944769674911783,-10,-1,-100,7697.006215500762,-0.002689029532353035,-9.52279943237943e-06,0.9999963845082095,65.9236346668393,-1.2811618300281358,-1149.2375896710926,73.16067207457607,-89.96316528320312,4319.56494140625,True
1598628868.2389808,0,5,0.5,0.5,-0.00530374755859375,-0.14,-0.011,-0.56,-0.00013482545697610267,10,1,100,0.02950350306325379,-10,-1,-100,7699.939293744275,-0.002688292807301593,-9.796268711059911e-06,0.9999963864863789,65.91006772496306,-1.280651946965822,-1148.799046381322,73.161216601441,-89.96353149414062,4318.9853515625,True
1598628868.3381078,0,5,0.5,0.5,-0.005104318237304688,-0.14,-0.011,-0.56,-8.820246409744984e-05,10,1,100,0.029417363192064998,-10,-1,-100,7705.79714922735,-0.0026868502348078075,-9.620588062831772e-06,0.9999963903651153,65.88272053150641,-1.2796301758000868,-1147.918064865974,73.16224224133181,-89.964111328125,4317.8271484375,True
1598628868.424049,0,5,0.5,0.5,-0.0051947448730468755,-0.14,-0.011,-0.56,-9.720242573019221e-05,10,1,100,0.029404154103422942,-10,-1,-100,7711.657934490475,-0.0026854297631659333,-9.54221399466174e-06,0.9999963941814657,65.85531695939173,-1.278607672472119,-1147.036274223441,73.16321231597931,-89.96444702148438,4316.6689453125,True
1598628868.5162528,0,5,0.5,0.5,-0.005361370849609375,-0.14,-0.011,-0.56,-0.00011113396367611506,10,1,100,0.029371658169980868,-10,-1,-100,7717.489910990582,-0.002683853983241683,-9.597518681869636e-06,0.9999963984113565,65.82799000028254,-1.2775883387777334,-1146.1558078036594,73.16411468964833,-89.9644775390625,4315.51171875,True
1598628868.6079597,0,5,0.5,0.5,-0.005612673950195313,-0.14,-0.011,-0.56,-0.0001379357595492385,10,1,100,0.029378278202029796,-10,-1,-100,7723.364856829285,-0.0026824927359216013,-9.891257015321017e-06,0.9999964020609698,65.80073139262178,-1.2765705814432613,-1145.2862030815857,73.16559574144765,-89.96414184570312,4314.35400390625,True
1598628868.7003868,0,5,0.5,0.5,-0.005850723266601562,-0.14,-0.011,-0.56,-8.190163584118518e-05,10,1,100,0.029370245160455506,-10,-1,-100,7729.19781051937,-0.0026811933382076846,-9.648726568225182e-06,0.9999964055481327,65.77400809616393,-1.2755640317845915,-1144.4311160387324,73.16735909776533,-89.96353149414062,4313.1962890625,True
1598628868.793337,0,5,0.5,0.5,-0.005956292724609375,-0.14,-0.011,-0.56,-0.00014173563183266408,10,1,100,0.02932898880852893,-10,-1,-100,7735.0566418842645,-0.002679647989895895,-9.972337100306504e-06,0.9999964096871562,65.74729859985888,-1.274557901215611,-1143.5775846941822,73.16914765596876,-89.962890625,4312.0390625,True
1598628868.8862195,0,5,0.5,0.5,-0.005810256958007813,-0.14,-0.011,-0.56,-9.257654153511044e-05,10,1,100,0.029348335177335,-10,-1,-100,7740.915474139969,-0.002678430116355051,-9.819246887691972e-06,0.9999964129514136,65.72043035501565,-1.2735516895580192,-1142.721935485215,73.17091560527763,-89.96258544921875,4310.8818359375,True
1598628868.9770162,0,5,0.5,0.5,-0.005510882568359375,-0.14,-0.011,-0.56,-0.00012956840679834974,10,1,100,0.029346073308586216,-10,-1,-100,7746.764052076731,-0.0026773138356130954,-1.001622863120653e-05,0.9999964159387276,65.69345148291076,-1.2725444666071717,-1141.8645164687514,73.17263187839445,-89.9627685546875,4309.72509765625,True
1598628869.0700297,0,5,0.5,0.5,-0.005143215942382814,-0.14,-0.011,-0.56,-0.00010207646808393749,10,1,100,0.029313371616209886,-10,-1,-100,7752.6243487179745,-0.0026760136522166644,-9.945060115418501e-06,0.9999964194196043,65.66631171968218,-1.2715357101528326,-1141.0045588613907,73.17430342185169,-89.96343994140625,4308.5693359375,True
1598628869.1620808,0,5,0.5,0.5,-0.004878021240234375,-0.14,-0.011,-0.56,-0.00012024168055488037,10,1,100,0.02930123269604413,-10,-1,-100,7758.483669199282,-0.002674733146109435,-1.0045115886544284e-05,0.9999964228444483,65.63903516512141,-1.2705233803189198,-1140.1426500728694,73.1759409992483,-89.96435546875,4307.4130859375,True
1598628869.2572932,0,5,0.5,0.5,-0.004855752563476563,-0.14,-0.011,-0.56,-0.00010979695335770142,10,1,100,0.029296061100148714,-10,-1,-100,7764.315157442237,-0.0026735343621048977,-1.0040897388342928e-05,0.9999964260502111,65.61165820570365,-1.2695114865164296,-1139.2795502064912,73.17755514794604,-89.96511840820312,4306.25830078125,True
1598628869.3500686,0,5,0.5,0.5,-0.005110992431640625,-0.14,-0.011,-0.56,-0.00011554866399460847,10,1,100,0.029318763651078043,-10,-1,-100,7770.191078829812,-0.00267266305062986,-1.0088968569108568e-05,0.999996428378837,65.58436519742364,-1.2685016509531841,-1138.41836016999,73.17913914979361,-89.96536254882812,4305.103515625,True
1598628869.4430883,0,5,0.5,0.5,-0.0055457763671875005,-0.14,-0.011,-0.56,-0.00010213074693946979,10,1,100,0.02927830743873385,-10,-1,-100,7776.0245204732055,-0.002671514771642639,-1.0010191528781119e-05,0.999996431447943,65.55711430757243,-1.2674930471817794,-1137.5584610405474,73.18070085491195,-89.96493530273438,4303.94921875,True
1598628869.535188,0,5,0.5,0.5,-0.005989608764648437,-0.14,-0.011,-0.56,-0.00013991113214175036,10,1,100,0.029283590855431023,-10,-1,-100,7781.882863730774,-0.0026705301301802294,-1.028165892773425e-05,0.9999964340751977,65.52990755509333,-1.266486851142657,-1136.6998393577683,73.18223928021351,-89.96395874023438,4302.794921875,True
1598628869.6281188,0,5,0.5,0.5,-0.006233340454101563,-0.14,-0.011,-0.56,-0.00011479968414109409,10,1,100,0.02927252688744498,-10,-1,-100,7787.758785612765,-0.0026695452951470216,-1.0299806670492574e-05,0.9999964367045671,65.50268965853276,-1.265480105688731,-1135.8417796731285,73.18376982988224,-89.96282958984375,4301.6416015625,True
1598628869.7613482,0,5,0.5,0.5,-0.006135845947265625,-0.14,-0.011,-0.56,-0.00010114040971339163,10,1,100,0.029248109217982675,-10,-1,-100,7793.591250136611,-0.0026684386008881396,-1.0191537505382603e-05,0.9999964396594448,65.47540144629832,-1.2644751956697495,-1134.9831205312596,73.18528413509416,-89.96206665039062,4300.48828125,True
1598628869.8520186,0,5,0.5,0.5,-0.005431796264648438,-0.14,-0.011,-0.56,-0.0001211285057366495,10,1,100,0.029171467276980848,-10,-1,-100,7802.383160207886,-0.002666745960633692,-1.027462168239854e-05,0.9999964441738849,65.43419912538107,-1.2629649058569876,-1133.6920207922728,73.18755220963324,-89.96246337890625,4298.75927734375,True
1598628869.946276,0,5,0.5,0.5,-0.004692794799804688,-0.14,-0.011,-0.56,-0.0001394259230054234,10,1,100,0.029215320353919168,-10,-1,-100,7808.240527291549,-0.0026656164830615617,-1.0516078932315786e-05,0.9999964471827774,65.40643350498542,-1.2619533464265593,-1132.8280449475299,73.18911706497273,-89.96383666992188,4297.607421875,True
1598628870.0414011,0,5,0.5,0.5,-0.004157562255859375,-0.14,-0.011,-0.56,-0.00010914791400170496,10,1,100,0.02920187467171135,-10,-1,-100,7814.101312184823,-0.0026644780857509646,-1.045987648647847e-05,0.9999964502172602,65.37864942203821,-1.260940417008272,-1131.9642063612378,73.19065004823577,-89.9656982421875,4296.45556640625,True
1598628870.133046,0,5,0.5,0.5,-0.0041935302734375,-0.14,-0.011,-0.56,-0.0001291264009924752,10,1,100,0.029189315681925405,-10,-1,-100,7819.948913247557,-0.0026633394933491547,-1.0589937948023311e-05,0.9999964532490084,65.35071267784008,-1.2599234870993776,-1131.0978162199929,73.19213192456705,-89.96713256835938,4295.3046875,True
1598628870.2271073,0,5,0.5,0.5,-0.004801437377929688,-0.14,-0.011,-0.56,-0.00011408071847838088,10,1,100,0.029173356766918877,-10,-1,-100,7825.809698579833,-0.0026621696861681412,-1.0570901415607329e-05,0.9999964563641304,65.32289455415099,-1.2589095989883141,-1130.2332316474838,73.19353565921963,-89.9674072265625,4294.15380859375,True
1598628870.2822354,0,5,0.5,0.5,-0.005743133544921875,-0.14,-0.011,-0.56,-0.00013278577873801817,10,1,100,0.029142479040151825,-10,-1,-100,7831.668530260096,-0.0026608358500110982,-1.0723159657564717e-05,0.9999964599125305,65.29541128856211,-1.2579044075536994,-1129.376276145433,73.19500294016926,-89.96627807617188,4293.00341796875,True
1598628870.370036,0,5,0.5,0.5,-0.00583612060546875,-0.14,-0.011,-0.56,-8.214708164029874e-05,10,1,100,0.02921141513186902,-10,-1,-100,7834.584518420976,-0.00266026071542996,-1.040064791201175e-05,0.9999964614461155,65.28176664152443,-1.2574039281493739,-1128.9498836485238,73.195740830501,-89.96524047851562,4292.42822265625,True
1598628870.4610066,0,5,0.5,0.5,-0.006856903076171875,-0.14,-0.011,-0.56,-0.00012955803036924227,10,1,100,0.029109852250310528,-10,-1,-100,7840.459951646393,-0.0026588247978476774,-1.0538109080514694e-05,0.9999964652635741,65.25442203961683,-1.2564037899366367,-1128.0960232666941,73.19716238832534,-89.96295166015625,4291.2783203125,True
1598628870.553405,0,5,0.5,0.5,-0.006879373168945313,-0.14,-0.011,-0.56,-0.00013668168141822094,10,1,100,0.029120107648286826,-10,-1,-100,7846.291928031598,-0.0026576232903293257,-1.0727601106732831e-05,0.9999964684554468,65.22694395083718,-1.2554025213253834,-1127.2411790674885,73.19861456080275,-89.96109008789062,4290.12890625,True
1598628870.6441433,0,5,0.5,0.5,-0.00639422607421875,-0.14,-0.011,-0.56,-0.0001263238966073079,10,1,100,0.02912148858280969,-10,-1,-100,7852.167849806137,-0.0026565544029035935,-1.08053160009808e-05,0.9999964712947489,65.19942794375005,-1.2544025665274268,-1126.3871282564924,73.20010306361806,-89.96029663085938,4288.97998046875,True
1598628870.7422366,0,5,0.5,0.5,-0.005310968017578126,-0.14,-0.011,-0.56,-0.00012141825026400374,10,1,100,0.029053338714332633,-10,-1,-100,7857.99982631579,-0.002654973946619486,-1.0830811139452917e-05,0.999996475491807,65.17158098814113,-1.2533974847168363,-1125.5283385443192,73.20159573669787,-89.96121215820312,4287.8310546875,True
1598628870.830028,0,5,0.5,0.5,-0.004116055297851562,-0.14,-0.011,-0.56,-0.00013486825409928966,10,1,100,0.0290611820148865,-10,-1,-100,7863.859634387307,-0.0026536191727426182,-1.0975755673423756e-05,0.999996479086211,65.14338172154967,-1.2523848185666089,-1124.6645336773513,73.2030984003871,-89.96365356445312,4286.68310546875,True
1598628870.9242861,0,5,0.5,0.5,-0.0031976776123046873,-0.14,-0.011,-0.56,-0.0001183390048499857,10,1,100,0.029040814866843453,-10,-1,-100,7869.736044273945,-0.002652213310881728,-1.0956839641366202e-05,0.9999964828160653,65.11494359332931,-1.251366359535325,-1123.7974767083124,73.20459697702529,-89.9669189453125,4285.53515625,True
1598628871.0169454,0,5,0.5,0.5,-0.0032091522216796883,-0.14,-0.011,-0.56,-0.00012716320868435413,10,1,100,0.02903766574593823,-10,-1,-100,7875.56753229734,-0.002650917776068025,-1.1019411498758241e-05,0.9999964862505855,65.08650336188832,-1.2503482822211467,-1122.9312462078024,73.2060906411518,-89.96951293945312,4284.3876953125,True
1598628871.1130345,0,5,0.5,0.5,-0.0042532867431640635,-0.14,-0.011,-0.56,-0.00011314269508247942,10,1,100,0.029000092807270325,-10,-1,-100,7881.442965435912,-0.002649409737447024,-1.094844536041511e-05,0.9999964902479281,65.05836758407418,-1.2493356214660096,-1122.071208291737,73.20758390405608,-89.9700927734375,4283.240234375,True
1598628871.2032003,0,5,0.5,0.5,-0.005920864868164063,-0.14,-0.011,-0.56,-0.00014685787188102592,10,1,100,0.029017306361881785,-10,-1,-100,7887.302285634563,-0.0026482068800596013,-1.119008907468559e-05,0.9999964934314033,65.03063498908607,-1.248331420903503,-1121.2188448756553,73.2090648089468,-89.96817016601562,4282.09375,True
1598628871.300039,0,5,0.5,0.5,-0.007555136108398438,-0.14,-0.011,-0.56,-0.00012062705604737114,10,1,100,0.028962351980902898,-10,-1,-100,7893.134750256897,-0.0026466252689439102,-1.1170878735155418e-05,0.9999964976188154,65.00325693149082,-1.2473363763740117,-1120.3734845116533,73.21054439051548,-89.96429443359375,4280.94775390625,True
1598628871.3910325,0,5,0.5,0.5,-0.008355126953125,-0.14,-0.011,-0.56,-0.00010415664734810998,10,1,100,0.028973409818644637,-10,-1,-100,7899.010671780095,-0.0026453003623150124,-1.1002983592113665e-05,0.9999965011263426,64.9760180002596,-1.2463477656223951,-1119.5314668040485,73.21202591043426,-89.96005249023438,4279.8017578125,True
1598628871.4829044,0,5,0.5,0.5,-0.007841348266601563,-0.14,-0.011,-0.56,-0.00014921275309110152,10,1,100,0.028933940726383316,-10,-1,-100,7904.869503311929,-0.002643749386755032,-1.1259529992001451e-05,0.9999965052250946,64.94854470209278,-1.2453574079314857,-1118.6862644778462,73.21350491782553,-89.9573974609375,4278.65625,True
1598628871.5760965,0,5,0.5,0.5,-0.0061236083984375,-0.14,-0.011,-0.56,-0.00010101446990356166,10,1,100,0.02894624154326192,-10,-1,-100,7910.718569421675,-0.002642463847220832,-1.105410420938974e-05,0.9999965086252167,64.92048885885642,-1.2443592075653918,-1117.8320019617026,73.21498768022846,-89.95773315429688,4277.51123046875,True
1598628871.6690245,0,5,0.5,0.5,-0.00379366455078125,-0.14,-0.011,-0.56,-0.00012685968205497156,10,1,100,0.028935368184263746,-10,-1,-100,7916.576912967372,-0.0026412091357949237,-1.1102083800929722e-05,0.999996511939439,64.89183023386802,-1.2433495324147872,-1116.9683234840372,73.21647441866881,-89.96133422851562,4276.3662109375,True
1598628871.7609375,0,5,0.5,0.5,-0.0019008300781250009,-0.14,-0.011,-0.56,-0.00012490040056095965,10,1,100,0.028903401878049535,-10,-1,-100,7922.452834463678,-0.0026397903997247185,-1.1127643349964618e-05,0.9999965156853402,64.86264243134393,-1.2423283338972133,-1116.0963346765222,73.21795695609205,-89.9669189453125,4275.22216796875,True
1598628871.8544002,0,5,0.5,0.5,-0.001371725463867188,-0.14,-0.011,-0.56,-0.00013419582873644718,10,1,100,0.028891222840636797,-10,-1,-100,7928.284322025138,-0.002638402492750796,-1.123524511643119e-05,0.9999965193469704,64.83344720633467,-1.2413041121501864,-1115.2250417114703,73.21943280534892,-89.97213745117188,4274.078125,True
1598628871.945834,0,5,0.5,0.5,-0.0026648132324218754,-0.14,-0.011,-0.56,-0.00014103284427490766,10,1,100,0.02886693080286918,-10,-1,-100,7934.145106871612,-0.002636932477720371,-1.139496649495493e-05,0.9999965232225874,64.80457105569647,-1.240285512398829,-1114.3600968608498,73.22090493621548,-89.97445678710938,4272.9345703125,True
1598628872.0362332,0,5,0.5,0.5,-0.005325390625000001,-0.14,-0.011,-0.56,-0.00012054111159454843,10,1,100,0.028874431469932876,-10,-1,-100,7940.020051739295,-0.0026356770022099704,-1.1353537855613066e-05,0.9999965265328861,64.77644128232583,-1.2392807486041928,-1113.508729784666,73.22236821033577,-89.97250366210938,4271.79150390625,True
1598628872.1240046,0,5,0.5,0.5,-0.008330551147460938,-0.14,-0.011,-0.56,-0.0001529460558047907,10,1,100,0.028851471494809766,-10,-1,-100,7945.853004618548,-0.0026343394180950662,-1.161009759221794e-05,0.9999965300544975,64.74902714173135,-1.2382916038613783,-1112.6706180140252,73.22383448223673,-89.96664428710938,4270.6484375,True
1598628872.2120588,0,5,0.5,0.5,-0.010284744262695314,-0.14,-0.011,-0.56,-0.0001408112641267971,10,1,100,0.02880187063392388,-10,-1,-100,7951.727949429536,-0.002632685122402522,-1.17326356024974e-05,0.9999965344096906,64.72200510696435,-1.2373157812185251,-1111.8402343627272,73.22530890317852,-89.95916748046875,4269.50634765625,True
1598628872.3012586,0,5,0.5,0.5,-0.010183572387695313,-0.14,-0.011,-0.56,-0.00010518744189520366,10,1,100,0.028820916556952365,-10,-1,-100,7957.587269506301,-0.0026313670348427787,-1.1519670176221202e-05,0.9999965378814195,64.69483297361403,-1.2363397626821626,-1111.0080752815902,73.22677700731599,-89.95333862304688,4268.3642578125,True
1598628872.3931634,0,5,0.5,0.5,-0.007759927368164063,-0.14,-0.011,-0.56,-0.00015804860293206153,10,1,100,0.028816557964167433,-10,-1,-100,7963.436335200095,-0.0026301418165153964,-1.180615153759236e-05,0.9999965411013378,64.66684145719412,-1.2353524813199304,-1110.1626615715863,73.2282417370641,-89.9521484375,4267.22265625,True
1598628872.4840965,0,5,0.5,0.5,-0.0038948516845703127,-0.14,-0.011,-0.56,-9.211931524166656e-05,10,1,100,0.028770293380006882,-10,-1,-100,7969.2932138165925,-0.002628619765061989,-1.1466735049339285e-05,0.9999965451073541,64.63774407620241,-1.234345693947046,-1109.2990460587735,73.22970207372224,-89.95672607421875,4266.08203125,True
1598628872.575989,0,5,0.5,0.5,-0.00017891845703124978,-0.14,-0.011,-0.56,-0.00015512967054759032,10,1,100,0.028799681847289746,-10,-1,-100,7975.170111672254,-0.0026275158353361527,-1.1730620898399479e-05,0.9999965480055057,64.6077359191541,-1.2333196832651365,-1108.4207831339997,73.23117058499602,-89.9656982421875,4264.94091796875,True
1598628872.6300237,0,5,0.5,0.5,0.0015733184814453126,-0.14,-0.011,-0.56,-0.0001250928561914875,10,1,100,0.02875707319668009,-10,-1,-100,7981.003064486897,-0.0026261373599439034,-1.1696883778764656e-05,0.9999965516269292,64.57736541435722,-1.2322820072656884,-1107.5371821640306,73.23263745888457,-89.97537231445312,4263.80078125,True
1598628872.6779506,0,5,0.5,0.5,-0.001228662109375,-0.14,-0.011,-0.56,-0.0001348444303494943,10,1,100,0.028830021738465206,-10,-1,-100,7983.962997424533,-0.002625559780912433,-1.1754346852870516e-05,0.9999965531428957,64.56231202470899,-1.2317650189902543,-1107.096993623608,73.2333027443737,-89.97909545898438,4263.23046875,True
1598628872.766028,0,5,0.5,0.5,-0.0017678833007812498,-0.14,-0.011,-0.56,-9.939322677331545e-05,10,1,100,0.028801522788751963,-10,-1,-100,7986.878009230248,-0.002624787302897193,-1.1483830431604727e-05,0.9999965551739347,64.54742488827843,-1.2312503061413862,-1106.66085838314,73.23403530748067,-89.98129272460938,4262.66064453125,True
1598628872.856309,0,5,0.5,0.5,-0.00335399169921875,-0.14,-0.011,-0.56,-0.00017106627940062519,10,1,100,0.028730254627354363,-10,-1,-100,7992.7373287801165,-0.0026234481988477447,-1.1889398832578053e-05,0.9999965586831738,64.51855487789649,-1.2302383555797782,-1105.802701053543,73.23536094703636,-89.98077392578125,4261.521484375,True
1598628872.9499369,0,5,0.5,0.5,-0.006685958862304688,-0.14,-0.011,-0.56,-0.00010799237582884025,10,1,100,0.02870783518899439,-10,-1,-100,7998.586883287062,-0.0026220381355480304,-1.1684211109194882e-05,0.9999965623838387,64.49061396335512,-1.2292442069413982,-1104.963217551928,73.23681673237965,-89.9755859375,4260.38232421875,True
1598628873.0404782,0,5,0.5,0.5,-0.0097095703125,-0.14,-0.011,-0.56,-0.0001600292233900731,10,1,100,0.02872730079864568,-10,-1,-100,8004.445226233453,-0.00262094440289289,-1.1970671689842319e-05,0.9999965652476712,64.46342701796763,-1.2282686536504734,-1104.1383862106386,73.23833542775502,-89.96710205078125,4259.2431640625,True
1598628873.132059,0,5,0.5,0.5,-0.01112357177734375,-0.14,-0.011,-0.56,-0.00013503201914703348,10,1,100,0.02864649442089251,-10,-1,-100,8010.321636152687,-0.002619226170426379,-1.2003626691778406e-05,0.9999965697492071,64.43647240135408,-1.2273017557609376,-1103.3182988548556,73.23984609059998,-89.95828247070312,4258.1044921875,True
1598628873.2231333,0,5,0.5,0.5,-0.010024383544921876,-0.14,-0.011,-0.56,-0.00013787956337204415,10,1,100,0.028693339306549395,-10,-1,-100,8016.154100488988,-0.002618101040657719,-1.2059032589660802e-05,0.999996572694887,64.40896234608024,-1.2263296458054451,-1102.489628481428,73.24136180343281,-89.95278930664062,4256.966796875,True
1598628873.3160782,0,5,0.5,0.5,-0.006605709838867188,-0.14,-0.011,-0.56,-0.00012700254331179863,10,1,100,0.028625837797392417,-10,-1,-100,8022.029045205913,-0.0026164754914901078,-1.2010289695322505e-05,0.9999965769500191,64.38046663764514,-1.2253421543718652,-1101.644977031145,73.24288095859129,-89.95327758789062,4255.8291015625,True
1598628873.405032,0,5,0.5,0.5,-0.002161871337890625,-0.14,-0.011,-0.56,-0.0001609640264363814,10,1,100,0.028659960210400764,-10,-1,-100,8027.887388051255,-0.0026153189635228754,-1.2274224588287547e-05,0.9999965799721829,64.35071753261026,-1.2243300984120935,-1100.779525456485,73.244382731341,-89.96002197265625,4254.69140625,True
1598628873.49896,0,5,0.5,0.5,0.0013822998046874998,-0.14,-0.011,-0.56,-0.00012023641170474136,10,1,100,0.028606738684194333,-10,-1,-100,8033.7633094963385,-0.0026137948304706176,-1.2143420171886415e-05,0.999996583958726,64.32011733151651,-1.223299173085355,-1099.9003290612177,73.24588101278022,-89.97048950195312,4253.5546875,True
1598628873.5884423,0,5,0.5,0.5,0.002201513671875001,-0.14,-0.011,-0.56,-0.0001296157832422493,10,1,100,0.02860143957237838,-10,-1,-100,8039.612375242868,-0.002612372301706123,-1.2109368137868983e-05,0.9999965876763383,64.28939354690766,-1.2222600847519143,-1099.0199693503384,73.24738413723439,-89.98004150390625,4252.41796875,True
1598628873.6776197,0,5,0.5,0.5,-0.0003694671630859376,-0.14,-0.011,-0.56,-0.00013177314905395463,10,1,100,0.028594885655800872,-10,-1,-100,8045.47218330286,-0.0026110315012960656,-1.2097701413155005e-05,0.9999965911782623,64.25945574747931,-1.2212332319362849,-1098.1543040002837,73.2489181687921,-89.9840087890625,4251.2822265625,True
1598628873.768464,0,5,0.5,0.5,-0.0055361572265625,-0.14,-0.011,-0.56,-0.00017679376279465975,10,1,100,0.02858008116811319,-10,-1,-100,8051.346639822354,-0.0026096905108548537,-1.2495815541983661e-05,0.9999965946738478,64.23098542130325,-1.2202339696842788,-1097.3145313578113,73.25044617174223,-89.97979736328125,4250.146484375,True
1598628873.8628895,0,5,0.5,0.5,-0.011232421875000002,-0.14,-0.011,-0.56,-0.00013739867899791486,10,1,100,0.028565275063431927,-10,-1,-100,8057.180080493679,-0.0026083493346730066,-1.2499049063939845e-05,0.9999965981729747,64.20389749558548,-1.2192654332173225,-1096.499305581195,73.25198167773065,-89.96829223632812,4249.0107421875,True
1598628873.946112,0,5,0.5,0.5,-0.014859219360351564,-0.14,-0.011,-0.56,-0.00014489801745062425,10,1,100,0.028553885913507764,-10,-1,-100,8063.05502550106,-0.0026070389902364487,-1.2569423671693056e-05,0.9999966015890819,64.17756311739983,-1.2183177998620491,-1095.6979376936304,73.25352921533118,-89.95391845703125,4247.8759765625,True
1598628874.0373085,0,5,0.5,0.5,-0.015390689086914065,-0.14,-0.011,-0.56,-0.0001391033716475769,10,1,100,0.028515751119692602,-10,-1,-100,8068.913368541165,-0.002605513729361855,-1.2580177669639317e-05,0.9999966055642117,64.15102274088743,-1.217376519733988,-1094.894124497084,73.2550952062084,-89.94168090820312,4246.7412109375,True
1598628874.1295936,0,5,0.5,0.5,-0.010969863891601563,-0.14,-0.011,-0.56,-0.00014582101325342608,10,1,100,0.028528325430780235,-10,-1,-100,8074.762922539841,-0.0026042539063412615,-1.2650499363300128e-05,0.9999966088450283,64.12317639628424,-1.216415049427608,-1094.0693964251905,73.25670121244623,-89.938232421875,4245.60693359375,True
1598628874.2223263,0,5,0.5,0.5,-0.0033509887695312495,-0.14,-0.011,-0.56,-0.00013920152841407924,10,1,100,0.028519920612398185,-10,-1,-100,8080.637867431389,-0.002603044793550264,-1.265371334374895e-05,0.9999966119931039,64.09323111089934,-1.2154149035532504,-1093.2117878879767,73.2584539596006,-89.94638061523438,4244.47265625,True
1598628874.3133328,0,5,0.5,0.5,0.004383123779296877,-0.14,-0.011,-0.56,-0.00012454412265003003,10,1,100,0.02848284568059923,-10,-1,-100,8086.496699025505,-0.002601620764994766,-1.2522801070257952e-05,0.9999966157005605,64.06151889414582,-1.2143768654931406,-1092.3267642260716,73.2603392089376,-89.96395874023438,4243.3388671875,True
1598628874.4032738,0,5,0.5,0.5,0.008621463012695313,-0.14,-0.011,-0.56,-0.00012492743909975243,10,1,100,0.02847745144340593,-10,-1,-100,8092.346252161893,-0.002600289607968491,-1.2407048628916366e-05,0.9999966191642948,64.02892877482245,-1.2133136351011315,-1091.4239467357233,73.26196687886141,-89.98406982421875,4242.20556640625,True
1598628874.4931586,0,5,0.5,0.5,0.00693382568359375,-0.14,-0.011,-0.56,-0.0001417943694204158,10,1,100,0.028443521494366946,-10,-1,-100,8098.206060286844,-0.0025987832886101613,-1.2454915204741837e-05,0.9999966230794451,63.996793724216694,-1.2122524369330414,-1090.526689904882,73.26337968389602,-89.99772644042969,4241.0732421875,True
1598628874.5825448,0,5,0.5,0.5,-0.0006517013549804687,-0.14,-0.011,-0.56,-0.00014150870097672327,10,1,100,0.028457523376745623,-10,-1,-100,8104.080516349757,-0.002597553550863391,-1.2495519154125176e-05,0.9999966262740152,63.96678516674207,-1.2112281007782997,-1089.6638658722072,73.26460495056486,-89.99778747558594,4239.94140625,True
1598628874.669215,0,5,0.5,0.5,-0.011319833374023439,-0.14,-0.011,-0.56,-0.00013291855192684216,10,1,100,0.028413413246725992,-10,-1,-100,8109.956438014167,-0.0025960468589574515,-1.2453977918801138e-05,0.9999966301871244,63.93952857184827,-1.2102596650742732,-1088.8528558361666,73.26611957560847,-89.98257446289062,4238.8095703125,True
1598628874.75947,0,5,0.5,0.5,-0.020421392822265627,-0.14,-0.011,-0.56,-0.00017839212138578533,10,1,100,0.028449800349124758,-10,-1,-100,8115.788413351052,-0.0025950203342028563,-1.2829647279608934e-05,0.9999966328467637,63.91458050301665,-1.2093455621598168,-1088.079135343646,73.26743631879974,-89.9573974609375,4237.67822265625,True
1598628874.8497672,0,5,0.5,0.5,-0.023552273559570316,-0.14,-0.011,-0.56,-0.00010598179590395518,10,1,100,0.028406776693677832,-10,-1,-100,8121.663846346899,-0.002593708123013225,-1.2512588650312412e-05,0.9999966362551466,63.88981549047839,-1.2084481310255046,-1087.3077617153958,73.26864539352397,-89.93280029296875,4236.54736328125,True
1598628874.9454684,0,5,0.5,0.5,-0.018452822875976563,-0.14,-0.011,-0.56,-0.00015444370250896835,10,1,100,0.02838670218574211,-10,-1,-100,8127.523165824823,-0.0025923448271934386,-1.2664967988289675e-05,0.9999966397883022,63.86326143198723,-1.2075281304285181,-1086.5069301182482,73.26986858939621,-89.92044067382812,4235.4169921875,True
1598628875.0321524,0,5,0.5,0.5,-0.0064919342041015625,-0.14,-0.011,-0.56,-0.00017069958665828774,10,1,100,0.028361495441257698,-10,-1,-100,8133.3727198939305,-0.0025908882868639275,-1.2951198342064046e-05,0.9999966435594427,63.833317633584244,-1.2065489135589529,-1085.649584250548,73.27111765752629,-89.92767333984375,4234.287109375,True
1598628875.126151,0,5,0.5,0.5,0.008479971313476563,-0.14,-0.011,-0.56,-0.00011131093703354404,10,1,100,0.028339974673088852,-10,-1,-100,8139.247176229488,-0.0025893806665078165,-1.2671237577107836e-05,0.999996647467982,63.79966002744188,-1.205493468118595,-1084.7306728355677,73.2724185281778,-89.95486450195312,4233.15771484375,True
1598628875.2159944,0,5,0.5,0.5,0.01868339538574219,-0.14,-0.011,-0.56,-0.000122468353924847,10,1,100,0.028339346594314835,-10,-1,-100,8145.106984395301,-0.002588016814674354,-1.2518142922310982e-05,0.9999966510005235,63.76368218231474,-1.2043785385770884,-1083.7746074471418,73.2738205851564,-89.99118041992188,4232.0283203125,True
1598628875.307997,0,5,0.5,0.5,0.019060476684570313,-0.14,-0.011,-0.56,-0.0001266680727167167,10,1,100,0.028329925910389714,-10,-1,-100,8150.981928717112,-0.0025867036740176326,-1.2417149459828973e-05,0.999996654399362,63.72821810256457,-1.2032582466026291,-1082.8280713133374,73.27521413019241,-90.0207290649414,4230.8994140625,True
1598628875.4000611,0,5,0.5,0.5,0.00810241928100586,-0.14,-0.011,-0.56,-0.0001526893986847148,10,1,100,0.028317602008940013,-10,-1,-100,8156.830994279706,-0.0025854102251655713,-1.2561885547435391e-05,0.999996657742498,63.696036642726334,-1.202189244501872,-1081.9371983777603,73.27653938287148,-90.02865600585938,4229.7705078125,True
1598628875.4931035,0,5,0.5,0.5,-0.01046051254272461,-0.14,-0.011,-0.56,-0.0001517171958147068,10,1,100,0.02831354615118455,-10,-1,-100,8162.689336992684,-0.002584209648469052,-1.2684528355220522e-05,0.9999966608442228,63.668821562500085,-1.2012144338280744,-1081.1304077908396,73.27778818170842,-90.00843048095703,4228.642578125,True
1598628875.5819314,0,5,0.5,0.5,-0.028864179992675786,-0.14,-0.011,-0.56,-0.00015210893056466092,10,1,100,0.0282573183704685,-10,-1,-100,8168.5657466710545,-0.002582619184286065,-1.2799411215296502e-05,0.9999966649516008,63.646119170074726,-1.200338174227763,-1080.4000217876994,73.27896756711857,-89.9659423828125,4227.51513671875,True
1598628875.6704953,0,5,0.5,0.5,-0.03849978485107422,-0.14,-0.011,-0.56,-0.00019017229191650018,10,1,100,0.0282782801667899,-10,-1,-100,8174.414323344361,-0.002581376076517791,-1.324956670647639e-05,0.9999966681554497,63.62507088383986,-1.199516538530957,-1079.6979822031121,73.28011344254152,-89.918212890625,4226.38818359375,True
1598628875.7602556,0,5,0.5,0.5,-0.03373209686279297,-0.14,-0.011,-0.56,-0.00014145374898857357,10,1,100,0.02826787667430045,-10,-1,-100,8180.272178104729,-0.002580163805212806,-1.321552138145253e-05,0.999996671284504,63.60206794694872,-1.1986793563339924,-1078.9629776773445,73.28122466603554,-89.88690185546875,4225.26171875,True
1598628875.8541791,0,5,0.5,0.5,-0.014945304870605471,-0.14,-0.011,-0.56,-0.00014693779394959092,10,1,100,0.028237583192177687,-10,-1,-100,8186.150052666664,-0.0025787986581142495,-1.3233787010411778e-05,0.9999966748056454,63.573493661269524,-1.197749270835528,-1078.1338507592868,73.28230921842528,-89.88876342773438,4224.13525390625,True
1598628875.93834,0,5,0.5,0.5,0.010744337463378906,-0.14,-0.011,-0.56,-0.0001422449747802361,10,1,100,0.028186513753698544,-10,-1,-100,8192.02353230957,-0.002577105662374005,-1.320721302699685e-05,0.9999966791704733,63.53814335745823,-1.1966859368644802,-1077.190564680413,73.28338784051437,-89.927001953125,4223.00927734375,True
1598628876.0330815,0,5,0.5,0.5,0.035515327453613285,-0.14,-0.011,-0.56,-0.00013054965785796704,10,1,100,0.0282132391532876,-10,-1,-100,8197.857461091247,-0.002575822063174129,-1.307650105670362e-05,0.9999966824793491,63.497054999764714,-1.195492535556986,-1076.1508113568407,73.28445898304442,-89.99298095703125,4221.8837890625,True
1598628876.125746,0,5,0.5,0.5,0.04348053436279298,-0.14,-0.011,-0.56,-0.00012352131378501934,10,1,100,0.02819780162114026,-10,-1,-100,8203.732405405724,-0.002574527139612296,-1.28934095344288e-05,0.9999966858163919,63.454765395799214,-1.1942434124549193,-1075.0914428034132,73.28551359419168,-90.05708312988281,4220.7587890625,True
1598628876.219009,0,5,0.5,0.5,0.029861926269531252,-0.14,-0.011,-0.56,-0.00017416660517690003,10,1,100,0.0281710601461341,-10,-1,-100,8209.60734980239,-0.002573119095396994,-1.3187033284457771e-05,0.9999966894366316,63.416923976382,-1.1930521533776637,-1074.1068693010702,73.2864642835362,-90.08880615234375,4219.634765625,True
1598628876.3069649,0,5,0.5,0.5,-0.002017992401123046,-0.14,-0.011,-0.56,-0.00018624242698773676,10,1,100,0.028172661323971906,-10,-1,-100,8215.440302102244,-0.0025718659609803548,-1.35630442701966e-05,0.999996692655292,63.38809932329776,-1.1920224657866745,-1073.2769142626505,73.28748817464192,-90.06853485107422,4218.51025390625,True
1598628876.3960042,0,5,0.5,0.5,-0.0393763168334961,-0.14,-0.011,-0.56,-0.0001302520231747293,10,1,100,0.028104691027952572,-10,-1,-100,8221.316223052796,-0.002570121149059766,-1.3394958623729319e-05,0.9999966971434727,63.3687336078123,-1.1911893784009957,-1072.6077924868944,73.28850795486774,-89.99888610839844,4217.38671875,True
1598628876.4830887,0,5,0.5,0.5,-0.06544241867065431,-0.14,-0.011,-0.56,-0.0001679693570722142,10,1,100,0.028135240796217695,-10,-1,-100,8227.19116762164,-0.002568825489297468,-1.3584392498492101e-05,0.9999967004700914,63.355082305071065,-1.1905034764249685,-1072.035795022937,73.28950750372533,-89.90594482421875,4216.26318359375,True
1598628876.5741067,0,5,0.5,0.5,-0.06652526168823243,-0.14,-0.011,-0.56,-0.00018389374986771365,10,1,100,0.02812770870332941,-10,-1,-100,8233.066112036817,-0.002567591682937293,-1.3900658699796265e-05,0.9999967036344276,63.34019607339467,-1.1898403702233258,-1071.4433291674902,73.29049118642996,-89.83013916015625,4215.14013671875,True
1598628876.667268,0,5,0.5,0.5,-0.03903913497924805,-0.14,-0.011,-0.56,-0.0001289196266733053,10,1,100,0.028063319876680058,-10,-1,-100,8238.899064303027,-0.002565897219089031,-1.3687816770129684e-05,0.9999967079866338,63.31672071128188,-1.1890484783136015,-1070.7058917036466,73.29144782584356,-89.80889892578125,4214.017578125,True
1598628876.76605,0,5,0.5,0.5,0.007803772735595706,-0.14,-0.011,-0.56,-0.00012846406687666678,10,1,100,0.028070735298507614,-10,-1,-100,8244.773032105179,-0.002564437179958247,-1.3489753294655463e-05,0.999996711734582,63.2805412411354,-1.1880183778915714,-1069.7538920140516,73.29236610445845,-89.85894775390625,4212.8955078125,True
1598628876.8510764,0,5,0.5,0.5,0.05446897354125977,-0.14,-0.011,-0.56,-0.00014537424112860884,10,1,100,0.028052491903470488,-10,-1,-100,8250.649929339415,-0.0025629570785009746,-1.3463191749892695e-05,0.9999967155294843,63.23280930210849,-1.1867370651461586,-1068.6071043107477,73.2932536353324,-89.9656982421875,4211.7734375,True
1598628876.9402711,0,5,0.5,0.5,0.08725140762329102,-0.14,-0.011,-0.56,-0.0001435100359080016,10,1,100,0.02807229891347704,-10,-1,-100,8256.482881664531,-0.002561804457797944,-1.3421864862900208e-05,0.9999967184835027,63.178693552551245,-1.1852776133853014,-1067.3533650728243,73.29413278949494,-90.09786987304688,4210.65234375,True
1598628876.987962,0,5,0.5,0.5,0.07869796218872072,-0.14,-0.011,-0.56,-0.0001464022437838111,10,1,100,0.02800309969922862,-10,-1,-100,8262.356849353411,-0.002560140280306909,-1.3410273797408764e-05,0.9999967227455846,63.12857360270558,-1.1838315991366297,-1066.1681937702024,73.2950128566981,-90.19122314453125,4209.53125,True
1598628877.081419,0,5,0.5,0.5,0.03769744491577149,-0.14,-0.011,-0.56,-0.00014001192739323724,10,1,100,0.028092856995835858,-10,-1,-100,8265.316782761598,-0.0025594564460654024,-1.3341172803172252e-05,0.9999967244969925,63.1082815398257,-1.1831832922345065,-1065.6565712579882,73.29545822292843,-90.20712280273438,4208.970703125,True
1598628877.124807,0,5,0.5,0.5,-0.0015922676086425787,-0.14,-0.011,-0.56,-0.00018088784560644757,10,1,100,0.028017200755699637,-10,-1,-100,8271.14973451919,-0.0025581594151621867,-1.364981284715123e-05,0.9999967278116911,63.0813221735448,-1.1821398684014173,-1064.8646429630196,73.29639428733593,-90.16352844238281,4207.8505859375,True
1598628877.2232592,0,5,0.5,0.5,-0.017118572998046873,-0.14,-0.011,-0.56,-0.00017438272017879952,10,1,100,0.028081493680626374,-10,-1,-100,8274.107714809477,-0.0025575772377911593,-1.3871178320901725e-05,0.9999967292977827,63.07468987775049,-1.1817568277390147,-1064.5853252934585,73.29692023793532,-90.1063232421875,4207.2900390625,True
1598628877.30833,0,5,0.5,0.5,-0.07921596832275392,-0.14,-0.011,-0.56,-0.00020100015719896495,10,1,100,0.02796653454447672,-10,-1,-100,8279.941643407568,-0.0025560143061354726,-1.4313963433860795e-05,0.9999967332876529,63.068233465648724,-1.181163745622098,-1064.1409707549717,73.29789401750784,-89.9716796875,4206.17041015625,True
1598628877.3989217,0,5,0.5,0.5,-0.09827146759033205,-0.14,-0.011,-0.56,-0.00019240519242511202,10,1,100,0.02793280802009864,-10,-1,-100,8285.8165881366,-0.002554298500938831,-1.4637696065029133e-05,0.9999967376671315,63.062575061837705,-1.1806519374535613,-1063.711702024178,73.29894539945943,-89.83663940429688,4205.05078125,True
1598628877.4895298,0,5,0.5,0.5,-0.08277664642333984,-0.14,-0.011,-0.56,-0.0001743750485127714,10,1,100,0.027933283656053,-10,-1,-100,8291.690555772628,-0.0025527550867069228,-1.4767418023828859e-05,0.9999967416063867,63.05116564226944,-1.180094574492376,-1063.1861322997713,73.30000497557855,-89.750732421875,4203.931640625,True
1598628877.5769348,0,5,0.5,0.5,-0.026935478210449223,-0.14,-0.011,-0.56,-0.0001569646283492067,10,1,100,0.027921152641651757,-10,-1,-100,8297.541085779201,-0.0025512536483037057,-1.4726089074656477e-05,0.9999967454386861,63.02340113610735,-1.1792582377018082,-1062.3850230203502,73.30103399495542,-89.76187133789062,4202.8125,True
1598628877.6239767,0,5,0.5,0.5,0.045055516052246086,-0.14,-0.011,-0.56,-0.0001402607199478248,10,1,100,0.027927194945251445,-10,-1,-100,8303.400405058288,-0.0025499556193622824,-1.4535539648323566e-05,0.9999967487522433,62.97682424391056,-1.178048408333411,-1061.2672255963114,73.30203009331107,-89.873779296875,4201.69384765625,True
1598628877.7140975,0,5,0.5,0.5,0.03979327239990235,-0.14,-0.011,-0.56,-0.0001739291098343769,10,1,100,0.027949961610003154,-10,-1,-100,8306.35838496394,-0.0025489943822397665,-1.4667414307081911e-05,0.9999967512009759,62.9476918296712,-1.1773115435866144,-1060.6100828598649,73.30251841131543,-89.9559326171875,4201.134765625,True
1598628877.8030636,0,5,0.5,0.5,0.0949793960571289,-0.14,-0.011,-0.56,-0.00013337400590351974,10,1,100,0.027903216442137557,-10,-1,-100,8312.2079386384,-0.002547707219761936,-1.4417485279814267e-05,0.9999967544847624,62.888746195501064,-1.175765716082764,-1059.2830945989474,73.30334388729547,-90.10071563720703,4200.017578125,True
1598628877.8959389,0,5,0.5,0.5,0.07719398574829103,-0.14,-0.011,-0.56,-0.00015635151173983767,10,1,100,0.027855225398715287,-10,-1,-100,8318.066281387699,-0.002546112092624201,-1.439824784309893e-05,0.9999967585476975,62.83919112280452,-1.1743337676339072,-1058.1166780416827,73.30426701120311,-90.19127655029297,4198.89990234375,True
1598628878.0309985,0,5,0.5,0.5,0.030216868591308593,-0.14,-0.011,-0.56,-0.0001308942570489211,10,1,100,0.027866177218469096,-10,-1,-100,8323.94220229087,-0.002544773670272605,-1.414836869885854e-05,0.9999967619581529,62.802771590881164,-1.1731153543110564,-1057.173111582426,73.30524327195202,-90.19664001464844,4197.783203125,True
1598628878.0792289,0,5,0.5,0.5,-0.10455032806396486,-0.14,-0.011,-0.56,-0.0002281818628429692,10,1,100,0.02773664256419985,-10,-1,-100,8332.734110435238,-0.0025423915037731514,-1.4805185387811617e-05,0.9999967680079012,62.78450568030717,-1.1720136120810385,-1056.3713354088711,73.30671819414124,-90.00835418701172,4196.10791015625,True
1598628878.1290195,0,5,0.5,0.5,-0.07225040969848634,-0.14,-0.011,-0.56,-0.00017710872957370656,10,1,100,0.02790919644424708,-10,-1,-100,8335.666700020083,-0.002541808374714094,-1.4937141159805744e-05,0.9999967694883158,62.78675144020472,-1.1718387458680464,-1056.2444699946618,73.30720132501413,-89.90402221679688,4195.5498046875,True
1598628878.18397,0,5,0.5,0.5,-0.08063476943969727,-0.14,-0.011,-0.56,-0.00015063699318988764,10,1,100,0.0278907421871663,-10,-1,-100,8338.60807814938,-0.0025411234058973268,-1.4815882278378465e-05,0.9999967712309502,62.79038678328807,-1.1717165495772208,-1056.1405380434967,73.30764557465022,-89.80868530273438,4194.9921875,True
1598628878.2342784,0,5,0.5,0.5,-0.07903771133422852,-0.14,-0.011,-0.56,-0.00019532448135473098,10,1,100,0.027870147154916296,-10,-1,-100,8341.541643937351,-0.0025403254567662125,-1.5111734836567378e-05,0.9999967732538988,62.79011057129487,-1.171544087335162,-1055.9699461909697,73.30801771290348,-89.7347412109375,4194.43408203125,True
1598628878.3204463,0,5,0.5,0.5,-0.07494519424438477,-0.14,-0.011,-0.56,-0.0001876556413808913,10,1,100,0.02784289838436739,-10,-1,-100,8344.458608474,-0.002539363632032883,-1.5310661965328995e-05,0.999996775693766,62.78610181112343,-1.1713188011540623,-1055.7371178043059,73.30842027953712,-89.68145751953125,4193.87646484375,True
1598628878.4122043,0,5,0.5,0.5,-0.07367073440551758,-0.14,-0.011,-0.56,-0.00011736022948956074,10,1,100,0.027765730730578357,-10,-1,-100,8350.333552633529,-0.00253779853089202,-1.485192418074503e-05,0.9999967796738333,62.76640459967874,-1.1706856320712986,-1055.0757346749224,73.30923898288239,-89.64077758789062,4192.76123046875,True
1598628878.4670067,0,5,0.5,0.5,-0.019850498199462892,-0.14,-0.011,-0.56,-0.0001210192444195298,10,1,100,0.027755668038792917,-10,-1,-100,8356.207520257682,-0.0025362952845554318,-1.446786598091167e-05,0.9999967834932824,62.73109647593325,-1.16977117004389,-1054.1544340481146,73.31018473731613,-89.68548583984375,4191.646484375,True
1598628878.5090678,0,5,0.5,0.5,-0.00790738906860352,-0.14,-0.011,-0.56,-0.00011166041458663606,10,1,100,0.027827154804834768,-10,-1,-100,8359.12448445009,-0.0025355901213022633,-1.4033823299242463e-05,0.9999967852877272,62.70793250724292,-1.1692022122301324,-1053.6018619460735,73.3106802489719,-89.73873901367188,4191.0888671875,True
1598628878.600982,0,5,0.5,0.5,0.011689553833007814,-0.14,-0.011,-0.56,-0.00013264257453283175,10,1,100,0.027787217254674555,-10,-1,-100,8362.041448879172,-0.002534597010705617,-1.3830334735400029e-05,0.9999967878081986,62.68097132199143,-1.1685503238964714,-1052.9857934579059,73.31117925509596,-89.80990600585938,4190.53173828125,True
1598628878.648074,0,5,0.5,0.5,0.07993703842163086,-0.14,-0.011,-0.56,-7.297350857831452e-05,10,1,100,0.027683937433541868,-10,-1,-100,8367.9173696558,-0.002532765743681931,-1.3103415362418295e-05,0.9999967924578499,62.62245627444298,-1.1671106695748397,-1051.6751901769376,73.31202221432245,-89.96493530273438,4189.41748046875,True
1598628878.7392502,0,5,0.5,0.5,0.0461860694885254,-0.14,-0.011,-0.56,-0.00012157782638249826,10,1,100,0.027793874248904255,-10,-1,-100,8370.849959093728,-0.002532111297369684,-1.2885386960960607e-05,0.9999967941180334,62.592909190309165,-1.1663585210212366,-1051.0161939633015,73.31249712788615,-90.04110717773438,4188.8603515625,True
1598628878.786969,0,5,0.5,0.5,0.07285448303222657,-0.14,-0.011,-0.56,-0.0001000867997135107,10,1,100,0.027664607328932708,-10,-1,-100,8376.7083016322,-0.0025303505380009942,-1.2493551624850868e-05,0.9999967985799084,62.54011159406212,-1.164926361929241,-1049.8042081366573,73.31341023210123,-90.14009094238281,4187.7470703125,True
1598628878.8831127,0,5,0.5,0.5,0.03018553924560547,-0.14,-0.011,-0.56,-0.0001388121087053429,10,1,100,0.0277529239358731,-10,-1,-100,8379.668234405108,-0.002529563142125928,-1.2491607391526812e-05,0.9999968005720166,62.51981907791335,-1.1643101617684644,-1049.301569942212,73.31390226123936,-90.15795135498047,4187.1904296875,True
1598628878.9282186,0,5,0.5,0.5,0.012460906219482423,-0.14,-0.011,-0.56,-0.00010441363597287216,10,1,100,0.02772126727182588,-10,-1,-100,8384.063701050705,-0.0025285700491697763,-1.217923949537962e-05,0.9999968030874761,62.49578376029089,-1.1635024326899464,-1048.654800201397,73.31458933558817,-90.14636993408203,4186.35546875,True
1598628878.9840283,0,5,0.5,0.5,-0.023229185485839843,-0.14,-0.011,-0.56,-0.0001313170073767505,10,1,100,0.027662909224393094,-10,-1,-100,8388.460143016884,-0.0025271473964217006,-1.21425106892276e-05,0.9999968066841994,62.480929888400034,-1.1628768792037372,-1048.1632476239001,73.31533010345534,-90.0854721069336,4185.52099609375,True
1598628879.0682168,0,5,0.5,0.5,-0.02777500381469727,-0.14,-0.011,-0.56,-0.0001606566211731848,10,1,100,0.027707083777274006,-10,-1,-100,8391.376130326069,-0.002526266768254741,-1.2378724764762532e-05,0.9999968089063997,62.47492854096,-1.1625454661688601,-1047.9010644466969,73.31581424705215,-90.02962493896484,4184.96435546875,True
1598628879.168129,0,5,0.5,0.5,-0.07797059326171875,-0.14,-0.011,-0.56,-0.00015517936024892688,10,1,100,0.02762508582036674,-10,-1,-100,8397.252051338204,-0.002524731244642564,-1.2545919915406473e-05,0.9999968127822919,62.46523671601327,-1.1619720050778999,-1047.415735575668,73.31677100053716,-89.91262817382812,4183.85205078125,True
1598628879.2598407,0,5,0.5,0.5,-0.07895975036621095,-0.14,-0.011,-0.56,-0.0001615592332027246,10,1,100,0.02762535086758533,-10,-1,-100,8403.099651854136,-0.0025233482363697657,-1.2757661575631404e-05,0.9999968162703919,62.45261738281731,-1.1613984714935233,-1046.8827458712353,73.31779178965414,-89.8172607421875,4182.740234375,True
1598628879.3451931,0,5,0.5,0.5,-0.06182625732421876,-0.14,-0.011,-0.56,-0.00012179541357858079,10,1,100,0.027580096149949745,-10,-1,-100,8408.975572427269,-0.0025216906785841095,-1.258982487172877e-05,0.9999968204537542,62.43380481564404,-1.1607526944773956,-1046.247074262084,73.31884716353991,-89.76531982421875,4181.62841796875,True
1598628879.4030843,0,5,0.5,0.5,-0.011041561889648437,-0.14,-0.011,-0.56,-0.00011420088845418255,10,1,100,0.027565359198445636,-10,-1,-100,8414.851493147085,-0.002520061568612677,-1.2369332648744275e-05,0.9999968245633033,62.40102271644011,-1.1598608737974572,-1045.377928316034,73.3198939666827,-89.79638671875,4180.51708984375,True
1598628879.486035,0,5,0.5,0.5,0.0033549438476562464,-0.14,-0.011,-0.56,-0.00015560756577333453,10,1,100,0.02763909714468946,-10,-1,-100,8417.76552742708,-0.0025192624537636542,-1.2545976860490365e-05,0.9999968265746083,62.37892712240034,-1.1593010031254027,-1044.8480064272137,73.32041008452467,-89.84207153320312,4179.9619140625,True
1598628879.5801518,0,5,0.5,0.5,0.06569337768554688,-0.14,-0.011,-0.56,-9.812315876505393e-05,10,1,100,0.0275757599386771,-10,-1,-100,8423.642424597754,-0.002517971873704072,-1.218428554391196e-05,0.9999968298295682,62.3264503034812,-1.1579896843769353,-1043.6489571325164,73.32135848833904,-89.96798706054688,4178.85107421875,True
1598628879.629017,0,5,0.5,0.5,0.08494269256591798,-0.14,-0.011,-0.56,-0.00012561695071711186,10,1,100,0.027537976357491972,-10,-1,-100,8429.51834550628,-0.002516466385333948,-1.2105699970296608e-05,0.9999968336201788,62.271761426223854,-1.156575178438969,-1042.4142749222995,73.32233901603927,-90.09648895263672,4177.74072265625,True
1598628879.6783366,0,5,0.5,0.5,0.0487920150756836,-0.14,-0.011,-0.56,-0.0001553017100014281,10,1,100,0.027598063470741993,-10,-1,-100,8432.434332884732,-0.0025156559121695555,-1.2304470812704826e-05,0.9999968356569593,62.24557063917353,-1.1558661152180267,-1041.8168713619357,73.32284857518341,-90.14774322509766,4177.185546875,True
1598628879.7271044,0,5,0.5,0.5,0.040262489318847655,-0.14,-0.011,-0.56,-9.916992630640728e-05,10,1,100,0.027609133880771342,-10,-1,-100,8435.36594546237,-0.0025150314985994656,-1.1974768789196359e-05,0.9999968372315815,62.222648854379926,-1.1552068589191604,-1041.2735521727243,73.32329354441814,-90.17655944824219,4176.630859375,True
1598628879.7752576,0,5,0.5,0.5,0.030030806732177735,-0.14,-0.011,-0.56,-0.00020071063958586416,10,1,100,0.02759922297023081,-10,-1,-100,8438.309276741697,-0.0025143847651652174,-1.2598289563001933e-05,0.9999968388502715,62.20391554337187,-1.1546176831444481,-1040.800053922418,73.32370357566492,-90.18485260009766,4176.076171875,True
1598628879.8654068,0,5,0.5,0.5,0.02057997512817383,-0.14,-0.011,-0.56,-0.0001250440148475307,10,1,100,0.027572579494741012,-10,-1,-100,8441.241866209428,-0.002513565414086984,-1.2477048619023752e-05,0.9999968409116262,62.18823656705504,-1.1540842980163977,-1040.3778304621292,73.32411277252614,-90.17774200439453,4175.521484375,True
1598628879.9230137,0,5,0.5,0.5,-0.009513073730468752,-0.14,-0.011,-0.56,-0.00019816780024563477,10,1,100,0.027498932880852568,-10,-1,-100,8447.117787017138,-0.0025121611855537457,-1.3031653874750336e-05,0.9999968444331981,62.16390652169132,-1.153155849935279,-1039.6521061267088,73.32497512256529,-90.12864685058594,4174.41259765625,True
1598628880.016205,0,5,0.5,0.5,-0.008834092712402345,-0.14,-0.011,-0.56,-0.00018675595437350062,10,1,100,0.027559291121530168,-10,-1,-100,8450.033774285694,-0.0025114434954849763,-1.3431847333574085e-05,0.9999968462306039,62.15457121131892,-1.1527529370041958,-1039.337186290976,73.32543433008797,-90.08985137939453,4173.8583984375,True
1598628880.0610845,0,5,0.5,0.5,-0.05027245712280274,-0.14,-0.011,-0.56,-0.00017667838785622602,10,1,100,0.027442910197122937,-10,-1,-100,8455.90871848911,-0.0025097423571852104,-1.3703279852836955e-05,0.9999968504978007,62.13950612059591,-1.1520432406030954,-1038.7686430692145,73.32639374961046,-89.99910736083984,4172.75,True
1598628880.112097,0,5,0.5,0.5,-0.03033098907470703,-0.14,-0.011,-0.56,-0.00020927843869152546,10,1,100,0.02755446468718753,-10,-1,-100,8458.825682571158,-0.0025092193806509444,-1.4245188107756747e-05,0.9999968518026318,62.13199502217516,-1.1517039215913696,-1038.4848159846192,73.32686278137422,-89.95468139648438,4172.19580078125,True
1598628880.208954,0,5,0.5,0.5,-0.03121969146728516,-0.14,-0.011,-0.56,-0.00016976297742122193,10,1,100,0.027537990366471702,-10,-1,-100,8461.783662418835,-0.0025086033109524794,-1.4377055772274467e-05,0.9999968533464134,62.123992573455666,-1.1513644172684616,-1038.1928554548501,73.32732852612459,-89.91769409179688,4171.6416015625,True
1598628880.3031893,0,5,0.5,0.5,-0.043481434631347654,-0.14,-0.011,-0.56,-0.00021699207896187068,10,1,100,0.02740930905589299,-10,-1,-100,8467.634192362428,-0.002506881934369297,-1.4924297508361598e-05,0.999996857655179,62.10260091720497,-1.150606026555715,-1037.5190380263655,73.32823119433895,-89.87066650390625,4170.5341796875,True
1598628880.3989732,0,5,0.5,0.5,-0.028545513153076175,-0.14,-0.011,-0.56,-0.00022927606453906964,10,1,100,0.027404501982837462,-10,-1,-100,8473.509136438952,-0.0025052820590395035,-1.5530900230471648e-05,0.9999968616553732,62.07563317873528,-1.1497587520811163,-1036.7546181497564,73.32927067288595,-89.854736328125,4169.42626953125,True
1598628880.4840508,0,5,0.5,0.5,-0.004331077575683594,-0.14,-0.011,-0.56,-0.00014718828912359938,10,1,100,0.027377473874774415,-10,-1,-100,8479.38408070465,-0.0025035913476237816,-1.5333171629142176e-05,0.9999968658927177,62.04231490395825,-1.148794169364812,-1035.8848881416106,73.33031018630453,-89.87704467773438,4168.3193359375,True
1598628880.5330815,0,5,0.5,0.5,0.026682229614257813,-0.14,-0.011,-0.56,-0.0002094303616991818,10,1,100,0.027413204398939357,-10,-1,-100,8485.242423031945,-0.0025023895603300574,-1.571620228512982e-05,0.9999968688948426,62.00131419641755,-1.147666774362953,-1034.8877565727787,73.3313526299344,-89.93966674804688,4167.21240234375,True
1598628880.5796974,0,5,0.5,0.5,0.018388843536376955,-0.14,-0.011,-0.56,-0.0001515499614984915,10,1,100,0.027412757874382243,-10,-1,-100,8488.175012112595,-0.0025013038718441844,-1.5535392049910375e-05,0.9999968716139028,61.97892065934308,-1.1470552051499165,-1034.3579937702348,73.33187970320249,-89.97830200195312,4166.6591796875,True
1598628880.6279962,0,5,0.5,0.5,0.009212245178222656,-0.14,-0.011,-0.56,-0.0001661424334016036,10,1,100,0.02750762619438867,-10,-1,-100,8489.655467471574,-0.0025011904684409426,-1.550089763207473e-05,0.999996871898089,61.96749161652464,-1.1467415898027773,-1034.0892246636513,73.3321365973138,-89.99641418457031,4166.38232421875,True
1598628880.6780446,0,5,0.5,0.5,0.029135606384277347,-0.14,-0.011,-0.56,-0.00020185294299675005,10,1,100,0.027404941776322744,-10,-1,-100,8494.050932336017,-0.002500163853107499,-1.579193529967336e-05,0.9999968744607766,61.93525646999346,-1.1458264645875622,-1033.3153964475061,73.33275222262785,-90.0395736694336,4165.55322265625,True
1598628880.7690158,0,5,0.5,0.5,0.019853921508789063,-0.14,-0.011,-0.56,-0.00020552495289656862,10,1,100,0.027409430204172597,-10,-1,-100,8496.966919748578,-0.002499281624550619,-1.6087751371155832e-05,0.999996876661395,61.91517184023111,-1.1452337336239569,-1032.8234616189145,73.33318107168343,-90.06092071533203,4165.0,True
1598628880.817915,0,5,0.5,0.5,0.020640757751464844,-0.14,-0.011,-0.56,-0.00016999130686706624,10,1,100,0.027359978207715036,-10,-1,-100,8502.842840640573,-0.0024980395447426,-1.6031474225400495e-05,0.9999968797658444,61.878731076628135,-1.1441043855417687,-1031.9028464367016,73.33407424831952,-90.07902526855469,4163.89501953125,True
1598628880.8682415,0,5,0.5,0.5,0.0075521331787109375,-0.14,-0.011,-0.56,-0.00018785778481770075,10,1,100,0.027389420377753416,-10,-1,-100,8505.775429467438,-0.002497188200859212,-1.6141111814158098e-05,0.9999968818904156,61.86307942737498,-1.1435855965345139,-1031.4859246607864,73.33454070621605,-90.07461547851562,4163.34228515625,True
1598628880.9159973,0,5,0.5,0.5,0.001766799926757814,-0.14,-0.011,-0.56,-0.000182560488301905,10,1,100,0.027405567839035257,-10,-1,-100,8508.690440758364,-0.002496571424349688,-1.619102142102879e-05,0.9999968834296303,61.84888697730687,-1.1430945143151676,-1031.0935583880378,73.33501054952825,-90.06257629394531,4162.78955078125,True
1598628880.9650333,0,5,0.5,0.5,-0.003627568054199219,-0.14,-0.011,-0.56,-0.00019140290259627723,10,1,100,0.02739057821446667,-10,-1,-100,8511.64939688344,-0.002495883822308606,-1.6315627808212198e-05,0.9999968851440219,61.83587997097477,-1.1426287070018162,-1030.720752375558,73.33545232244059,-90.04493713378906,4162.2373046875,True
1598628881.0133493,0,5,0.5,0.5,-0.008050762939453126,-0.14,-0.011,-0.56,-0.00019354322804314485,10,1,100,0.027373746865295426,-10,-1,-100,8514.566361073288,-0.0024951142611303666,-1.644765045737069e-05,0.9999968870623042,61.823633909238524,-1.1421803344527588,-1030.3608011116246,73.33589518657816,-90.02420806884766,4161.68505859375,True
1598628881.0631516,0,5,0.5,0.5,-0.011709531402587892,-0.14,-0.011,-0.56,-0.0001810382808346143,10,1,100,0.02739441777489661,-10,-1,-100,8517.509692315944,-0.002494610283861517,-1.645297654668429e-05,0.9999968883195743,61.811753898273466,-1.141744053317824,-1030.0071252021628,73.3363390137939,-90.00216674804688,4161.1328125,True
1598628881.1134593,0,5,0.5,0.5,-0.014614414215087891,-0.14,-0.011,-0.56,-0.0002278710337412614,10,1,100,0.027346953550619505,-10,-1,-100,8520.442281316034,-0.002493727701829561,-1.6882900950428396e-05,0.9999968905137239,61.80001472348927,-1.1413152992241222,-1029.6559509750145,73.33678218037947,-89.98028564453125,4160.58056640625,True
1598628881.1653094,0,5,0.5,0.5,-0.016692920684814455,-0.14,-0.011,-0.56,-0.00017330602306782906,10,1,100,0.027340777324417538,-10,-1,-100,8523.358269172255,-0.0024928760944441415,-1.6776470757800455e-05,0.999996892638836,61.78806862459005,-1.1408881172118497,-1029.3015528783124,73.3372283661786,-89.95980834960938,4160.0283203125,True
1598628881.2161891,0,5,0.5,0.5,-0.017933748626708986,-0.14,-0.011,-0.56,-0.00021089620467701781,10,1,100,0.02734944613159137,-10,-1,-100,8526.317225492909,-0.0024921882717717013,-1.7020285349017018e-05,0.9999968943491415,61.77570773857823,-1.140458118213528,-1028.9404997257611,73.33768179622143,-89.94171142578125,4159.4765625,True
1598628881.2730925,0,5,0.5,0.5,-0.01835328674316406,-0.14,-0.011,-0.56,-0.0001790606357775924,10,1,100,0.027304760637072087,-10,-1,-100,8529.235166004975,-0.002491163997193249,-1.6951404032810623e-05,0.99999689690248,61.76294445952946,-1.14002472902271,-1028.5729612672353,73.33813895502865,-89.92678833007812,4158.9248046875,True
1598628881.3160133,0,5,0.5,0.5,-0.01809067611694336,-0.14,-0.011,-0.56,-0.00017841202951833832,10,1,100,0.027338492281561336,-10,-1,-100,8532.166778795188,-0.002490546869460338,-1.6882103095119178e-05,0.999996898440833,61.74951394715549,-1.1395827415548587,-1028.1945152202272,73.33859808587938,-89.91543579101562,4158.373046875,True
1598628881.3681164,0,5,0.5,0.5,-0.01712560501098633,-0.14,-0.011,-0.56,-0.0002065135727741416,10,1,100,0.027332791417920988,-10,-1,-100,8535.11010991258,-0.0024899408297384905,-1.7073797518752695e-05,0.9999968999467698,61.7353463771162,-1.13913008445208,-1027.8044141594285,73.33909076514105,-89.90798950195312,4157.8212890625,True
1598628881.4171576,0,5,0.5,0.5,-0.015595636749267578,-0.14,-0.011,-0.56,-0.00017080110546946508,10,1,100,0.02731016742746309,-10,-1,-100,8538.040746357525,-0.0024891908004154853,-1.6922558486827383e-05,0.9999969018165938,61.720583994394325,-1.1386680094396793,-1027.4041503663298,73.33955130523101,-89.90447998046875,4157.26953125,True
1598628881.4692426,0,5,0.5,0.5,-0.013633312225341797,-0.14,-0.011,-0.56,-0.00020543790498477618,10,1,100,0.027299737000860448,-10,-1,-100,8540.955756983836,-0.0024884208431744876,-1.709928341970193e-05,0.9999969037298675,61.705064166650146,-1.1381934554559965,-1026.9914559269266,73.34001125772679,-89.90472412109375,4156.71826171875,True
1598628881.5233269,0,5,0.5,0.5,-0.011360788726806641,-0.14,-0.011,-0.56,-0.00016794075384701367,10,1,100,0.02728227575540669,-10,-1,-100,8543.917642963468,-0.002487568927977759,-1.691834684323414e-05,0.9999969058525122,61.68886062691096,-1.1377056982539908,-1026.5675960806911,73.34047370137475,-89.90838623046875,4156.1669921875,True
1598628881.5671163,0,5,0.5,0.5,-0.008924716186523438,-0.14,-0.011,-0.56,-0.00021125439463275217,10,1,100,0.027272997102851654,-10,-1,-100,8546.833630503388,-0.002486716967624008,-1.714719151141935e-05,0.999996907967568,61.672125118219334,-1.1372075795235517,-1026.1351157327529,73.34093945612533,-89.91497802734375,4155.615234375,True
1598628881.6147316,0,5,0.5,0.5,-0.006324700927734374,-0.14,-0.011,-0.56,-0.00014313361662499812,10,1,100,0.02727269425631783,-10,-1,-100,8549.792586938245,-0.002485946880803234,-1.6735321214276564e-05,0.9999969098892431,61.6548750042804,-1.1366989246660208,-1025.6943485713355,73.34140885255296,-89.92410278320312,4155.064453125,True
1598628881.670451,0,5,0.5,0.5,-0.003934109497070312,-0.14,-0.011,-0.56,-0.00018326431319407255,10,1,100,0.02724400188639694,-10,-1,-100,8552.70955091517,-0.002484993035622364,-1.67258523490803e-05,0.9999969122601624,61.63721577210642,-1.136180721341873,-1025.2470217577213,73.34188204746144,-89.93490600585938,4154.51318359375,True
1598628881.7162168,0,5,0.5,0.5,-0.0018509063720703132,-0.14,-0.011,-0.56,-0.00015282544731959905,10,1,100,0.027235857550719594,-10,-1,-100,8555.641163671971,-0.002484059030641617,-1.6440573344050955e-05,0.9999969145854601,61.619323311332714,-1.1356567104267263,-1024.796027862653,73.34235705182839,-89.94656372070312,4153.9619140625,True
1598628881.7669442,0,5,0.5,0.5,6.422119140624995e-05,-0.14,-0.011,-0.56,-0.0001925526982535242,10,1,100,0.027256143257646887,-10,-1,-100,8558.583518269355,-0.0024834017409413045,-1.654291263160993e-05,0.9999969162163077,61.60136761626914,-1.1351294848481557,-1024.3446555787802,73.34286727927106,-89.9586181640625,4153.4111328125,True
1598628881.8175285,0,5,0.5,0.5,0.001466421508789062,-0.14,-0.011,-0.56,-0.0001730196299613113,10,1,100,0.027223944604307583,-10,-1,-100,8561.517083996208,-0.0024825185464163466,-1.6458746355280883e-05,0.9999969184106401,61.58340108493378,-1.1346002738407117,-1023.8928303227057,73.34334191489263,-89.97021484375,4152.8603515625,True
1598628881.8692327,0,5,0.5,0.5,0.002359808349609375,-0.14,-0.011,-0.56,-0.00019016801311956067,10,1,100,0.02719969542085882,-10,-1,-100,8564.432094744057,-0.0024815024936559816,-1.6538510820729323e-05,0.9999969209311855,61.5655738367075,-1.1340710825501445,-1023.4434774558435,73.34381214459282,-89.98068237304688,4152.3095703125,True
1598628881.9181933,0,5,0.5,0.5,0.0027516601562500003,-0.14,-0.011,-0.56,-0.0001712501079471354,10,1,100,0.02720670759359313,-10,-1,-100,8567.393004347221,-0.002480650227567855,-1.643952963929497e-05,0.9999969230473614,61.547992704932206,-1.1335443567454506,-1022.9983647543278,73.34427784020579,-89.989501953125,4151.7587890625,True
1598628881.9691374,0,5,0.5,0.5,0.0027073974609375002,-0.14,-0.011,-0.56,-0.00016281861513608214,10,1,100,0.02721412280292739,-10,-1,-100,8570.308991906932,-0.0024799506153660943,-1.6273335929570102e-05,0.9999969247853334,61.53066991194525,-1.1330214044441067,-1022.5577536865668,73.34474494581922,-89.9963607788086,4151.2080078125,True
1598628882.0240088,0,5,0.5,0.5,0.0022463691711425786,-0.14,-0.011,-0.56,-0.00020863579579612036,10,1,100,0.027154659996992108,-10,-1,-100,8573.224979045568,-0.0024787817335176353,-1.6539521424447963e-05,0.9999969276790612,61.51377788797438,-1.1325056103574556,-1022.1245187669905,73.34521407037671,-90.00104522705078,4150.65771484375,True
1598628882.0690336,0,5,0.5,0.5,0.0014179656982421878,-0.14,-0.011,-0.56,-0.00013010172117240942,10,1,100,0.027188103720906343,-10,-1,-100,8576.182958906167,-0.0024780311358677657,-1.6067906491774816e-05,0.9999969295470422,61.49727148697901,-1.131996085128858,-1021.6979537897035,73.34568743788473,-90.00346374511719,4150.107421875,True
1598628882.1201398,0,5,0.5,0.5,0.0003104660034179688,-0.14,-0.011,-0.56,-0.00019333591380575968,10,1,100,0.02714613066679404,-10,-1,-100,8579.100899631623,-0.002476975097359369,-1.6215003108756633e-05,0.9999969321610146,61.48112368101794,-1.131493876501337,-1021.2780174803597,73.34619627945811,-90.00367736816406,4149.55712890625,True
1598628882.1700258,0,5,0.5,0.5,-0.0009820068359375,-0.14,-0.011,-0.56,-0.00017423693808451288,10,1,100,0.02716266292341829,-10,-1,-100,8582.058879190474,-0.0024761735117605414,-1.617557327046106e-05,0.9999969341468455,61.46545089585609,-1.1310007952564853,-1020.8656940710929,73.34666994779316,-90.00187683105469,4149.0068359375,True
1598628882.217888,0,5,0.5,0.5,-0.0023460220336914066,-0.14,-0.011,-0.56,-0.00017051482411264263,10,1,100,0.02718639110724013,-10,-1,-100,8584.975843616878,-0.002475668526090771,-1.610639081688319e-05,0.9999969353982706,61.45003019466758,-1.1305134597427862,-1020.4576867885986,73.34713952136428,-89.99838256835938,4148.45654296875,True
1598628882.2689533,0,5,0.5,0.5,-0.0037502029418945313,-0.14,-0.011,-0.56,-0.00014275004811430898,10,1,100,0.027136668929777678,-10,-1,-100,8587.908432668191,-0.0024747650561454584,-1.5791394425034065e-05,0.9999969376395853,61.43485920958063,-1.1300326064026267,-1020.0539779378163,73.3476066221397,-89.99349975585938,4147.90673828125,True
1598628882.3182,0,5,0.5,0.5,-0.005036296081542969,-0.14,-0.011,-0.56,-0.0001821346775803924,10,1,100,0.027108744330698268,-10,-1,-100,8590.85078713973,-0.0024736977113715393,-1.5863759353232505e-05,0.999996940279306,61.41989387823561,-1.129557707026715,-1019.6538958040449,73.34807725571486,-89.98770141601562,4147.3564453125,True
1598628882.3659701,0,5,0.5,0.5,-0.006234712219238282,-0.14,-0.011,-0.56,-0.0002057367669253906,10,1,100,0.027132001851293226,-10,-1,-100,8593.784352864022,-0.0024729468488870624,-1.6144650997460206e-05,0.9999969421319411,61.405149726899886,-1.129088715705667,-1019.2576067188825,73.34854265415058,-89.9813232421875,4146.806640625,True
1598628882.4142928,0,5,0.5,0.5,-0.007233763122558594,-0.14,-0.011,-0.56,-0.00014460346019739472,10,1,100,0.027101237513176973,-10,-1,-100,8596.699363916763,-0.002471992348686271,-1.5844607758161125e-05,0.9999969444967203,61.39036899084091,-1.1286206502911293,-1018.8609192969394,73.34901062743178,-89.97479248046875,4146.25732421875,True
1598628882.4640026,0,5,0.5,0.5,-0.00803607635498047,-0.14,-0.011,-0.56,-0.00018743701060542045,10,1,100,0.02710543125516745,-10,-1,-100,8599.657343204133,-0.0024711706169571754,-1.5961777927854135e-05,0.9999969465258398,61.37561948502764,-1.1281549208119317,-1018.4650116009568,73.34948338908414,-89.96844482421875,4145.70751953125,True
1598628882.5112853,0,5,0.5,0.5,-0.008549571990966797,-0.14,-0.011,-0.56,-0.00017954131365087992,10,1,100,0.027104117319081317,-10,-1,-100,8602.576260802569,-0.002470419625055768,-1.5996800435262607e-05,0.9999969483808331,61.360768831974404,-1.1276893192852053,-1018.0675571712192,73.3499519064601,-89.96267700195312,4145.158203125,True
1598628882.5579817,0,5,0.5,0.5,-0.00884385223388672,-0.14,-0.011,-0.56,-0.0001741003171146451,10,1,100,0.027095766436813464,-10,-1,-100,8605.50689641165,-0.0024696685899506556,-1.5979668856203798e-05,0.9999969502362023,61.345786399056585,-1.127223499632235,-1017.6681081679574,73.35042239216291,-89.95770263671875,4144.6083984375,True
1598628882.611167,0,5,0.5,0.5,-0.00888564453125,-0.14,-0.011,-0.56,-0.00016164776993759603,10,1,100,0.02707962895049073,-10,-1,-100,8608.450227682944,-0.002468846728657544,-1.585096993511859e-05,0.9999969522676441,61.330622316878404,-1.1267553351768513,-1017.2658569852911,73.35089579012565,-89.9537353515625,4144.05908203125,True
1598628882.6541388,0,5,0.5,0.5,-0.008684233093261719,-0.14,-0.011,-0.56,-0.00017997282737781495,10,1,100,0.0270783787912535,-10,-1,-100,8611.382816848694,-0.00246809560636956,-1.5900893286473698e-05,0.9999969541209811,61.315276061898025,-1.1262850645459457,-1016.8607896612161,73.35137121968357,-89.950927734375,4143.509765625,True
1598628882.703605,0,5,0.5,0.5,-0.008321575927734377,-0.14,-0.011,-0.56,-0.0001657325214195302,10,1,100,0.027069092309540025,-10,-1,-100,8614.325171589619,-0.0024673356889152623,-1.5817070533524833e-05,0.9999969559975762,61.29973006726012,-1.1258129294007329,-1016.4525713140093,73.3518445939179,-89.94927978515625,4142.9609375,True
1598628882.7529678,0,5,0.5,0.5,-0.007773171997070313,-0.14,-0.011,-0.56,-0.00015664320635698135,10,1,100,0.027035810452499504,-10,-1,-100,8617.25776071637,-0.002466349867835692,-1.56585009123512e-05,0.9999969584319447,61.28392511306446,-1.125337042222234,-1016.0402609480712,73.35231906482342,-89.94882202148438,4142.41162109375,True
1598628882.8025398,0,5,0.5,0.5,-0.007138723754882814,-0.14,-0.011,-0.56,-0.00014849318811878084,10,1,100,0.027057736716902852,-10,-1,-100,8620.174724718672,-0.002465660646701849,-1.5440376448675788e-05,0.9999969601349645,61.26792938283981,-1.1248585584393829,-1015.6249685697798,73.3527944359793,-89.94943237304688,4141.86279296875,True
1598628882.852962,0,5,0.5,0.5,-0.006411776733398438,-0.14,-0.011,-0.56,-0.00017984313611416796,10,1,100,0.027039800860601305,-10,-1,-100,8623.132704381598,-0.002464878335218041,-1.552746590247853e-05,0.9999969620622307,61.251744827766075,-1.1243768219913781,-1015.2066328962849,73.35326335929567,-89.95101928710938,4141.3134765625,True
1598628882.9029918,0,5,0.5,0.5,-0.005667523193359376,-0.14,-0.011,-0.56,-0.00018641978613347183,10,1,100,0.02702679156848859,-10,-1,-100,8626.050644811825,-0.0024640562116805265,-1.5666986938015584e-05,0.9999969640861573,61.23541083424616,-1.1238914660657602,-1014.7859634433187,73.35372929128165,-89.95339965820312,4140.7646484375,True
1598628882.9541347,0,5,0.5,0.5,-0.004930557250976564,-0.14,-0.011,-0.56,-0.0001713944470597722,10,1,100,0.027028969901848172,-10,-1,-100,8628.982257199823,-0.002463335844346969,-1.5657391724943044e-05,0.9999969658610791,61.21891160752083,-1.123404043290376,-1014.3627379085848,73.35419473280413,-89.95639038085938,4140.21630859375,True
1598628883.0057414,0,5,0.5,0.5,-0.004290130615234375,-0.14,-0.011,-0.56,-0.00011557034601115674,10,1,100,0.02700199414598,-10,-1,-100,8631.926564832102,-0.002462442853329125,-1.514145369098324e-05,0.999996968068369,61.20232496011922,-1.122914120890308,-1013.9382900171782,73.3546636886262,-89.959716796875,4139.66748046875,True
1598628883.0562217,0,5,0.5,0.5,-0.003699514770507813,-0.14,-0.011,-0.56,-0.00020615115130931042,10,1,100,0.02701561998184354,-10,-1,-100,8634.857200825354,-0.0024617621661586864,-1.549665856895234e-05,0.9999969697388543,61.18569964804601,-1.1224229733440894,-1013.5134234097738,73.35513604605397,-89.96322631835938,4139.119140625,True
1598628883.1052058,0,5,0.5,0.5,-0.0032448303222656254,-0.14,-0.011,-0.56,-0.00016378992314282503,10,1,100,0.027003643347652956,-10,-1,-100,8637.77416502242,-0.002461041668805457,-1.543490912039916e-05,0.9999969715132482,61.16908487220898,-1.1219325674540506,-1013.0889243963546,73.35560845233896,-89.9666748046875,4138.57080078125,True
1598628883.1551206,0,5,0.5,0.5,-0.002897344970703125,-0.14,-0.011,-0.56,-0.00015413291108206894,10,1,100,0.02697885633361596,-10,-1,-100,8640.734097788576,-0.002460168430229323,-1.5291360476448228e-05,0.9999969736641552,61.15244428785706,-1.1214406192421509,-1012.66418702532,73.35608128933404,-89.96990966796875,4138.0224609375,True
1598628883.206158,0,5,0.5,0.5,-0.0027012939453124997,-0.14,-0.011,-0.56,-0.0001911365998645703,10,1,100,0.027000732657432747,-10,-1,-100,8643.650085432455,-0.002459580659173118,-1.5497813000706508e-05,0.9999969751068244,61.13584311380551,-1.120949417092779,-1012.2403170336618,73.35655728232972,-89.97274780273438,4137.47412109375,True
1598628883.2549894,0,5,0.5,0.5,-0.002641299438476563,-0.14,-0.011,-0.56,-0.00014072697610076866,10,1,100,0.026959256878712076,-10,-1,-100,8646.609041476971,-0.002458676319342509,-1.5227518040845674e-05,0.9999969773348716,61.11938161662894,-1.1204607016596806,-1011.8189512530703,73.35703454803411,-89.97506713867188,4136.92578125,True
1598628883.3034024,0,5,0.5,0.5,-0.0026722442626953124,-0.14,-0.011,-0.56,-0.00016829695639313823,10,1,100,0.026969649729773247,-10,-1,-100,8649.526005717344,-0.0024579556486411416,-1.5232823337149644e-05,0.9999969791064323,61.102992398809164,-1.119972655316508,-1011.3989647356659,73.35751179343563,-89.97683715820312,4136.3779296875,True
1598628883.3558996,0,5,0.5,0.5,-0.002842904663085938,-0.14,-0.011,-0.56,-0.00016834825861944207,10,1,100,0.026968491051348575,-10,-1,-100,8652.457617928274,-0.0024572969645615477,-1.5238301402311948e-05,0.9999969807251531,61.08670796329367,-1.1194866494284406,-1010.9808489516226,73.35798620083906,-89.97796630859375,4135.830078125,True
1598628883.3990967,0,5,0.5,0.5,-0.003125152587890625,-0.14,-0.011,-0.56,-0.00015933241484911558,10,1,100,0.026936296852273292,-10,-1,-100,8655.415597795509,-0.0024564123784709202,-1.5161582122274862e-05,0.9999969828996251,61.07051887644639,-1.119002729474752,-1010.5644699344498,73.35846002465613,-89.97842407226562,4135.28173828125,True
1598628883.4489856,0,5,0.5,0.5,-0.003439422607421875,-0.14,-0.011,-0.56,-0.0001937613393518934,10,1,100,0.0269593124298618,-10,-1,-100,8658.333538384526,-0.002455824390760436,-1.5405287003917074e-05,0.9999969843400723,61.05437675887091,-1.1185194330139439,-1010.1495353393484,73.35897169892782,-89.97830200195312,4134.73388671875,True
1598628883.497086,0,5,0.5,0.5,-0.0038169311523437504,-0.14,-0.011,-0.56,-0.0001617572989971416,10,1,100,0.026947077866608434,-10,-1,-100,8661.266127218609,-0.0024551854617700436,-1.5336120261022275e-05,0.9999969859100336,61.038457008795376,-1.1180409833645002,-1009.7378965046978,73.35944068939902,-89.97763061523438,4134.1865234375,True
1598628883.545242,0,5,0.5,0.5,-0.004211654663085938,-0.14,-0.011,-0.56,-0.00018239573101146926,10,1,100,0.026925348450253433,-10,-1,-100,8664.209458326222,-0.0024544136747133316,-1.5460686543457217e-05,0.9999969878027035,61.02256932470941,-1.117563487354222,-1009.3269293913169,73.35990838470069,-89.97650146484375,4133.638671875,True
1598628883.5949626,0,5,0.5,0.5,-0.004590118408203126,-0.14,-0.011,-0.56,-0.00017543466670155733,10,1,100,0.02689886980540944,-10,-1,-100,8667.141070586978,-0.002453478015609962,-1.5510678917422053e-05,0.9999969900979931,61.00676471331928,-1.117087928382374,-1008.917527832851,73.36037658501226,-89.97503662109375,4133.09130859375,True
1598628883.6469724,0,5,0.5,0.5,-0.004978259277343751,-0.14,-0.011,-0.56,-0.00014318241502354854,10,1,100,0.026904586145867188,-10,-1,-100,8670.057058543782,-0.002452686259204874,-1.5262855360501803e-05,0.9999969920440556,60.99100456961451,-1.116613075016821,-1008.509052970241,73.36084570925594,-89.97329711914062,4132.5439453125,True
1598628884.0320148,0,5,0.5,0.5,-0.004641281127929688,-0.14,-0.011,-0.56,-0.00017971976814103538,10,1,100,0.026963566683614472,-10,-1,-100,8671.536537190317,-0.0024525094693352463,-1.5369744887202316e-05,0.9999969924760144,60.98305135530651,-1.1163746218872006,-1008.3037773261885,73.36108848978658,-89.97238159179688,4132.27001953125,True
1598628884.0741816,0,5,0.5,0.5,-0.006072958374023439,-0.14,-0.011,-0.56,-0.00017562816180031603,10,1,100,0.026876175008174314,-10,-1,-100,8675.93297840911,-0.0024515607098496177,-1.5429837188481247e-05,0.9999969948014874,60.95942408203942,-1.115664612401799,-1007.6915451738744,73.36178156573943,-89.9696044921875,4131.44921875,True
1598628884.1179655,0,5,0.5,0.5,-0.005826892089843751,-0.14,-0.011,-0.56,-0.0001669579280608946,10,1,100,0.026865210595024086,-10,-1,-100,8678.891934582847,-0.0024506049934790376,-1.540546232006041e-05,0.9999969971444104,60.94365560211957,-1.1151919774069918,-1007.2835930683018,73.36226360965169,-89.96774291992188,4130.90234375,True
1598628884.1731665,0,5,0.5,0.5,-0.005947979736328126,-0.14,-0.011,-0.56,-0.000186366360656395,10,1,100,0.026888507322428597,-10,-1,-100,8681.807922009262,-0.002449954631259608,-1.5559586700561555e-05,0.9999969987355983,60.92793437902546,-1.1147199194177786,-1006.8765754183542,73.36274498206105,-89.96609497070312,4130.35498046875,True
1598628884.2464502,0,5,0.5,0.5,-0.0059781280517578125,-0.14,-0.011,-0.56,-0.0001625828440561867,10,1,100,0.026883713437537544,-10,-1,-100,8684.740510776755,-0.0024493264869550275,-1.5483193908925928e-05,0.9999970002755163,60.91209771537833,-1.1142468794088491,-1006.4675608444911,73.363207609325,-89.96475219726562,4129.80810546875,True
1598628884.2909942,0,5,0.5,0.5,-0.005946170043945312,-0.14,-0.011,-0.56,-0.00017573608629500298,10,1,100,0.026859660450809043,-10,-1,-100,8687.683842043742,-0.0024485432248819825,-1.5533028471622187e-05,0.9999970021929071,60.896204037358736,-1.1137732729004737,-1006.0578255742209,73.36367318720144,-89.9637451171875,4129.26123046875,True
1598628884.3390186,0,5,0.5,0.5,-0.0058681884765625,-0.14,-0.011,-0.56,-0.0001762967588897187,10,1,100,0.02685354355401439,-10,-1,-100,8690.615454370156,-0.0024477821795409705,-1.5583313514509197e-05,0.999997004055293,60.88023165545034,-1.1132980003038364,-1005.6469261811135,73.36413724197027,-89.96307373046875,4128.71435546875,True
1598628884.3872492,0,5,0.5,0.5,-0.005721847534179688,-0.14,-0.011,-0.56,-0.0001538382420468518,10,1,100,0.02686977131498309,-10,-1,-100,8693.531441805302,-0.002447244575496338,-1.5424634133786338e-05,0.9999970053735503,60.864191556181815,-1.1128222752404908,-1005.2350949219568,73.36460144973356,-89.9627685546875,4128.16796875,True
1598628884.4404013,0,5,0.5,0.5,-0.0055446929931640635,-0.14,-0.011,-0.56,-0.00020879765309806276,10,1,100,0.026863673384620965,-10,-1,-100,8696.490398181952,-0.002446706926179032,-1.5780043935785357e-05,0.9999970066836239,60.84809953328836,-1.112344739788942,-1004.8225717784304,73.36506700828707,-89.96279907226562,4127.62109375,True
1598628884.4812183,0,5,0.5,0.5,-0.0053402587890625,-0.14,-0.011,-0.56,-0.00016895741868638443,10,1,100,0.026817198226725382,-10,-1,-100,8699.40833864396,-0.0024458018081728217,-1.5740714929297968e-05,0.9999970088983992,60.83193452113297,-1.1118668971865695,-1004.4090158887057,73.36553211038657,-89.963134765625,4127.07470703125,True
1598628884.5290504,0,5,0.5,0.5,-0.005112179565429689,-0.14,-0.011,-0.56,-0.00015467530781026415,10,1,100,0.026836673003594186,-10,-1,-100,8702.34092784999,-0.002445162275639649,-1.5574689497645797e-05,0.9999970104649688,60.81568218404077,-1.1113873829571865,-1003.994258300131,73.36600366029849,-89.9637451171875,4126.5283203125,True
1598628884.5770535,0,5,0.5,0.5,-0.0048866943359375005,-0.14,-0.011,-0.56,-0.00019564904587085393,10,1,100,0.02682052746319065,-10,-1,-100,8705.283282146556,-0.0024444407840546376,-1.5796059501594237e-05,0.9999970122254056,60.79946332831799,-1.1109083024849347,-1003.5802164206096,73.36647570336012,-89.96456909179688,4125.98193359375,True
1598628884.6245532,0,5,0.5,0.5,-0.004691427612304688,-0.14,-0.011,-0.56,-0.00013399998633511118,10,1,100,0.02683744052353342,-10,-1,-100,8708.214894874254,-0.002443945110367557,-1.5436526034574145e-05,0.9999970134425458,60.78314432088531,-1.110427644308759,-1003.1646818048756,73.36694688457025,-89.96551513671875,4125.435546875,True
1598628884.672124,0,5,0.5,0.5,-0.004497344970703126,-0.14,-0.011,-0.56,-0.00021233750147555688,10,1,100,0.026806968282808395,-10,-1,-100,8711.174827355775,-0.0024432235319937212,-1.5821808417001283e-05,0.9999970151997669,60.766798771115404,-1.1099458860837375,-1002.7488172589169,73.36741528618298,-89.966552734375,4124.8896484375,True
1598628884.7204053,0,5,0.5,0.5,-0.004330215454101563,-0.14,-0.011,-0.56,-0.00018589271720806475,10,1,100,0.026799074828187816,-10,-1,-100,8714.091791505809,-0.0024425019121566524,-1.5931419615215625e-05,0.9999970169608501,60.75048506986537,-1.1094650838070963,-1002.3336461773727,73.36788276650738,-89.96762084960938,4124.34375,True
1598628884.770281,0,5,0.5,0.5,-0.004220248413085938,-0.14,-0.011,-0.56,-0.0001714504232419653,10,1,100,0.02680236941379123,-10,-1,-100,8717.0243801967,-0.002441882049060074,-1.5899365099622042e-05,0.9999970184751896,60.73415946714134,-1.1089832545498404,-1001.9184900570806,73.36835460445364,-89.9686279296875,4123.7978515625,True
1598628884.8184252,0,5,0.5,0.5,-0.004137973022460938,-0.14,-0.011,-0.56,-0.00019414682140901288,10,1,100,0.02677651557987376,-10,-1,-100,8719.965758351376,-0.002441089557914682,-1.6076222490030126e-05,0.9999970204072236,60.71783474962549,-1.1085016381090644,-1001.5034965833854,73.36882465748563,-89.96954345703125,4123.251953125,True
1598628884.8670018,0,5,0.5,0.5,-0.004109494018554687,-0.14,-0.011,-0.56,-0.00015661587012864172,10,1,100,0.026802734896935465,-10,-1,-100,8722.897370818187,-0.002440613553048183,-1.589536337060181e-05,0.9999970215719756,60.70147796990313,-1.108019385967816,-1001.088098649757,73.36929284908474,-89.97030639648438,4122.7060546875,True
1598628884.916222,0,5,0.5,0.5,-0.004101202392578126,-0.14,-0.011,-0.56,-0.0001777796127753729,10,1,100,0.026743243460480952,-10,-1,-100,8725.814334641676,-0.002439646018313096,-1.5922915714058337e-05,0.9999970239324545,60.68520566562627,-1.1075387148217295,-1000.6742615992903,73.36976033938548,-89.97091674804688,4122.16015625,True
1598628884.9671543,0,5,0.5,0.5,-0.00413499755859375,-0.14,-0.011,-0.56,-0.0001838288337326865,10,1,100,0.02678692076787768,-10,-1,-100,8728.774267352419,-0.002439169926719229,-1.6002826333377782e-05,0.999997025092564,60.668954256448096,-1.1070576862081967,-1000.2609617853127,73.3702308408595,-89.97134399414062,4121.61474609375,True
1598628885.0171328,0,5,0.5,0.5,-0.004194326782226563,-0.14,-0.011,-0.56,-0.0002051224511989362,10,1,100,0.02675104850075093,-10,-1,-100,8731.691231247503,-0.002438417033643155,-1.6268812408448566e-05,0.9999970269244283,60.65271429247977,-1.1065767901855774,-999.848025392106,73.37070122109837,-89.97158813476562,4121.0693359375,True
1598628885.0709288,0,5,0.5,0.5,-0.004279693603515625,-0.14,-0.011,-0.56,-0.00017506344103367208,10,1,100,0.026748439441958653,-10,-1,-100,8734.622843666468,-0.0024377149987140643,-1.6236723181637057e-05,0.9999970286365624,60.63652881352529,-1.1060973209499125,-999.4360712795302,73.37116557445165,-89.97164916992188,4120.52392578125,True
1598628885.1681454,0,5,0.5,0.5,-0.004391534423828125,-0.14,-0.011,-0.56,-0.00017154668980186392,10,1,100,0.026716158490789142,-10,-1,-100,8737.566174529376,-0.002436789436300023,-1.6175180088173754e-05,0.9999970308933954,60.62034376537593,-1.1056170841843613,-999.0242810289553,73.37163029322585,-89.97152709960938,4119.978515625,True
1598628885.2204123,0,5,0.5,0.5,-0.004786532592773438,-0.14,-0.011,-0.56,-0.00019943590069444717,10,1,100,0.026681783728158923,-10,-1,-100,8743.442094767,-0.002435642023239772,-1.637209859854551e-05,0.999997033685545,60.588061887252984,-1.1046587819114022,-998.2032060155094,73.37260074227764,-89.97085571289062,4118.88818359375,True
1598628885.2703724,0,5,0.5,0.5,-0.00479034423828125,-0.14,-0.011,-0.56,-0.00015743858713971752,10,1,100,0.026687117772490176,-10,-1,-100,8746.373707650346,-0.0024346543040505136,-1.616882140276634e-05,0.999997036094102,60.57199177504073,-1.1041814627560735,-997.7942866261175,73.37310168300306,-89.97030639648438,4118.34326171875,True
1598628885.3194351,0,5,0.5,0.5,-0.00486429443359375,-0.14,-0.011,-0.56,-0.00020051096673352444,10,1,100,0.026709081617201563,-10,-1,-100,8749.306295976741,-0.0024339631830195695,-1.6375375219467566e-05,0.999997037773148,60.55326776869387,-1.1036560811949199,-997.3417843121304,73.37360118690613,-89.96975708007812,4117.7978515625,True
1598628885.3694978,0,5,0.5,0.5,-0.0049399566650390634,-0.14,-0.011,-0.56,-0.00021573508068009509,10,1,100,0.026715983299020793,-10,-1,-100,8752.249627167825,-0.0024334048327043774,-1.670111971587401e-05,0.9999970391266131,60.53081897060167,-1.1030631112875158,-996.8276240689823,73.37406490152394,-89.96920776367188,4117.25341796875,True
1598628885.4203956,0,5,0.5,0.5,-0.004995867919921876,-0.14,-0.011,-0.56,-0.00017314421389672688,10,1,100,0.026711814225971783,-10,-1,-100,8755.182216142886,-0.002432866326958494,-1.6609493289825752e-05,0.9999970404384004,60.50834339351372,-1.1024693869251756,-996.3131175591781,73.37452627524553,-89.96868896484375,4116.70849609375,True
1598628885.4693577,0,5,0.5,0.5,-0.005048916625976564,-0.14,-0.011,-0.56,-0.0001739540429865358,10,1,100,0.026665232569385116,-10,-1,-100,8758.098203373025,-0.0024319603496078934,-1.653290941248994e-05,0.9999970426433874,60.485804237054325,-1.1018742305933336,-995.7977219797093,73.37498729087278,-89.96820068359375,4116.1640625,True
1598628885.5192776,0,5,0.5,0.5,-0.0050775390625,-0.14,-0.011,-0.56,-0.0001789898774875774,10,1,100,0.026664410077158897,-10,-1,-100,8761.057159555377,-0.002431136243604114,-1.6508513479741008e-05,0.9999970446476499,60.463385875915726,-1.101280990450788,-995.2844437802415,73.37544653998819,-89.9677734375,4115.619140625,True
1598628885.5701604,0,5,0.5,0.5,-0.0050558319091796875,-0.14,-0.011,-0.56,-0.00017879445736632404,10,1,100,0.026669970526909743,-10,-1,-100,8763.974123725086,-0.0024304449092194267,-1.6484099096915708e-05,0.9999970463285468,60.440867263930045,-1.1006870151287316,-994.7697318222087,73.3759106604816,-89.96746826171875,4115.07470703125,True
1598628885.621131,0,5,0.5,0.5,-0.005039001464843751,-0.14,-0.011,-0.56,-0.00020148729377169076,10,1,100,0.026643009890179904,-10,-1,-100,8766.932103271363,-0.0024295785741034613,-1.666800700104289e-05,0.999997048430709,60.41836963922654,-1.1000935508539833,-994.2556045990091,73.37638116883731,-89.96725463867188,4114.5302734375,True
1598628885.6701546,0,5,0.5,0.5,-0.005009655761718751,-0.14,-0.011,-0.56,-0.00016817384891482253,10,1,100,0.026665195722822894,-10,-1,-100,8769.84809072921,-0.0024290000828626206,-1.653195442989661e-05,0.9999970498382942,60.395876882484266,-1.099499807537393,-993.7416892578407,73.37685067136938,-89.96713256835938,4113.986328125,True
1598628885.7221055,0,5,0.5,0.5,-0.00494613037109375,-0.14,-0.011,-0.56,-0.00020778733101091886,10,1,100,0.026621360587315252,-10,-1,-100,8772.78067941079,-0.0024280827617330935,-1.6768068498508395e-05,0.9999970520621219,60.37335411442553,-1.0989057031504295,-993.2274166741892,73.37731954350238,-89.96713256835938,4113.44189453125,True
1598628885.7732015,0,5,0.5,0.5,-0.004886138916015625,-0.14,-0.011,-0.56,-0.00019874070566956156,10,1,100,0.026636271052813847,-10,-1,-100,8775.740611967398,-0.0024273912551757895,-1.6900115630597712e-05,0.9999970537387001,60.35083998860341,-1.098312026079181,-992.713439981766,73.37778863170789,-89.96722412109375,4112.89794921875,True
1598628885.8238778,0,5,0.5,0.5,-0.004833987426757813,-0.14,-0.011,-0.56,-0.00018127685641351873,10,1,100,0.026610603934666653,-10,-1,-100,8778.656599255977,-0.00242653587818497,-1.6860731399053218e-05,0.9999970558153397,60.32832645226376,-1.0977185034753911,-992.1995837805274,73.37825381746107,-89.96737670898438,4112.35400390625,True
1598628885.8751547,0,5,0.5,0.5,-0.0047511566162109385,-0.14,-0.011,-0.56,-0.0002112533351585846,10,1,100,0.026615912147466676,-10,-1,-100,8781.58918867854,-0.002425813271314075,-1.7096999762441017e-05,0.9999970575645036,60.305761140583634,-1.0971231660563345,-991.6849794906949,73.37871556906552,-89.96762084960938,4111.81005859375,True
1598628885.9321108,0,5,0.5,0.5,-0.004697360229492188,-0.14,-0.011,-0.56,-0.00015628073260559328,10,1,100,0.026575291744689138,-10,-1,-100,8784.53251912829,-0.002424793981007457,-1.6811678360451307e-05,0.9999970600414368,60.28323706862594,-1.0965295301883737,-991.1712603946593,73.3791810495072,-89.9678955078125,4111.26611328125,True
1598628885.9840055,0,5,0.5,0.5,-0.004638418579101564,-0.14,-0.011,-0.56,-0.00019528521021012747,10,1,100,0.026601553075930987,-10,-1,-100,8787.463155139936,-0.0024241134313272308,-1.690669762316495e-05,0.999997061689801,60.26071705461735,-1.0959354817256226,-990.6578414208113,73.3796514464658,-89.96820068359375,4110.72265625,True
1598628886.032962,0,5,0.5,0.5,-0.004574331665039063,-0.14,-0.011,-0.56,-0.0001708360475084162,10,1,100,0.02656010347110331,-10,-1,-100,8790.38011916948,-0.0024231250687724833,-1.677047384815209e-05,0.9999970640875163,60.23813568554436,-1.095339902304237,-990.1440207361466,73.38015712008502,-89.96853637695312,4110.1787109375,True
1598628886.087012,0,5,0.5,0.5,-0.004547857666015626,-0.14,-0.011,-0.56,-0.00024568471469163555,10,1,100,0.026583007826079613,-10,-1,-100,8793.341027965536,-0.0024224420616541626,-1.7326838335834746e-05,0.9999970657328143,60.21565170800467,-1.0947467922599834,-989.6315172554836,73.38062970005046,-89.96884155273438,4109.63525390625,True
1598628886.1379604,0,5,0.5,0.5,-0.004503622436523439,-0.14,-0.011,-0.56,-0.00018663706349949524,10,1,100,0.026539591461425184,-10,-1,-100,8796.271663767635,-0.00242143372718389,-1.7295061278127778e-05,0.999997068175495,60.193153166221165,-1.0941534425149406,-989.1189103560913,73.38109939463065,-89.96914672851562,4109.091796875,True
1598628886.1902466,0,5,0.5,0.5,-0.004501541137695313,-0.14,-0.011,-0.56,-0.00017570834859003998,10,1,100,0.026560095575499397,-10,-1,-100,8799.216948173591,-0.002420710864926971,-1.716625104078359e-05,0.9999970699278216,60.170655248736956,-1.0935600682739393,-988.6063915166816,73.38156320780409,-89.96939086914062,4108.54833984375,True
1598628886.324956,0,5,0.5,0.5,-0.004486239624023438,-0.14,-0.011,-0.56,-0.00017121896478773188,10,1,100,0.02652622571456655,-10,-1,-100,8802.14856021991,-0.0024197533452466878,-1.700776161171254e-05,0.9999970722479562,60.14814983746639,-1.092966940763914,-988.0939591077858,73.38203006060101,-89.9696044921875,4108.0048828125,True
1598628886.379051,0,5,0.5,0.5,-0.0043895263671875,-0.14,-0.011,-0.56,-0.0001757320832912949,10,1,100,0.026315108871775936,-10,-1,-100,8810.9394913445,-0.002416971200981503,-1.6904490759759246e-05,0.9999970789779598,60.080786468346325,-1.0911913568604419,-986.5611107968842,73.38350368478336,-89.96990966796875,4106.3759765625,True
1598628886.4300034,0,5,0.5,0.5,-0.004557470703125,-0.14,-0.011,-0.56,-0.00022514496738155448,10,1,100,0.026491310081013984,-10,-1,-100,8813.872080078814,-0.002416053280873676,-1.7259812226868464e-05,0.9999970811900618,60.0583874795464,-1.0906008414085684,-986.0523467081393,73.38406804383604,-89.96990966796875,4105.8330078125,True
1598628886.4804564,0,5,0.5,0.5,-0.004597409057617188,-0.14,-0.011,-0.56,-0.00017468126448635224,10,1,100,0.026485713663566716,-10,-1,-100,8816.831036103074,-0.00241517746116005,-1.712370800625881e-05,0.9999970833080513,60.03612254913389,-1.090013338971249,-985.5455260355474,73.38459844318419,-89.9698486328125,4105.2900390625,True
1598628886.5310636,0,5,0.5,0.5,-0.004646228027343751,-0.14,-0.011,-0.56,-0.00021428197482263044,10,1,100,0.02646906395784247,-10,-1,-100,8819.747023196309,-0.0024142395693775823,-1.7359959073994546e-05,0.9999970855687197,60.01374074280331,-1.089423885823975,-985.0359937340876,73.38505522206435,-89.9697265625,4104.7470703125,True
1598628886.5829415,0,5,0.5,0.5,-0.004704028320312501,-0.14,-0.011,-0.56,-0.0001396930011864127,10,1,100,0.026439640568116624,-10,-1,-100,8822.678635671153,-0.0024131290500429494,-1.6896152756412742e-05,0.9999970882571148,59.991370731522274,-1.0888348407477464,-984.5267409955718,73.38550558394262,-89.96954345703125,4104.20458984375,True
1598628886.6315155,0,5,0.5,0.5,-0.004706823730468751,-0.14,-0.011,-0.56,-0.0002358047057839976,10,1,100,0.026430582930241607,-10,-1,-100,8825.622943160939,-0.0024120471306501323,-1.734826300483165e-05,0.9999970908596072,59.96900080511079,-1.088245897960609,-984.0176784999735,73.38595605715958,-89.96939086914062,4103.662109375,True
1598628886.681984,0,5,0.5,0.5,-0.004748608398437501,-0.14,-0.011,-0.56,-0.00016993723709569344,10,1,100,0.026446907109791272,-10,-1,-100,8828.554555362323,-0.0024112220400508613,-1.7159951888812726e-05,0.9999970928526791,59.94662498634609,-1.087656828070184,-983.5087031694623,73.38640854733922,-89.96920776367188,4103.11962890625,True
1598628886.7301931,0,5,0.5,0.5,-0.004752478027343751,-0.14,-0.011,-0.56,-0.0001893290358229464,10,1,100,0.026416096836150108,-10,-1,-100,8831.498862935114,-0.002410202064310789,-1.7165200759449662e-05,0.999997095311464,59.924294099176855,-1.0870688823308607,-983.0006551479365,73.38686283518885,-89.96905517578125,4102.5771484375,True
1598628886.7830021,0,5,0.5,0.5,-0.004752578735351563,-0.14,-0.011,-0.56,-0.00018119770009162296,10,1,100,0.02640599317150681,-10,-1,-100,8834.431451668264,-0.002409193172743851,-1.7096169281124553e-05,0.9999970977437771,59.90195642285729,-1.086481297618502,-982.4926941378754,73.38731945070187,-89.96893310546875,4102.03515625,True
1598628886.8780162,0,5,0.5,0.5,-0.004770172119140626,-0.14,-0.011,-0.56,-0.00016653925071282433,10,1,100,0.026384513396330807,-10,-1,-100,8837.363064229372,-0.002408091198537928,-1.6900218471712337e-05,0.9999971004013772,59.87959921120388,-1.0858936176077034,-981.9846541992936,73.38778055711865,-89.96881103515625,4101.4931640625,True
1598628886.9252121,0,5,0.5,0.5,-0.004788134765625,-0.14,-0.011,-0.56,-0.00023075312435013662,10,1,100,0.0262827628239083,-10,-1,-100,8843.238984171418,-0.0024061750005529834,-1.7305941626349526e-05,0.999997105006995,59.83485190731708,-1.0847195394382736,-980.968958536779,73.38873497350605,-89.96868896484375,4100.4091796875,True
1598628886.9739728,0,5,0.5,0.5,-0.0047211181640625,-0.14,-0.011,-0.56,-0.0001522923716203041,10,1,100,0.026335274615771002,-10,-1,-100,8846.154971292475,-0.0024049201970385388,-1.696113633223341e-05,0.9999971080314012,59.8125452673319,-1.0841336946279923,-980.4627034960041,73.38922946738785,-89.96868896484375,4099.8671875,True
1598628887.021006,0,5,0.5,0.5,-0.004722460937500001,-0.14,-0.011,-0.56,-0.00021107611503602924,10,1,100,0.026358614173849694,-10,-1,-100,8849.112950633164,-0.002404001765356882,-1.7182346164902294e-05,0.9999971102359643,59.79029679859183,-1.0835485554042474,-979.9575524081483,73.38972211728527,-89.96868896484375,4099.3251953125,True
1598628887.0709708,0,5,0.5,0.5,-0.004681011962890625,-0.14,-0.011,-0.56,-0.0001928260479256201,10,1,100,0.026340521028404864,-10,-1,-100,8852.045539639541,-0.0024030125040475163,-1.721748300436243e-05,0.9999971126130633,59.76792615936464,-1.0829617289393325,-979.4501043915725,73.39017864752131,-89.96875,4098.783203125,True
1598628887.120919,0,5,0.5,0.5,-0.004652178955078126,-0.14,-0.011,-0.56,-0.00018495801303502747,10,1,100,0.026326089573013488,-10,-1,-100,8854.988870443543,-0.0024019921869584716,-1.717802751947501e-05,0.9999971150650632,59.74559430412712,-1.0823766271618747,-978.9434695594799,73.39063441152712,-89.96884155273438,4098.2421875,True
1598628887.1709242,0,5,0.5,0.5,-0.004618771362304688,-0.14,-0.011,-0.56,-0.00020754342149260148,10,1,100,0.026285548758400543,-10,-1,-100,8857.922436175286,-0.002400706197529299,-1.734722454213434e-05,0.9999971181502609,59.72327622642805,-1.0817911798035742,-978.4372827212785,73.39109425252755,-89.96896362304688,4097.7001953125,True
1598628887.2209735,0,5,0.5,0.5,-0.004602151489257813,-0.14,-0.011,-0.56,-0.0001682836776810838,10,1,100,0.026296394190790322,-10,-1,-100,8860.838423258858,-0.0023996460210091593,-1.714413419941329e-05,0.999997120698381,59.7009367677361,-1.0812060256947083,-977.9309335672401,73.39155408548382,-89.96908569335938,4097.1591796875,True
1598628887.2703962,0,5,0.5,0.5,-0.004606558227539062,-0.14,-0.011,-0.56,-0.00019817980391522276,10,1,100,0.026279994711067442,-10,-1,-100,8863.796402701642,-0.002398543661647044,-1.7231303960603965e-05,0.9999971233415551,59.678573593998884,-1.0806203990077876,-977.4244003898515,73.39201598980881,-89.96917724609375,4096.61767578125,True
1598628887.3207781,0,5,0.5,0.5,-0.004572244262695312,-0.14,-0.011,-0.56,-0.00018022546050713192,10,1,100,0.026251003423049882,-10,-1,-100,8866.713366617565,-0.0023972885581564738,-1.7147267800520885e-05,0.999997126352641,59.6562923248234,-1.0800368839195889,-976.9194042529983,73.39247915903957,-89.96929931640625,4096.076171875,True
1598628887.3709962,0,5,0.5,0.5,-0.004576113891601563,-0.14,-0.011,-0.56,-0.00018594842798981009,10,1,100,0.026260877329303274,-10,-1,-100,8869.645955362357,-0.0023962481401442475,-1.7122851815270253e-05,0.9999971288467076,59.63393904721233,-1.0794523902134723,-976.4133255775745,73.39293554501032,-89.96939086914062,4095.53515625,True
1598628887.4238017,0,5,0.5,0.5,-0.00456265869140625,-0.14,-0.011,-0.56,-0.00020537323946729432,10,1,100,0.026233450708103626,-10,-1,-100,8872.604911479284,-0.002395063739084403,-1.7277042266343573e-05,0.9999971316814812,59.61162069457606,-1.078867995818552,-975.9080217726548,73.39339401478637,-89.969482421875,4094.994140625,True
1598628887.4721174,0,5,0.5,0.5,-0.004548968505859375,-0.14,-0.011,-0.56,-0.00021021125568558644,10,1,100,0.02625093384882943,-10,-1,-100,8875.521875169361,-0.002394156049637932,-1.7461223641449253e-05,0.9999971338518506,59.58932813298688,-1.0782847680142076,-975.4034029500733,73.3938584576329,-89.96957397460938,4094.453369140625,True
1598628887.5222194,0,5,0.5,0.5,-0.004556539916992188,-0.14,-0.011,-0.56,-0.00015553623077605767,10,1,100,0.02621934363806922,-10,-1,-100,8878.453487776336,-0.0023930534792682297,-1.7131160949359413e-05,0.9999971364966845,59.567029422394775,-1.0777019884150103,-974.8988966724298,73.3943258186932,-89.96963500976562,4093.91259765625,True
1598628887.571992,0,5,0.5,0.5,-0.004568316650390626,-0.14,-0.011,-0.56,-0.0002260084069953061,10,1,100,0.026190420840757716,-10,-1,-100,8881.394865086768,-0.00239179816103484,-1.747180663601231e-05,0.9999971394940552,59.544751839584734,-1.0771191866688024,-974.3949106787577,73.3947914833117,-89.96966552734375,4093.37158203125,True
1598628887.6216662,0,5,0.5,0.5,-0.0045416748046875005,-0.14,-0.011,-0.56,-0.0001761531439623281,10,1,100,0.026217159156692586,-10,-1,-100,8884.329407150624,-0.0023909102330975417,-1.7328023665731827e-05,0.9999971416199134,59.522454466301376,-1.076536398144947,-973.8906887355039,73.39525164430111,-89.9697265625,4092.8310546875,True
1598628887.6721563,0,5,0.5,0.5,-0.004574880981445313,-0.14,-0.011,-0.56,-0.00018050184548152402,10,1,100,0.026173572429701017,-10,-1,-100,8887.288363402593,-0.002389716857412675,-1.7236709164609298e-05,0.9999971444740418,59.500180751313955,-1.0759545329411635,-973.3870146794709,73.3957104093041,-89.9697265625,4092.29052734375,True
1598628887.7209988,0,5,0.5,0.5,-0.004574041748046875,-0.14,-0.011,-0.56,-0.00019922608657426484,10,1,100,0.026168321714006987,-10,-1,-100,8890.205327213043,-0.0023885942269565932,-1.732401682386603e-05,0.9999971471546792,59.477912424373635,-1.0753728143364416,-972.8836631872764,73.3961726736684,-89.9697265625,4091.75,True
1598628887.7712698,0,5,0.5,0.5,-0.0045946990966796875,-0.14,-0.011,-0.56,-0.00019845897825191702,10,1,100,0.026149162745834578,-10,-1,-100,8893.135962507455,-0.002387409528462272,-1.7396250181510393e-05,0.9999971499824956,59.45564713890552,-1.074791758563964,-972.3805897067007,73.39663884069783,-89.96969604492188,4091.20947265625,True
1598628887.8221328,0,5,0.5,0.5,-0.00457703857421875,-0.14,-0.011,-0.56,-0.00018855299781112242,10,1,100,0.026139609149235576,-10,-1,-100,8896.080270263483,-0.0023862558008921567,-1.7371712551524495e-05,0.9999971527366847,59.43339559638193,-1.074211058898907,-971.877949227344,73.39710815904083,-89.96969604492188,4090.66943359375,True
1598628887.87099,0,5,0.5,0.5,-0.004597964477539063,-0.14,-0.011,-0.56,-0.0002014545899912711,10,1,100,0.026115765646108624,-10,-1,-100,8899.0128590042,-0.0023850002283065928,-1.7466488776128663e-05,0.9999971557303714,59.411118034540394,-1.0736297536438306,-971.3750747272514,73.39757835619338,-89.96966552734375,4090.12890625,True
1598628887.9201114,0,5,0.5,0.5,-0.004623297119140626,-0.14,-0.011,-0.56,-0.00015408799021046263,10,1,100,0.026134711236002375,-10,-1,-100,8901.94544774713,-0.0023840412566931484,-1.7121731130524322e-05,0.999997158023028,59.38888569240712,-1.0730500271464722,-970.8731328806577,73.39804927396689,-89.9696044921875,4089.5888671875,True
1598628887.970141,0,5,0.5,0.5,-0.004610345458984376,-0.14,-0.011,-0.56,-0.0002153437831519971,10,1,100,0.026099170579813563,-10,-1,-100,8904.888778833207,-0.0023828563878813837,-1.7365327125930525e-05,0.9999971608429096,59.36666530294165,-1.072470825252431,-970.3715418071549,73.39851832995868,-89.96957397460938,4089.048828125,True
1598628888.0203013,0,5,0.5,0.5,-0.004614617919921876,-0.14,-0.011,-0.56,-0.00020551477045040759,10,1,100,0.02609983285449141,-10,-1,-100,8907.820390759385,-0.0023817955275148113,-1.7497510548572185e-05,0.999997163367928,59.344400806773095,-1.0718913984312968,-969.8693738998985,73.39898497925928,-89.96954345703125,4088.5087890625,True
1598628888.070089,0,5,0.5,0.5,-0.0045976287841796885,-0.14,-0.011,-0.56,-0.00016750740064710957,10,1,100,0.02610147985542146,-10,-1,-100,8910.780323469895,-0.002380856316237067,-1.72718227076717e-05,0.9999971656084258,59.32214921838006,-1.0713127631033252,-969.3675657529708,73.39944975403708,-89.96954345703125,4087.968994140625,True
1598628888.122992,0,5,0.5,0.5,-0.004619125366210938,-0.14,-0.011,-0.56,-0.00015540931257591054,10,1,100,0.026065181120035398,-10,-1,-100,8913.696310788859,-0.002379682446430879,-1.695685112795885e-05,0.9999971684079506,59.29995267289068,-1.070735071240843,-968.8668339576772,73.39991439478393,-89.96951293945312,4087.42919921875,True
1598628888.173298,0,5,0.5,0.5,-0.0046236328125,-0.14,-0.011,-0.56,-0.00022350913449629872,10,1,100,0.026054502400249247,-10,-1,-100,8916.627922834945,-0.0023785284198696217,-1.7289940047985038e-05,0.9999971711478058,59.27773465472908,-1.0701575108907557,-968.3659666201206,73.40038259365805,-89.969482421875,4086.8896484375,True
1598628888.2221465,0,5,0.5,0.5,-0.00458544921875,-0.14,-0.011,-0.56,-0.00018587470005937724,10,1,100,0.026059859799413082,-10,-1,-100,8919.572230820428,-0.0023775381797495527,-1.7250568543233762e-05,0.9999971735033164,59.25547266355255,-1.0695793728257819,-967.8645330668301,73.40084951978587,-89.96951293945312,4086.35009765625,True
1598628888.2730966,0,5,0.5,0.5,-0.004624136352539062,-0.14,-0.011,-0.56,-0.0001920206127607031,10,1,100,0.026045435688335672,-10,-1,-100,8922.502865866758,-0.0023765168841280654,-1.7270714970999775e-05,0.9999971759306232,59.23321904152194,-1.069002121500359,-967.3634396987012,73.40131773129345,-89.969482421875,4085.810546875,True
1598628888.3232243,0,5,0.5,0.5,-0.004585919189453125,-0.14,-0.011,-0.56,-0.00016765521630304075,10,1,100,0.02601514374575812,-10,-1,-100,8925.435454793042,-0.0023753229546708576,-1.7067640424090594e-05,0.9999971787707987,59.21105780324974,-1.0684260841232236,-966.8640475517592,73.40178710250814,-89.96951293945312,4085.27099609375,True
1598628888.37378,0,5,0.5,0.5,-0.004581848144531251,-0.14,-0.011,-0.56,-0.0002237524353749651,10,1,100,0.02600648180717295,-10,-1,-100,8928.378785640001,-0.0023741687583100956,-1.7393278347670136e-05,0.9999971815061184,59.18883604157756,-1.0678492817108458,-966.363794851581,73.40225378549077,-89.96954345703125,4084.73193359375,True
1598628888.4233675,0,5,0.5,0.5,-0.004577709960937501,-0.14,-0.011,-0.56,-0.00017783723653942165,10,1,100,0.025997263602174095,-10,-1,-100,8931.310398067697,-0.002373045533818501,-1.727196848008156e-05,0.9999971841743224,59.16663629500622,-1.0672734396391457,-965.8640470826161,73.40271720879362,-89.96957397460938,4084.1923828125,True
1598628888.481216,0,5,0.5,0.5,-0.004573471069335938,-0.14,-0.011,-0.56,-0.0002028383350855207,10,1,100,0.02599831304815515,-10,-1,-100,8934.22833831783,-0.002372043957174038,-1.738883291692052e-05,0.999997186548589,59.14440726266027,-1.0666970418374302,-965.3640351233694,73.40318375219456,-89.9696044921875,4083.6533203125,True
1598628888.524661,0,5,0.5,0.5,-0.0045691650390625,-0.14,-0.011,-0.56,-0.0001802650725002803,10,1,100,0.02596481499163633,-10,-1,-100,8937.187294280622,-0.002370838734647725,-1.728984046709831e-05,0.9999971894084282,59.12221515906444,-1.0661209213973826,-964.8648301479926,73.40365323651201,-89.96963500976562,4083.1142578125,True
1598628888.5763786,0,5,0.5,0.5,-0.004543429565429687,-0.14,-0.011,-0.56,-0.00016451348795618547,10,1,100,0.025978693867236346,-10,-1,-100,8940.118906674907,-0.0023698792101227747,-1.705683989875132e-05,0.9999971916868535,59.099978206578214,-1.0655448786519444,-964.3654574319253,73.40415307552632,-89.96969604492188,4082.575439453125,True
1598628888.62523,0,5,0.5,0.5,-0.004556079101562501,-0.14,-0.011,-0.56,-0.00022362167049281952,10,1,100,0.025949975040585296,-10,-1,-100,8943.061260830029,-0.002368755814045187,-1.738256375314066e-05,0.999997194342934,59.07783461309593,-1.0649705026199683,-963.8672227048538,73.4046089849444,-89.9697265625,4082.03662109375,True
1598628888.6748707,0,5,0.5,0.5,-0.004551571655273438,-0.14,-0.011,-0.56,-0.0001785767895274283,10,1,100,0.02594105529182831,-10,-1,-100,8945.994826341397,-0.0023676633895608487,-1.726879041869543e-05,0.9999971969320027,59.05559522340534,-1.0643949647118016,-963.3676291936498,73.4050666111575,-89.96975708007812,4081.498046875,True
1598628888.7249289,0,5,0.5,0.5,-0.004525634765625,-0.14,-0.011,-0.56,-0.0002142941786669576,10,1,100,0.02595143629338375,-10,-1,-100,8948.928391437978,-0.0023667745264349623,-1.749008287922211e-05,0.9999971990322963,59.03341406999058,-1.0638203962912411,-962.8692198416968,73.40553067824632,-89.96981811523438,4080.959228515625,True
1598628888.777243,0,5,0.5,0.5,-0.004538116455078125,-0.14,-0.011,-0.56,-0.00018212296441516074,10,1,100,0.025915658864366177,-10,-1,-100,8951.8717224102,-0.0023656510048324646,-1.739857451892459e-05,0.9999972016923913,59.01119536838069,-1.0632457495083676,-962.3703400666413,73.4059929425293,-89.9698486328125,4080.420654296875,True
1598628888.8259866,0,5,0.5,0.5,-0.0045334411621093754,-0.14,-0.011,-0.56,-0.00019679984372943297,10,1,100,0.02592135328500167,-10,-1,-100,8954.80235784722,-0.002364691267089876,-1.744869504010393e-05,0.9999972039614684,58.989047562472436,-1.0626722601531922,-961.8727741220226,73.40645309512769,-89.96987915039062,4079.882080078125,True
1598628888.8769436,0,5,0.5,0.5,-0.0045287658691406255,-0.14,-0.011,-0.56,-0.00016372005724608524,10,1,100,0.025889255979014904,-10,-1,-100,8957.719321884564,-0.002363536649712717,-1.7193187405312886e-05,0.9999972066955487,58.96687832651255,-1.0620987351795463,-961.3750594068625,73.40691660118519,-89.96990966796875,4079.34375,True
1598628888.926067,0,5,0.5,0.5,-0.004524090576171875,-0.14,-0.011,-0.56,-0.00021195380856590251,10,1,100,0.0259058609553598,-10,-1,-100,8960.679254203103,-0.002362647617435342,-1.739957828653969e-05,0.9999972087928499,58.944675000893646,-1.0615244625489104,-960.8769568734996,73.40737955518439,-89.96994018554688,4078.805419921875,True
1598628888.9781651,0,5,0.5,0.5,-0.004540777587890625,-0.14,-0.011,-0.56,-0.00021566612733946812,10,1,100,0.025848686037336165,-10,-1,-100,8963.609889554442,-0.002361329086943316,-1.762083870395424e-05,0.9999972119033379,58.92250172234261,-1.060951027035314,-960.3794676541944,73.4078394547559,-89.96994018554688,4078.267333984375,True
1598628889.0273063,0,5,0.5,0.5,-0.004519046020507813,-0.14,-0.011,-0.56,-0.00019415911983799566,10,1,100,0.02587387783042051,-10,-1,-100,8966.554197044228,-0.0023603691799515417,-1.762625537360223e-05,0.9999972141694442,58.90035501839817,-1.0603785472494132,-959.8825481445587,73.40829724146641,-89.969970703125,4077.72900390625,True
1598628889.0768912,0,5,0.5,0.5,-0.0045357666015625004,-0.14,-0.011,-0.56,-0.0001753949563480861,10,1,100,0.025877836837419718,-10,-1,-100,8969.486785935704,-0.0023595420459814635,-1.7460290482549858e-05,0.9999972161243607,58.87817362419969,-1.0598054506125467,-959.3852887303641,73.40875947338822,-89.969970703125,4077.19091796875,True
1598628889.1289372,0,5,0.5,0.5,-0.004514102172851563,-0.14,-0.011,-0.56,-0.00019833800424507166,10,1,100,0.025829073908743668,-10,-1,-100,8972.419374809368,-0.0023583562040790113,-1.7517619698307753e-05,0.9999972189207066,58.85601128792175,-1.0592327463012856,-958.8885481845448,73.40922458933368,-89.97000122070312,4076.6533203125,True
1598628889.1810873,0,5,0.5,0.5,-0.004530889892578125,-0.14,-0.011,-0.56,-0.00018748119541645526,10,1,100,0.025850024867558268,-10,-1,-100,8975.362705598003,-0.0023574780834387022,-1.7470916126968266e-05,0.9999972209920651,58.83384919166863,-1.0586603300542428,-958.3919412927802,73.4096871492586,-89.97000122070312,4076.115234375,True
1598628889.23117,0,5,0.5,0.5,-0.0045306213378906255,-0.14,-0.011,-0.56,-0.00021324132954648935,10,1,100,0.025833397813187213,-10,-1,-100,8978.293341132812,-0.0023565378962769772,-1.766245762174334e-05,0.9999972232047353,58.81171050620395,-1.0580885413004009,-957.8959432189766,73.41015419237884,-89.97000122070312,4075.57763671875,True
1598628889.2809458,0,5,0.5,0.5,-0.004530419921875,-0.14,-0.011,-0.56,-0.0001758407318656405,10,1,100,0.025817368607764356,-10,-1,-100,8981.21128170495,-0.0023555467666535267,-1.74964241155834e-05,0.9999972255428038,58.789556057857645,-1.057516624910197,-957.3998694201837,73.41062399752387,-89.97000122070312,4075.039794921875,True
1598628889.330361,0,5,0.5,0.5,-0.004530252075195313,-0.14,-0.011,-0.56,-0.00016518651460883796,10,1,100,0.0257952439262971,-10,-1,-100,8984.170237615821,-0.0023544537919263048,-1.724853908983374e-05,0.9999972281210732,58.76742568594318,-1.0569457538032705,-956.9043258234924,73.41109269541019,-89.97000122070312,4074.50244140625,True
1598628889.383039,0,5,0.5,0.5,-0.004530117797851563,-0.14,-0.011,-0.56,-0.00022577089099475815,10,1,100,0.025805682247972084,-10,-1,-100,8987.101849331637,-0.0023535643791669334,-1.7574138084433568e-05,0.9999972302090955,58.745266453084554,-1.0563746067579007,-956.4084605351236,73.41155971764145,-89.97000122070312,4073.96484375,True
1598628889.438047,0,5,0.5,0.5,-0.004508654785156251,-0.14,-0.011,-0.56,-0.00019056657157891693,10,1,100,0.02578799928734748,-10,-1,-100,8990.04420389887,-0.002352604133625959,-1.7549751584217474e-05,0.9999972324690688,58.72315696000424,-1.055804470637723,-955.9135257505206,73.41202463424193,-89.97003173828125,4073.42724609375,True
1598628889.4819403,0,5,0.5,0.5,-0.0045256439208984384,-0.14,-0.011,-0.56,-0.00020913602583255553,10,1,100,0.025789550713564875,-10,-1,-100,8992.977768950397,-0.0023517544174486947,-1.7696258737874396e-05,0.9999972344651772,58.70101838654207,-1.0552336154292299,-955.4182348812224,73.41248588408583,-89.97003173828125,4072.89013671875,True
1598628889.5309854,0,5,0.5,0.5,-0.004525543212890625,-0.14,-0.011,-0.56,-0.00017135181998185472,10,1,100,0.025763552766411808,-10,-1,-100,8995.909381252131,-0.0023507543074675124,-1.748588571525257e-05,0.9999972368203973,58.6788434598035,-1.0546620512904865,-954.9228802179424,73.41297645456305,-89.97003173828125,4072.35302734375,True
1598628889.5811934,0,5,0.5,0.5,-0.004525476074218751,-0.14,-0.011,-0.56,-0.0001872148114634161,10,1,100,0.025750138795609542,-10,-1,-100,8998.852712102118,-0.0023497319121795843,-1.7438974135118153e-05,0.9999972392241007,58.65679813835174,-1.0540936096792506,-954.4294512090792,73.41344007285765,-89.97003173828125,4071.815673828125,True
1598628889.6301026,0,5,0.5,0.5,-0.004504046630859375,-0.14,-0.011,-0.56,-0.00021708640430659454,10,1,100,0.02574575160221343,-10,-1,-100,9001.785300801275,-0.0023487714966449595,-1.7667906557522514e-05,0.999997241476346,58.634691552423476,-1.0535242305011603,-953.9351589432289,73.4139010754229,-89.97006225585938,4071.27880859375,True
1598628889.6799269,0,5,0.5,0.5,-0.0045210693359375,-0.14,-0.011,-0.56,-0.0001874182843076839,10,1,100,0.0257317731830945,-10,-1,-100,9004.71788960055,-0.002347780028446432,-1.7606180135300733e-05,0.9999972438056819,58.61256163026003,-1.0529549392713315,-953.4406119581604,73.41436047777827,-89.97006225585938,4070.74169921875,True
1598628889.7390244,0,5,0.5,0.5,-0.004499639892578126,-0.14,-0.011,-0.56,-0.00018106605962358083,10,1,100,0.02573208245433623,-10,-1,-100,9007.660243898514,-0.0023468903216908705,-1.7492194741599692e-05,0.999997245896128,58.59045689058699,-1.0523858610525205,-952.9466969936412,73.41482373264772,-89.9700927734375,4070.205078125,True
1598628889.7851863,0,5,0.5,0.5,-0.004495266723632813,-0.14,-0.011,-0.56,-0.00017828157828559736,10,1,100,0.02571101762517601,-10,-1,-100,9010.594785820693,-0.0023458987694430725,-1.736341297414448e-05,0.9999972482249515,58.56835561964125,-1.051816962889835,-952.4529675320999,73.4152852735258,-89.97012329101562,4069.668212890625,True
1598628889.8352752,0,5,0.5,0.5,-0.004512222290039063,-0.14,-0.011,-0.56,-0.00020073622862465065,10,1,100,0.025711330950947235,-10,-1,-100,9013.508819416747,-0.0023450089776313678,-1.7450592744214264e-05,0.9999972503104053,58.5462244695294,-1.0512485705890864,-951.9588947615636,73.41574504787823,-89.97012329101562,4069.131591796875,True
1598628889.8850403,0,5,0.5,0.5,-0.004490725708007813,-0.14,-0.011,-0.56,-0.00018116193551442113,10,1,100,0.02571731690232789,-10,-1,-100,9016.470704958774,-0.002344263079919001,-1.735171527631709e-05,0.9999972520609895,58.52417787164866,-1.0506813448125865,-951.4663247573952,73.41620343056334,-89.97015380859375,4068.59521484375,True
1598628889.9337866,0,5,0.5,0.5,-0.004486285400390625,-0.14,-0.011,-0.56,-0.00021781848853802752,10,1,100,0.02568967890485215,-10,-1,-100,9019.400364342146,-0.0023433421922936593,-1.7595270262814366e-05,0.9999972542151183,58.50207893020898,-1.0501133239970062,-950.9730317903618,73.41666031952825,-89.97018432617188,4068.05859375,True
1598628889.986989,0,5,0.5,0.5,-0.004481845092773438,-0.14,-0.011,-0.56,-0.00020635831328360063,10,1,100,0.02569878335507053,-10,-1,-100,9022.344671322033,-0.0023425962094010904,-1.7712459094882013e-05,0.9999972559608693,58.479994114779814,-1.0495456161965937,-950.4801345706484,73.4171184489899,-89.97021484375,4067.52197265625,True
1598628890.0359676,0,5,0.5,0.5,-0.004498733520507813,-0.14,-0.011,-0.56,-0.00016162707450161686,10,1,100,0.025648762272125203,-10,-1,-100,9025.277260484057,-0.0023414716316611135,-1.741233204387365e-05,0.9999972585999468,58.45790107641455,-1.0489782987617478,-949.9872774902118,73.41757876460564,-89.97021484375,4066.98583984375,True
1598628890.0860436,0,5,0.5,0.5,-0.004477169799804687,-0.14,-0.011,-0.56,-0.000196314279817378,10,1,100,0.025665802762960845,-10,-1,-100,9028.208872611867,-0.0023406126406103735,-1.745489436734695e-05,0.9999972606101447,58.435803680057084,-1.04841126885949,-949.4945260047945,73.41804027863935,-89.97024536132812,4066.44970703125,True
1598628890.1380324,0,5,0.5,0.5,-0.004472662353515625,-0.14,-0.011,-0.56,-0.0002033000026505555,10,1,100,0.02564168657952756,-10,-1,-100,9031.152203172795,-0.0023396207918708247,-1.7557079486958626e-05,0.9999972629294037,58.413732873269744,-1.047844698922061,-949.0023362423655,73.41850069163641,-89.97027587890625,4065.91357421875,True
1598628890.1909125,0,5,0.5,0.5,-0.004468154907226562,-0.14,-0.011,-0.56,-0.00019693065799636394,10,1,100,0.02566006773639632,-10,-1,-100,9034.083815248567,-0.002338894531447109,-1.7592172668904376e-05,0.999997264627702,58.39169550751778,-1.0472790911877974,-948.51083770439,73.41896065738688,-89.97030639648438,4065.37744140625,True
1598628890.241941,0,5,0.5,0.5,-0.0044636138916015625,-0.14,-0.011,-0.56,-0.00018254737181500457,10,1,100,0.025620504672992664,-10,-1,-100,9037.017380638397,-0.0023378827082100612,-1.7493331148539423e-05,0.9999972669954783,58.36963418460686,-1.0467137568873317,-948.0191324714658,73.41942271317856,-89.9703369140625,4064.841552734375,True
1598628890.2933521,0,5,0.5,0.5,-0.004480435180664063,-0.14,-0.011,-0.56,-0.0001815475227038767,10,1,100,0.025620679434631415,-10,-1,-100,9039.960711704683,-0.0023369726463853525,-1.7394384650463814e-05,0.9999972691244139,58.347599405587076,-1.0461490520265682,-947.5280126054672,73.41988492120133,-89.9703369140625,4064.3056640625,True
1598628890.3450012,0,5,0.5,0.5,-0.004458837890625001,-0.14,-0.011,-0.56,-0.0002116872228444389,10,1,100,0.025627479151292168,-10,-1,-100,9042.891346907825,-0.002336215247717131,-1.7578402406512626e-05,0.9999972708909342,58.32551524534341,-1.0455841299248805,-947.0361954044254,73.42034336195049,-89.97036743164062,4063.77001953125,True
1598628890.3980322,0,5,0.5,0.5,-0.004475659179687501,-0.14,-0.011,-0.56,-0.0001865081556277894,10,1,100,0.025593213161644403,-10,-1,-100,9045.852255979553,-0.0023352231887764177,-1.751667447398537e-05,0.9999972732091946,58.30349120691585,-1.0450202852191657,-946.5454929532456,73.42080112994901,-89.97036743164062,4063.234375,True
1598628890.4489486,0,5,0.5,0.5,-0.004475424194335938,-0.14,-0.011,-0.56,-0.00018591312754515435,10,1,100,0.02557678470336005,-10,-1,-100,9048.767266731244,-0.0023341801854742227,-1.745499886257512e-05,0.9999972756453813,58.28149505787828,-1.0444567260777813,-946.0554086342431,73.42126026966959,-89.97036743164062,4062.69873046875,True
1598628890.4999328,0,5,0.5,0.5,-0.004475222778320314,-0.14,-0.011,-0.56,-0.00019017865764309194,10,1,100,0.025573221075853844,-10,-1,-100,9051.700831798487,-0.0023332079331374613,-1.743783519072909e-05,0.9999972779146266,58.259426144190336,-1.0438918833306583,-945.5643055175863,73.42172069069356,-89.97036743164062,4062.163330078125,True
1598628890.5519507,0,5,0.5,0.5,-0.004453692626953125,-0.14,-0.011,-0.56,-0.0002154047317487144,10,1,100,0.025607607106142134,-10,-1,-100,9054.658810959081,-0.0023326452024487205,-1.7651809457196676e-05,0.9999972792236852,58.23744339384052,-1.0433287444562587,-945.0747970938305,73.4221842508375,-89.97039794921875,4061.6279296875,True
1598628890.6072412,0,5,0.5,0.5,-0.004470581054687501,-0.14,-0.011,-0.56,-0.00018642358947643242,10,1,100,0.025539242836485374,-10,-1,-100,9057.57479828992,-0.0023315201597613605,-1.7582648881134353e-05,0.9999972818486034,58.21541679967434,-1.0427653169070747,-944.5846935194581,73.42264548540622,-89.97039794921875,4061.0927734375,True
1598628890.6599176,0,5,0.5,0.5,-0.004449050903320313,-0.14,-0.011,-0.56,-0.00022836344704153376,10,1,100,0.02558892815331832,-10,-1,-100,9060.508363151806,-0.0023309573442721046,-1.7900930922111537e-05,0.9999972831550172,58.193414658111074,-1.0422021696808945,-944.0951225884534,73.42310517443254,-89.97042846679688,4060.557373046875,True
1598628890.7103028,0,5,0.5,0.5,-0.004465972900390626,-0.14,-0.011,-0.56,-0.0001709145466364962,10,1,100,0.025499147449968583,-10,-1,-100,9063.467319338815,-0.0023296373814765095,-1.7667702908922134e-05,0.9999972862350793,58.17144930133087,-1.041639698349672,-943.606334651175,73.42356708186915,-89.97042846679688,4060.0224609375,True
1598628890.7601223,0,5,0.5,0.5,-0.004465838623046876,-0.14,-0.011,-0.56,-0.00022269391889010923,10,1,100,0.02553566858510467,-10,-1,-100,9066.383305946481,-0.002328777841208997,-1.7926330344473687e-05,0.9999972882325298,58.14944707265791,-1.0410767089047908,-943.1170807256706,73.42402707803237,-89.97042846679688,4059.4873046875,True
1598628890.8124843,0,5,0.5,0.5,-0.004444375610351563,-0.14,-0.011,-0.56,-0.00017370257359908362,10,1,100,0.02551495973276475,-10,-1,-100,9069.342261818587,-0.002327816455823624,-1.771567669306038e-05,0.9999972904746807,58.127485570080566,-1.040514177027065,-942.6285785206435,73.42448382806357,-89.970458984375,4058.9521484375,True
1598628890.8610332,0,5,0.5,0.5,-0.004461331176757813,-0.14,-0.011,-0.56,-0.0002166922729997016,10,1,100,0.02555385369840949,-10,-1,-100,9072.274850577815,-0.0023273043744251112,-1.7914696739015178e-05,0.9999972916630386,58.10551608915264,-1.0399518272606239,-942.1401003286605,73.42494071259631,-89.970458984375,4058.41748046875,True
1598628890.9112463,0,5,0.5,0.5,-0.004439868164062501,-0.14,-0.011,-0.56,-0.00020150585232077065,10,1,100,0.025471377770206964,-10,-1,-100,9075.190837535774,-0.002326097165509433,-1.795725996159062e-05,0.9999972944710966,58.08352631427915,-1.0393893467541282,-941.651451578133,73.42539801939716,-89.97048950195312,4057.8828125,True
1598628890.9604206,0,5,0.5,0.5,-0.004456823730468751,-0.14,-0.011,-0.56,-0.00016019658219804206,10,1,100,0.025503440673889363,-10,-1,-100,9078.150770225911,-0.002325299480186172,-1.7620014448736574e-05,0.9999972963322763,58.06156270317266,-1.0388279282282051,-941.1634031905437,73.42585701852819,-89.97048950195312,4057.34814453125,True
1598628891.011244,0,5,0.5,0.5,-0.004456689453125001,-0.14,-0.011,-0.56,-0.0002395708749988145,10,1,100,0.025462905301437348,-10,-1,-100,9081.084335113992,-0.0023242138816929963,-1.8034862084707044e-05,0.9999972988486397,58.039573604013896,-1.0382657079560833,-940.6750553767392,73.4263136316352,-89.97048950195312,4056.8134765625,True
1598628891.0619302,0,5,0.5,0.5,-0.00443519287109375,-0.14,-0.011,-0.56,-0.00021675625720182356,10,1,100,0.02546697813974587,-10,-1,-100,9084.000322130742,-0.0023232721761851363,-1.8204047931167574e-05,0.9999973010338618,58.01763926219317,-1.0377042830400824,-940.1877355348255,73.42676896243887,-89.97052001953125,4056.27880859375,True
1598628891.1122634,0,5,0.5,0.5,-0.0044307861328125005,-0.14,-0.011,-0.56,-0.00020048622012449463,10,1,100,0.025469040770054917,-10,-1,-100,9086.959277916234,-0.0023224433523864945,-1.8209441783179637e-05,0.9999973029590086,57.99570680982697,-1.0371433238816625,-939.7006592391557,73.42722841371769,-89.97055053710938,4055.74462890625,True
1598628891.1632,0,5,0.5,0.5,-0.004447708129882814,-0.14,-0.011,-0.56,-0.00016617946422610718,10,1,100,0.02543622026079881,-10,-1,-100,9089.89089019387,-0.0023213997595830146,-1.7901895874203405e-05,0.9999973053877087,57.97374588843853,-1.0365817855593518,-939.2132526817016,73.4276868548846,-89.97055053710938,4055.21044921875,True
1598628891.218099,0,5,0.5,0.5,-0.004426211547851563,-0.14,-0.011,-0.56,-0.00022127572784228985,10,1,100,0.02544162154725414,-10,-1,-100,9092.806877207942,-0.0023205088301700713,-1.8123182930779315e-05,0.9999973074515347,57.951802799535294,-1.0360210531452947,-938.7262711951428,73.42814352292547,-89.9705810546875,4054.676025390625,True
1598628891.2681575,0,5,0.5,0.5,-0.0044217712402343755,-0.14,-0.011,-0.56,-0.00020389145877772256,10,1,100,0.025418408140202485,-10,-1,-100,9095.765832889127,-0.002319496162049932,-1.8165900099786934e-05,0.9999973098001586,57.929899235208076,-1.0354608202403406,-938.2400715821441,73.4285993175257,-89.97061157226562,4054.14208984375,True
1598628891.321975,0,5,0.5,0.5,-0.004438659667968751,-0.14,-0.011,-0.56,-0.00019364239460223929,10,1,100,0.025413913102780565,-10,-1,-100,9098.69842159457,-0.0023185431285815687,-1.8111342788421e-05,0.9999973120112576,57.907972224009264,-1.0349004099761412,-937.7536366586354,73.42905482271625,-89.97061157226562,4053.60791015625,True
1598628891.3809845,0,5,0.5,0.5,-0.004417129516601562,-0.14,-0.011,-0.56,-0.00018989995279862525,10,1,100,0.02542610578819793,-10,-1,-100,9101.642729045125,-0.0023177960074116165,-1.8027363337968787e-05,0.999997313744733,57.88603804948686,-1.0343399665591537,-937.2672777972433,73.42951186266014,-89.97064208984375,4053.073974609375,True
1598628891.4333837,0,5,0.5,0.5,-0.004412655639648438,-0.14,-0.011,-0.56,-0.00019972226461756698,10,1,100,0.025370438922508013,-10,-1,-100,9104.574340875726,-0.002316619387902673,-1.8040209702639924e-05,0.9999973164709806,57.8641252335392,-1.033780427551364,-936.7814485015665,73.42997153114669,-89.97067260742188,4052.5400390625,True
1598628891.4809356,0,5,0.5,0.5,-0.004429544067382813,-0.14,-0.011,-0.56,-0.00021051505552755173,10,1,100,0.025381340343060433,-10,-1,-100,9107.506929509458,-0.0023156574537882978,-1.8149929088121682e-05,0.9999973186969737,57.842205333202074,-1.0332205162335248,-936.2956097041294,73.43042845912456,-89.97067260742188,4052.00634765625,True
1598628891.5320451,0,5,0.5,0.5,-0.004407980346679687,-0.14,-0.011,-0.56,-0.00019198043664072788,10,1,100,0.025372940357367486,-10,-1,-100,9110.449284004862,-0.002314715370202019,-1.808069570809817e-05,0.9999973208793329,57.82031195840014,-1.0326615033261821,-935.8106923027971,73.43091319946498,-89.970703125,4051.47265625,True
1598628891.584967,0,5,0.5,0.5,-0.004403472900390625,-0.14,-0.011,-0.56,-0.0002035898636684166,10,1,100,0.025371575424145094,-10,-1,-100,9113.381872129743,-0.0023138551571047355,-1.8123254850489063e-05,0.9999973228693463,57.79845282422226,-1.0321036983663092,-935.3261228798914,73.43136788531834,-89.97073364257812,4050.93896484375,True
1598628891.639133,0,5,0.5,0.5,-0.004420327758789063,-0.14,-0.011,-0.56,-0.00020481942630460958,10,1,100,0.02534400615817115,-10,-1,-100,9116.31446071621,-0.0023128310764338788,-1.81731962703377e-05,0.9999973252374961,57.77655402374212,-1.0315455436970322,-934.8410822994011,73.43182348159604,-89.97073364257812,4050.405517578125,True
1598628891.69089,0,5,0.5,0.5,-0.0043987640380859375,-0.14,-0.011,-0.56,-0.00019794865915841143,10,1,100,0.025336210690249807,-10,-1,-100,9119.257791842916,-0.0023118379645483173,-1.8156168992064517e-05,0.9999973275342185,57.75469037707518,-1.0309880066727046,-934.356729642301,73.4322771501729,-89.97076416015625,4049.8720703125,True
1598628891.7489877,0,5,0.5,0.5,-0.004394256591796875,-0.14,-0.011,-0.56,-0.00020928517829463933,10,1,100,0.02534333943856725,-10,-1,-100,9122.191357092583,-0.0023110086349052697,-1.824351775567473e-05,0.9999973294495658,57.73282481041597,-1.030430389238613,-933.8725188111943,73.43273208592124,-89.97079467773438,4049.3388671875,True
1598628891.7925773,0,5,0.5,0.5,-0.004411111450195313,-0.14,-0.011,-0.56,-0.000202779623411593,10,1,100,0.025298049996667897,-10,-1,-100,9125.150312807877,-0.0023098516132082003,-1.8263674919270053e-05,0.9999973321224228,57.710939848673924,-1.0298727869427429,-933.3882037693669,73.43319187431973,-89.97079467773438,4048.8056640625,True
1598628891.843796,0,5,0.5,0.5,-0.004410910034179688,-0.14,-0.011,-0.56,-0.00017103551848335113,10,1,100,0.02530353160057061,-10,-1,-100,9128.080948412884,-0.0023088583758362,-1.7993327955173162e-05,0.9999973344210675,57.689056302788735,-1.0293152668871755,-932.9044747399662,73.43368436795224,-89.97079467773438,4048.2724609375,True
1598628891.8929641,0,5,0.5,0.5,-0.004389346313476563,-0.14,-0.011,-0.56,-0.00023224034855449813,10,1,100,0.025298225170011207,-10,-1,-100,9130.997911616578,-0.0023079159968136097,-1.8304072820125733e-05,0.9999973365908095,57.667240955299256,-1.02875877365494,-932.4216025391177,73.43414500759802,-89.9708251953125,4047.7392578125,True
1598628891.9430494,0,5,0.5,0.5,-0.0044062347412109374,-0.14,-0.011,-0.56,-0.0001870538591512301,10,1,100,0.025268822872323918,-10,-1,-100,9133.957843958982,-0.0023068009768237325,-1.8175530330523672e-05,0.9999973391659117,57.64540700030229,-1.0282028320687555,-931.9384647781893,73.43459540643738,-89.9708251953125,4047.20654296875,True
1598628891.992196,0,5,0.5,0.5,-0.0044060668945312504,-0.14,-0.011,-0.56,-0.0002054015520381168,10,1,100,0.025292470100126065,-10,-1,-100,9136.889456164208,-0.0023060112229139353,-1.822534771110451e-05,0.9999973409865031,57.62357020188856,-1.027646588240985,-931.4553789936147,73.43504130042774,-89.9708251953125,4046.67333984375,True
1598628892.0439434,0,5,0.5,0.5,-0.004384536743164063,-0.14,-0.011,-0.56,-0.0001813570109252757,10,1,100,0.02523539793556842,-10,-1,-100,9139.805443007615,-0.0023047831962552997,-1.8051980939131278e-05,0.9999973438207446,57.6017127934496,-1.0270898018490136,-930.9721191917821,73.4354869485348,-89.97085571289062,4046.140625,True
1598628892.0953274,0,5,0.5,0.5,-0.004380096435546875,-0.14,-0.011,-0.56,-0.000244340811302349,10,1,100,0.025259126462050648,-10,-1,-100,9142.76439889695,-0.0023038915515099664,-1.846698089055534e-05,0.9999973458678226,57.579885861592224,-1.0265337191546264,-930.4895250112118,73.43593521311743,-89.97088623046875,4045.608154296875,True
1598628892.14698,0,5,0.5,0.5,-0.004397018432617188,-0.14,-0.011,-0.56,-0.00018462986337581123,10,1,100,0.025244832800456814,-10,-1,-100,9145.697963859304,-0.0023029600808229874,-1.830111429611772e-05,0.9999973480164512,57.55806049003638,-1.0259781684846956,-930.007179503164,73.43638782607692,-89.97088623046875,4045.07568359375,True
1598628892.1972933,0,5,0.5,0.5,-0.0043968505859375,-0.14,-0.011,-0.56,-0.00020916815162179457,10,1,100,0.025211871652210713,-10,-1,-100,9148.640318324557,-0.0023018226161195064,-1.8373285541569022e-05,0.9999973506340236,57.53625771162397,-1.0254228557043064,-929.5253722721416,73.43684166014809,-89.97088623046875,4044.54296875,True
1598628892.2491088,0,5,0.5,0.5,-0.00437535400390625,-0.14,-0.011,-0.56,-0.0001820712424809612,10,1,100,0.02520071377374051,-10,-1,-100,9151.571930145263,-0.002300696226901548,-1.8192362848381263e-05,0.999997353229452,57.51442675783833,-1.0248670289769068,-929.0432580133993,73.43729457594971,-89.97091674804688,4044.0107421875,True
1598628892.3009217,0,5,0.5,0.5,-0.004392309570312501,-0.14,-0.011,-0.56,-0.00024909812955015165,10,1,100,0.02520302345066637,-10,-1,-100,9154.504518580157,-0.0022997026086827334,-1.8637269514209844e-05,0.9999973555067853,57.49263015849023,-1.0243123194803578,-928.5618083040681,73.43774376473088,-89.97091674804688,4043.478271484375,True
1598628892.3519492,0,5,0.5,0.5,-0.00437081298828125,-0.14,-0.011,-0.56,-0.00016178775762983475,10,1,100,0.02519766741033175,-10,-1,-100,9157.449802446063,-0.002298759854484883,-1.8247659834237545e-05,0.9999973576815862,57.47082445615252,-1.023757142736537,-928.0803482951201,73.43819228424937,-89.970947265625,4042.946044921875,True
1598628892.4051154,0,5,0.5,0.5,-0.004387734985351562,-0.14,-0.011,-0.56,-0.00023004436266520548,10,1,100,0.025181625815384842,-10,-1,-100,9160.37946118333,-0.0022977661530067302,-1.8513752596512403e-05,0.9999973599604886,57.449006520464366,-1.0232028353191602,-927.5988817124884,73.4386423475024,-89.970947265625,4042.4140625,True
1598628892.4582267,0,5,0.5,0.5,-0.004366238403320313,-0.14,-0.011,-0.56,-0.00019748303280380506,10,1,100,0.025185279004436754,-10,-1,-100,9163.313026434393,-0.0022969052259668877,-1.8459452400043738e-05,0.999997361939336,57.42724769179594,-1.0226493161081285,-927.1185224138087,73.43909364900729,-89.97097778320312,4041.8818359375,True
1598628892.510172,0,5,0.5,0.5,-0.004361798095703125,-0.14,-0.011,-0.56,-0.00020353645211453058,10,1,100,0.025164476914694887,-10,-1,-100,9166.271982173785,-0.0022959424512519746,-1.846486155874289e-05,0.9999973641501809,57.40540337968219,-1.02209477092904,-926.6368952094026,73.4395410161982,-89.97100830078125,4041.349853515625,True
1598628892.56294,0,5,0.5,0.5,-0.0043786865234375,-0.14,-0.011,-0.56,-0.0001823096023804925,10,1,100,0.02516284811860954,-10,-1,-100,9169.18796925759,-0.0022950615477027887,-1.8276589874662105e-05,0.9999973661757607,57.38359987986717,-1.0215413373904252,-926.1560634243317,73.43998743668445,-89.97100830078125,4040.818115234375,True
1598628892.6149724,0,5,0.5,0.5,-0.004378518676757813,-0.14,-0.011,-0.56,-0.00018696977699287747,10,1,100,0.025124808392212192,-10,-1,-100,9172.14790135331,-0.002293923748462237,-1.814759483203259e-05,0.9999973687887889,57.361822769659824,-1.020987432431915,-925.6758448333638,73.44043553031226,-89.97100830078125,4040.2861328125,True
1598628892.6651196,0,5,0.5,0.5,-0.004357022094726563,-0.14,-0.011,-0.56,-0.00026432761241901705,10,1,100,0.02513604878495856,-10,-1,-100,9175.080490001244,-0.0022930006325440184,-1.8733870011751137e-05,0.9999973708951146,57.34005821326723,-1.020434005859733,-925.1959987180045,73.44088612755394,-89.97103881835938,4039.754638671875,True
1598628892.7158651,0,5,0.5,0.5,-0.0043525817871093745,-0.14,-0.011,-0.56,-0.00019649780622546677,10,1,100,0.025127040080660176,-10,-1,-100,9177.99647709832,-0.0022920885929868153,-1.864981943181242e-05,0.9999973729875825,57.318270451805155,-1.019881011467555,-924.715940104331,73.44133823406683,-89.9710693359375,4039.222900390625,True
1598628892.7649686,0,5,0.5,0.5,-0.00436947021484375,-0.14,-0.011,-0.56,-0.00019322452274788212,10,1,100,0.02509332166822369,-10,-1,-100,9180.956409086124,-0.0022909617842064196,-1.854340129671714e-05,0.9999973755716791,57.296498627451975,-1.0193289229659739,-924.236302693239,73.44179138797271,-89.9710693359375,4038.69140625,True
1598628892.8160129,0,5,0.5,0.5,-0.004369302368164062,-0.14,-0.011,-0.56,-0.00017746811386192495,10,1,100,0.02508229825710509,-10,-1,-100,9183.887044695904,-0.0022898460492528864,-1.8303098330896062e-05,0.9999973781315966,57.274767970232666,-1.018776745100879,-923.757520001696,73.44224705991785,-89.9710693359375,4038.16015625,True
1598628892.8660278,0,5,0.5,0.5,-0.004347772216796875,-0.14,-0.011,-0.56,-0.0002217219155736381,10,1,100,0.025068927775354227,-10,-1,-100,9186.80498453253,-0.002288719155424148,-1.848725216951367e-05,0.9999973807079943,57.252999376512584,-1.018224403776761,-923.278278132399,73.44270233010616,-89.97109985351562,4037.628662109375,True
1598628892.9161785,0,5,0.5,0.5,-0.004343331909179688,-0.14,-0.011,-0.56,-0.00021045131608198866,10,1,100,0.025079047548113187,-10,-1,-100,9189.761987312813,-0.002287795832331341,-1.855198694348261e-05,0.9999973828196017,57.231264465621116,-1.0176726350507006,-922.7996803773901,73.44315325015758,-89.97113037109375,4037.097412109375,True
1598628892.9650054,0,5,0.5,0.5,-0.004360220336914063,-0.14,-0.011,-0.56,-0.00018817924291152004,10,1,100,0.025108265190157616,-10,-1,-100,9192.694576051668,-0.0022872311265570797,-1.8408328587043778e-05,0.9999973841140323,57.20949436738704,-1.017121690671671,-922.3206577696998,73.44360346854909,-89.97113037109375,4036.56640625,True
1598628893.0160015,0,5,0.5,0.5,-0.004360052490234375,-0.14,-0.011,-0.56,-0.0002145801621827139,10,1,100,0.025047583901860362,-10,-1,-100,9195.655484818155,-0.002286174904231785,-1.8517784914394784e-05,0.9999973865272842,57.187770608179676,-1.0165714489991915,-921.8425710291317,73.44405767668258,-89.97113037109375,4036.03515625,True
1598628893.0651405,0,5,0.5,0.5,-0.004359918212890626,-0.14,-0.011,-0.56,-0.0002025975849543825,10,1,100,0.02503166369466516,-10,-1,-100,9198.570495010703,-0.002285078852549761,-1.8508310034133003e-05,0.9999973890326314,57.166019896137875,-1.0160210316571714,-921.3642275643732,73.44451298442591,-89.97113037109375,4035.504150390625,True
1598628893.1183014,0,5,0.5,0.5,-0.0043384216308593754,-0.14,-0.011,-0.56,-0.00018448205766127384,10,1,100,0.025045508761439177,-10,-1,-100,9201.50308377971,-0.0022842173813505512,-1.833479924017633e-05,0.9999973910039917,57.14427264731892,-1.0154700561099126,-920.8860642870178,73.44496744632346,-89.97116088867188,4034.973388671875,True
1598628893.2169847,0,5,0.5,0.5,-0.004333981323242188,-0.14,-0.011,-0.56,-0.00020653499286943063,10,1,100,0.025021309005290857,-10,-1,-100,9204.463015998015,-0.002283223051901841,-1.837737319810065e-05,0.9999973932739863,57.12257222802519,-1.0149201099808904,-920.4088311075196,73.44542344224766,-89.97119140625,4034.4423828125,True
1598628893.267998,0,5,0.5,0.5,-0.004308178710937501,-0.14,-0.011,-0.56,-0.00022306503590851948,10,1,100,0.02487956617733484,-10,-1,-100,9210.312568206806,-0.002281039433585815,-1.856667400276325e-05,0.9999973982538061,57.07914864276083,-1.0138207648797048,-919.4548613847766,73.44636895374347,-89.97125244140625,4033.381103515625,True
1598628893.3201864,0,5,0.5,0.5,-0.004342156982421875,-0.14,-0.011,-0.56,-0.000217826946574842,10,1,100,0.024972823319803328,-10,-1,-100,9213.269570494187,-0.0022799121629204153,-1.8691222236176772e-05,0.999997400822206,57.05744107795093,-1.0132719058097481,-918.978254121858,73.44684851814354,-89.97125244140625,4032.8505859375,True
1598628893.3720489,0,5,0.5,0.5,-0.00432059326171875,-0.14,-0.011,-0.56,-0.0002027014283071053,10,1,100,0.0249930714935308,-10,-1,-100,9216.203135732561,-0.0022790814908232888,-1.8666808808719222e-05,0.9999974027161813,57.03580559718077,-1.0127243298385518,-918.5029390824606,73.44732697635246,-89.97128295898438,4032.31982421875,True
1598628893.4244728,0,5,0.5,0.5,-0.004337448120117188,-0.14,-0.011,-0.56,-0.000186923981971297,10,1,100,0.024969074036306417,-10,-1,-100,9219.145489628194,-0.0022781179616315245,-1.8500852807543353e-05,0.9999974049147684,57.01407840103359,-1.0121751036795967,-918.0258827171484,73.4477701054631,-89.97128295898438,4031.78955078125,True
1598628893.4819589,0,5,0.5,0.5,-0.004315884399414063,-0.14,-0.011,-0.56,-0.00020081062870015189,10,1,100,0.02497176110612038,-10,-1,-100,9222.078078144114,-0.00227727609135895,-1.847621359433849e-05,0.9999974068327543,56.99239559367386,-1.0116272681060527,-917.5496698337379,73.44821221772473,-89.9713134765625,4031.259521484375,True
1598628893.5251956,0,5,0.5,0.5,-0.004332772827148438,-0.14,-0.011,-0.56,-0.00021861962456651523,10,1,100,0.024943299264479087,-10,-1,-100,9225.012619868736,-0.0022762615741334816,-1.8615783156891138e-05,0.999997409139993,56.97069956952316,-1.0110794935597498,-917.0734103213238,73.44865554384498,-89.9713134765625,4030.729248046875,True
1598628893.5744123,0,5,0.5,0.5,-0.0043112091064453125,-0.14,-0.011,-0.56,-0.00017986017462122482,10,1,100,0.02494885081713706,-10,-1,-100,9227.954974142485,-0.0022753997267276043,-1.8390117346463772e-05,0.9999974111055924,56.949008189097235,-1.010532509007217,-916.5973968949392,73.44910123796006,-89.97134399414062,4030.19921875,True
1598628893.6249557,0,5,0.5,0.5,-0.00432806396484375,-0.14,-0.011,-0.56,-0.00021692397391729354,10,1,100,0.024944749401370633,-10,-1,-100,9230.885609093122,-0.002274588739103934,-1.8522026301101274e-05,0.9999974129481549,56.927299849776574,-1.0099851761578833,-916.121236561969,73.44954534066335,-89.97134399414062,4029.66943359375,True
1598628893.6761012,0,5,0.5,0.5,-0.004327828979492188,-0.14,-0.011,-0.56,-0.00020925231470733042,10,1,100,0.024913188453322577,-10,-1,-100,9233.81917416607,-0.0022735740963851113,-1.8572188706802095e-05,0.9999974152546106,56.90566613665719,-1.0094395148126416,-915.6463913702977,73.44998774579501,-89.97134399414062,4029.13916015625,True
1598628893.727051,0,5,0.5,0.5,-0.004306265258789063,-0.14,-0.011,-0.56,-0.00017860745542096925,10,1,100,0.02491536038178066,-10,-1,-100,9236.777153351228,-0.0022726811144312235,-1.8338985455320806e-05,0.9999974172887817,56.883974600133776,-1.0088937514025567,-915.1707749672685,73.450430616761,-89.97137451171875,4028.609375,True
1598628893.778063,0,5,0.5,0.5,-0.0043231536865234385,-0.14,-0.011,-0.56,-0.0002246430772869284,10,1,100,0.02488857349073293,-10,-1,-100,9239.695093340124,-0.0022716353790431377,-1.854552305070361e-05,0.999997419661055,56.862315133425405,-1.00834793197747,-914.6958542511445,73.45087640025575,-89.97137451171875,4028.07958984375,True
1598628893.8280454,0,5,0.5,0.5,-0.004301657104492188,-0.14,-0.011,-0.56,-0.00020703480335776105,10,1,100,0.02489178086622725,-10,-1,-100,9242.654048770899,-0.002270722417608047,-1.8573228511651963e-05,0.9999974217340448,56.84067231252642,-1.007802700857315,-914.2213513388351,73.45132205515438,-89.97140502929688,4027.550048828125,True
1598628893.8812053,0,5,0.5,0.5,-0.004297216796875,-0.14,-0.011,-0.56,-0.0002220293823237168,10,1,100,0.024865895444779566,-10,-1,-100,9245.58566113934,-0.0022696654849678147,-1.873483691559054e-05,0.9999974241304784,56.81897905217186,-1.0072566770474478,-913.7461085177127,73.45176195081508,-89.971435546875,4027.0205078125,True
1598628893.931288,0,5,0.5,0.5,-0.0043141387939453135,-0.14,-0.011,-0.56,-0.0001654898526585339,10,1,100,0.024879222694764863,-10,-1,-100,9248.519226172939,-0.0022688343539364296,-1.836769607848134e-05,0.9999974260233383,56.79734616311956,-1.0067118469651954,-913.2719944314041,73.45220255930172,-89.971435546875,4026.4912109375,True
1598628893.9832559,0,5,0.5,0.5,-0.004292608642578125,-0.14,-0.011,-0.56,-0.00023881919097623123,10,1,100,0.024868755600994916,-10,-1,-100,9251.462556526996,-0.0022679920645169846,-1.8700683081023915e-05,0.9999974279278321,56.77566186330434,-1.0061663399469278,-912.797263596438,73.45264898130229,-89.97146606445312,4025.9619140625,True
1598628894.0343487,0,5,0.5,0.5,-0.004309530639648437,-0.14,-0.011,-0.56,-0.00018236448740843725,10,1,100,0.024851612133246395,-10,-1,-100,9254.394168622443,-0.0022670789371805407,-1.848996989682205e-05,0.9999974300023045,56.754094333266615,-1.0056228628160495,-912.3245800158999,73.45309754930042,-89.97146606445312,4025.4326171875,True
1598628894.0880551,0,5,0.5,0.5,-0.00430936279296875,-0.14,-0.011,-0.56,-0.00019665130168255396,10,1,100,0.024839369448647876,-10,-1,-100,9257.325780265033,-0.0022661458721391988,-1.842840696209421e-05,0.9999974321183429,56.732428094511185,-1.0050777310398988,-911.8504149271962,73.45354315278442,-89.97146606445312,4024.9033203125,True
1598628894.1396825,0,5,0.5,0.5,-0.0042878662109375005,-0.14,-0.011,-0.56,-0.00021158060082207748,10,1,100,0.024833485678428212,-10,-1,-100,9260.28571266937,-0.002265252554967426,-1.8508126750323083e-05,0.999997434140864,56.71082492425418,-1.0045340653051866,-911.3773987630243,73.45398781152936,-89.97149658203125,4024.3740234375,True
1598628894.1918871,0,5,0.5,0.5,-0.004283425903320312,-0.14,-0.011,-0.56,-0.00021156635329328005,10,1,100,0.02482702521121185,-10,-1,-100,9263.202676125686,-0.0022643902043676077,-1.858048239804279e-05,0.9999974360925971,56.68920737777848,-1.003990581353911,-910.9043139584828,73.45443417755823,-89.97152709960938,4023.84521484375,True
1598628894.2450933,0,5,0.5,0.5,-0.0043003143310546875,-0.14,-0.011,-0.56,-0.0002081989738680925,10,1,100,0.02477364962063599,-10,-1,-100,9266.160654828069,-0.0022631293656280083,-1.8615640179657875e-05,0.9999974389461868,56.66760381787474,-1.0034469256823335,-910.4316157274898,73.45488153867797,-89.97152709960938,4023.316162109375,True
1598628894.2974048,0,5,0.5,0.5,-0.0043001464843750005,-0.14,-0.011,-0.56,-0.00019791985097867458,10,1,100,0.0247893009194953,-10,-1,-100,9269.094220401836,-0.0022621341165350965,-1.8553903723291117e-05,0.9999974411992221,56.64602081096324,-1.002904586900589,-909.959344958115,73.45532478661998,-89.97152709960938,4022.787353515625,True
1598628894.3489554,0,5,0.5,0.5,-0.004278616333007813,-0.14,-0.011,-0.56,-0.00018746654093487037,10,1,100,0.02479300348563107,-10,-1,-100,9272.010207168409,-0.0022612716418359637,-1.840274196194804e-05,0.9999974431526817,56.624406463865284,-1.0023614880857357,-909.4867347216141,73.45576938952613,-89.9715576171875,4022.2587890625,True
1598628894.4010174,0,5,0.5,0.5,-0.004274176025390625,-0.14,-0.011,-0.56,-0.0002572245180780776,10,1,100,0.024785617246851688,-10,-1,-100,9274.970139093697,-0.0022604290179167323,-1.8899640595255945e-05,0.9999974450484655,56.602841149471146,-1.001819944324318,-909.0150553682209,73.45621386523374,-89.97158813476562,4021.72998046875,True
1598628894.453233,0,5,0.5,0.5,-0.004291098022460938,-0.14,-0.011,-0.56,-0.00016555322767890162,10,1,100,0.024764098270448995,-10,-1,-100,9277.901751308935,-0.0022594757659019984,-1.8517841436743655e-05,0.999997447209918,56.58122553382082,-1.0012776062246573,-908.5427321832984,73.45665814082014,-89.97158813476562,4021.201171875,True
1598628894.5039287,0,5,0.5,0.5,-0.00426956787109375,-0.14,-0.011,-0.56,-0.00023297977426340273,10,1,100,0.02473534812047462,-10,-1,-100,9280.833363161073,-0.0022583563159688682,-1.878358340217498e-05,0.9999974497337117,56.55968137662189,-1.0007365196727394,-908.0717560597797,73.457107598075,-89.97161865234375,4020.6728515625,True
1598628894.554966,0,5,0.5,0.5,-0.004286489868164063,-0.14,-0.011,-0.56,-0.00019717738104857603,10,1,100,0.02474925037519998,-10,-1,-100,9283.776693656924,-0.0022574737781167514,-1.8699615341231262e-05,0.9999974517279859,56.538107371700015,-1.0001949628573237,-907.6004026639117,73.4575543118082,-89.97161865234375,4020.14453125,True
1598628894.6099677,0,5,0.5,0.5,-0.004264959716796875,-0.14,-0.011,-0.56,-0.00021521061354632051,10,1,100,0.024724850121515575,-10,-1,-100,9286.70928184432,-0.0022564583824532087,-1.8787028630857913e-05,0.999997454018067,56.516522847140536,-0.9996539171184098,-907.1289849118187,73.45799693437799,-89.97164916992188,4019.6162109375,True
1598628894.6531243,0,5,0.5,0.5,-0.00428184814453125,-0.14,-0.011,-0.56,-0.00019969299013958036,10,1,100,0.024723699357171322,-10,-1,-100,9289.669214226538,-0.0022555336408011184,-1.8725099934394718e-05,0.9999974561054472,56.4949395889317,-0.999112276726691,-906.6577833793149,73.45844438708161,-89.97164916992188,4019.087890625,True
1598628894.7022634,0,5,0.5,0.5,-0.004281680297851562,-0.14,-0.011,-0.56,-0.00018927997007319293,10,1,100,0.024682067498922745,-10,-1,-100,9292.600826515467,-0.002254323330509837,-1.857394005229368e-05,0.9999974588374363,56.47339407173645,-0.9985720959688474,-906.1878088147274,73.45893069723874,-89.97164916992188,4018.559814453125,True
1598628894.7532592,0,5,0.5,0.5,-0.004260183715820313,-0.14,-0.011,-0.56,-0.00023611583676276678,10,1,100,0.024712782092985705,-10,-1,-100,9295.51681277703,-0.0022535114237127512,-1.8862308531512272e-05,0.9999974606620141,56.45192405143192,-0.9980336647185923,-905.7186688841531,73.45937428866387,-89.9716796875,4018.03173828125,True
1598628894.801166,0,5,0.5,0.5,-0.004277105712890626,-0.14,-0.011,-0.56,-0.00018905567079268782,10,1,100,0.02470491922967112,-10,-1,-100,9298.474792149616,-0.0022527105896324637,-1.8696417759844952e-05,0.9999974624695022,56.430362442582776,-0.9974935792364934,-905.2481906210984,73.45981576027435,-89.9716796875,4017.503662109375,True
1598628894.8521008,0,5,0.5,0.5,-0.004255575561523437,-0.14,-0.011,-0.56,-0.00020869510847524342,10,1,100,0.02465651175884559,-10,-1,-100,9301.408357219538,-0.002251551057576427,-1.8724018751773753e-05,0.9999974650804104,56.40878648980499,-0.9969532133699011,-904.7776307847455,73.4602583633809,-89.97171020507812,4016.975830078125,True
1598628894.9039888,0,5,0.5,0.5,-0.004251135253906251,-0.14,-0.011,-0.56,-0.00019506086012856496,10,1,100,0.024678758722827175,-10,-1,-100,9304.339969124645,-0.0022507080195473717,-1.8624870780566655e-05,0.9999974669800543,56.387268309099106,-0.9964145070154031,-904.3081361299166,73.46070071376724,-89.97174072265625,4016.4482421875,True
1598628894.956241,0,5,0.5,0.5,-0.004268057250976563,-0.14,-0.011,-0.56,-0.00019654269836172125,10,1,100,0.02465377565824322,-10,-1,-100,9307.285252806498,-0.002249723339841439,-1.8548457308693158e-05,0.999997469197222,56.3657495915293,-0.9958754409463719,-903.8387960708068,73.46114446027981,-89.97174072265625,4015.92041015625,True
1598628895.0069895,0,5,0.5,0.5,-0.0042465270996093745,-0.14,-0.011,-0.56,-0.000239170541010001,10,1,100,0.02466412428033244,-10,-1,-100,9310.217840905534,-0.002248931120696912,-1.8866488525727113e-05,0.999997470973237,56.34423720546393,-0.9953368568665105,-903.3697312275427,73.46158988697994,-89.97177124023438,4015.392822265625,True
1598628895.0585577,0,5,0.5,0.5,-0.004242086791992188,-0.14,-0.011,-0.56,-0.00020550391601932094,10,1,100,0.02461824770838415,-10,-1,-100,9313.175820094533,-0.0022478024300889685,-1.884947221845766e-05,0.9999974735112748,56.322730204327655,-0.994798093396025,-902.9008768894048,73.46203536552956,-89.9718017578125,4014.865234375,True
1598628895.1123564,0,5,0.5,0.5,-0.004258975219726563,-0.14,-0.011,-0.56,-0.00022503150086262207,10,1,100,0.02461841014514521,-10,-1,-100,9316.107432057383,-0.002246786616550509,-1.9011390113263418e-05,0.9999974757910475,56.30120877320013,-0.9942594016833247,-902.4319436544441,73.46248036580182,-89.9718017578125,4014.337890625,True
1598628895.1713128,0,5,0.5,0.5,-0.004258807373046875,-0.14,-0.011,-0.56,-0.00018158561739904232,10,1,100,0.024618479257331356,-10,-1,-100,9319.02439537039,-0.0022458725705044227,-1.876342165752483e-05,0.999997477848985,56.27968679794348,-0.9937210430866141,-901.9631321810019,73.46292354824068,-89.9718017578125,4013.810546875,True
1598628895.2233007,0,5,0.5,0.5,-0.004237277221679687,-0.14,-0.011,-0.56,-0.0001872941287365768,10,1,100,0.0245813372155506,-10,-1,-100,9321.982374562649,-0.002244712747419334,-1.85898565083554e-05,0.9999974804563753,56.258225785699935,-0.9931834663817266,-901.4954572734821,73.46336834238787,-89.97183227539062,4013.283203125,True
1598628895.268171,0,5,0.5,0.5,-0.004254165649414062,-0.14,-0.011,-0.56,-0.00022326916771286614,10,1,100,0.0246104137910831,-10,-1,-100,9324.91593939846,-0.002243931432195086,-1.8759101348480312e-05,0.9999974822067422,56.23671594775863,-0.9926454736942735,-901.0271270707652,73.46381189836866,-89.97183227539062,4012.756103515625,True
1598628895.3220356,0,5,0.5,0.5,-0.004232635498046876,-0.14,-0.011,-0.56,-0.00020609788330338115,10,1,100,0.024554398097954157,-10,-1,-100,9327.84852805466,-0.002242720621136886,-1.8756951533219488e-05,0.9999974849230333,56.21522250584574,-0.9921080914745996,-900.5592115847136,73.46425543034313,-89.97186279296875,4012.22900390625,True
1598628895.3728993,0,5,0.5,0.5,-0.00424952392578125,-0.14,-0.011,-0.56,-0.0002249320764481352,10,1,100,0.024579516104502486,-10,-1,-100,9330.79185838846,-0.002241857311114867,-1.8926162062686162e-05,0.9999974868556404,56.193745988997584,-0.9915714728745626,-900.0917361558237,73.46470112438048,-89.97186279296875,4011.7021484375,True
1598628895.4254646,0,5,0.5,0.5,-0.0042279937744140635,-0.14,-0.011,-0.56,-0.0002012359219046134,10,1,100,0.02458451884531617,-10,-1,-100,9333.72347015224,-0.002241126775780848,-1.88643864633412e-05,0.9999974884943011,56.17229958933691,-0.9910356050531609,-899.6249363419845,73.46515068322167,-89.97189331054688,4011.17529296875,True
1598628895.4759514,0,5,0.5,0.5,-0.004244915771484376,-0.14,-0.011,-0.56,-0.0001891858301617303,10,1,100,0.02452122276139717,-10,-1,-100,9336.683402376948,-0.0022398959440268094,-1.8698462797471596e-05,0.9999974912551167,56.15083650566162,-0.9904991345007249,-899.1579690196673,73.46559689966874,-89.97189331054688,4010.6484375,True
1598628895.52856,0,5,0.5,0.5,-0.004223385620117188,-0.14,-0.011,-0.56,-0.00023341198855981072,10,1,100,0.0245449344840915,-10,-1,-100,9339.615014040843,-0.0022390015011801907,-1.8949542718037433e-05,0.9999974932534544,56.129384030525884,-0.9899631124709427,-898.6912653911744,73.46603810777616,-89.971923828125,4010.12158203125,True
1598628895.586022,0,5,0.5,0.5,-0.004218945312500001,-0.14,-0.011,-0.56,-0.00020233853260903146,10,1,100,0.024538403477012246,-10,-1,-100,9342.532954020193,-0.002238138025454832,-1.889523572427901e-05,0.9999974951874374,56.10793319076421,-0.9894270637969762,-898.2247447237878,73.46648158147572,-89.97195434570312,4009.594970703125,True
1598628895.6339638,0,5,0.5,0.5,-0.004235867309570313,-0.14,-0.011,-0.56,-0.0002198361758522791,10,1,100,0.024523198175850705,-10,-1,-100,9345.491909403238,-0.002237223603334523,-1.9004893610795583e-05,0.9999974972315495,56.086454103610464,-0.9888906851316229,-897.7578734748422,73.46692196594174,-89.97195434570312,4009.068359375,True
1598628895.6833797,0,5,0.5,0.5,-0.004235699462890626,-0.14,-0.011,-0.56,-0.00018403648266165798,10,1,100,0.02451528187155862,-10,-1,-100,9348.424498174572,-0.0022363290377436012,-1.8779136748170883e-05,0.9999974992367625,56.06500534759783,-0.9883554998105554,-897.2919987623386,73.46739319781145,-89.97195434570312,4008.5419921875,True
1598628895.734189,0,5,0.5,0.5,-0.0042141693115234375,-0.14,-0.011,-0.56,-0.00020884537157618617,10,1,100,0.02447396902353047,-10,-1,-100,9351.355133050587,-0.0022351489008904718,-1.879942430401628e-05,0.9999975018748658,56.0435633169609,-0.9878202955424326,-896.8260243934149,73.46783523700248,-89.97198486328125,4008.015625,True
1598628895.7919579,0,5,0.5,0.5,-0.004209729003906251,-0.14,-0.011,-0.56,-0.0002237999666112908,10,1,100,0.024507224514315418,-10,-1,-100,9354.315065512084,-0.0022343870662552435,-1.8953627884380627e-05,0.9999975035744831,56.02215413650813,-0.9872861567443285,-896.3607174734645,73.46827650283733,-89.97201538085938,4007.4892578125,True
1598628895.8351593,0,5,0.5,0.5,-0.004226617431640625,-0.14,-0.011,-0.56,-0.000174554624779958,10,1,100,0.02445481815099651,-10,-1,-100,9357.232029007399,-0.0022332267445257185,-1.864595118939437e-05,0.9999975061722085,56.00072592164978,-0.9867521112086078,-895.8952441904884,73.4687174017883,-89.97201538085938,4006.963134765625,True
1598628895.885973,0,5,0.5,0.5,-0.004205087280273438,-0.14,-0.011,-0.56,-0.0002559062131118191,10,1,100,0.02448171250889119,-10,-1,-100,9360.190007716534,-0.0022324250315493848,-1.9105905906372718e-05,0.9999975079536163,55.979267434737935,-0.98621745093428,-895.4298136908175,73.46919145231142,-89.9720458984375,4006.43701171875,True
1598628895.9392393,0,5,0.5,0.5,-0.004221975708007813,-0.14,-0.011,-0.56,-0.00018346781647144727,10,1,100,0.024451316540730732,-10,-1,-100,9363.123572650482,-0.0022314284493872277,-1.886535227612812e-05,0.9999975101824872,55.95789229870298,-0.9856847799164031,-894.965421566242,73.4696287708161,-89.9720458984375,4005.9111328125,True
1598628895.992091,0,5,0.5,0.5,-0.004200445556640626,-0.14,-0.011,-0.56,-0.0002269463306185386,10,1,100,0.024451575084605104,-10,-1,-100,9366.055184293655,-0.0022305336326626643,-1.9041925499231326e-05,0.9999975121754647,55.93646862687214,-0.9851513043154244,-894.5004497074219,73.47007025414558,-89.97207641601562,4005.385009765625,True
1598628896.043512,0,5,0.5,0.5,-0.004217333984375001,-0.14,-0.011,-0.56,-0.00019844364303798817,10,1,100,0.024433898077869623,-10,-1,-100,9368.99753844086,-0.0022295679740439787,-1.8943019030682183e-05,0.9999975143308162,55.91507576235131,-0.9846181287861167,-894.0360322481239,73.47050565832922,-89.97207641601562,4004.859130859375,True
1598628896.094145,0,5,0.5,0.5,-0.004217166137695313,-0.14,-0.011,-0.56,-0.00020564751953126913,10,1,100,0.024437903274412878,-10,-1,-100,9371.932080085506,-0.0022287350893838726,-1.8918599776201294e-05,0.9999975161879091,55.8936834842156,-0.9840858357492557,-893.5717630466431,73.47094012497664,-89.97207641601562,4004.33349609375,True
1598628896.1482189,0,5,0.5,0.5,-0.0041956695556640625,-0.14,-0.011,-0.56,-0.00022015980037755068,10,1,100,0.024414019742163826,-10,-1,-100,9374.864668235416,-0.0022277693466143038,-1.9028309039774024e-05,0.9999975183377515,55.87226376358723,-0.9835533064650188,-893.1071717709043,73.47137327422497,-89.97210693359375,4003.8076171875,True
1598628896.2015653,0,5,0.5,0.5,-0.0042125915527343755,-0.14,-0.011,-0.56,-0.00022039955305028168,10,1,100,0.02440437894269038,-10,-1,-100,9377.822647263762,-0.0022268123497892283,-1.9130203016929536e-05,0.999997520467323,55.85086708392921,-0.983021301032866,-892.6430798202714,73.4718065385505,-89.97210693359375,4003.2822265625,True
1598628896.2525227,0,5,0.5,0.5,-0.004212423706054688,-0.14,-0.011,-0.56,-0.00019199694071016018,10,1,100,0.024410906717377036,-10,-1,-100,9380.754259011359,-0.0022260103476162696,-1.8964309187370934e-05,0.999997522256074,55.82948347065292,-0.9824895361960198,-892.1794019667607,73.47224477639726,-89.97210693359375,4002.7568359375,True
1598628896.3045132,0,5,0.5,0.5,-0.004190927124023438,-0.14,-0.011,-0.56,-0.00019607266456564708,10,1,100,0.024356916940276474,-10,-1,-100,9383.697589778923,-0.002224798746352006,-1.885039875474631e-05,0.9999975249545374,55.80812252888997,-0.9819582671386874,-891.7162440856498,73.47268423057173,-89.97213745117188,4002.2314453125,True
1598628896.3569298,0,5,0.5,0.5,-0.004207882690429688,-0.14,-0.011,-0.56,-0.00022033110686410908,10,1,100,0.024405687200266243,-10,-1,-100,9386.630177822663,-0.002224149373311585,-1.8967468954282335e-05,0.9999975263968408,55.78672166439932,-0.981426706783245,-891.2526251403422,73.47312566784301,-89.97213745117188,4001.7060546875,True
1598628896.4170995,0,5,0.5,0.5,-0.004186386108398438,-0.14,-0.011,-0.56,-0.00017481166890192146,10,1,100,0.024342031067231276,-10,-1,-100,9389.562766345334,-0.0022229885942210794,-1.86597910471453e-05,0.9999975289837082,55.76539027996887,-0.9808967450967381,-890.7902432412451,73.47356616650193,-89.97216796875,4001.180908203125,True
1598628896.461924,0,5,0.5,0.5,-0.004203341674804688,-0.14,-0.011,-0.56,-0.00023972896636363338,10,1,100,0.024365515842485135,-10,-1,-100,9392.52269827621,-0.0022221554170386805,-1.8970646667453767e-05,0.9999975308296603,55.743998955189944,-0.9803656107542311,-890.3270383614419,73.47400717280068,-89.97216796875,4000.65576171875,True
1598628896.5132902,0,5,0.5,0.5,-0.004181845092773437,-0.14,-0.011,-0.56,-0.0001993941992579743,10,1,100,0.024334821073321775,-10,-1,-100,9395.43868516176,-0.002221127369909877,-1.888646726278154e-05,0.9999975331152112,55.72265476041641,-0.9798358542501926,-889.8647385036462,73.47444904045679,-89.97219848632812,4000.130615234375,True
1598628896.5660152,0,5,0.5,0.5,-0.004177438354492188,-0.14,-0.011,-0.56,-0.00023869137444121547,10,1,100,0.02435281476145753,-10,-1,-100,9398.372249740525,-0.002220364911741974,-1.9167328904051206e-05,0.9999975348030974,55.70129175882155,-0.9793054886496664,-889.4022940801894,73.47489320202828,-89.97222900390625,3999.60546875,True
1598628896.6189327,0,5,0.5,0.5,-0.004172998046875,-0.14,-0.011,-0.56,-0.00022105065753750565,10,1,100,0.02432746693390596,-10,-1,-100,9401.329252226162,-0.0022194496995773224,-1.9262083597105024e-05,0.999997536832968,55.6799814191767,-0.978776138546557,-888.9408382464579,73.47533781295469,-89.97225952148438,3999.080810546875,True
1598628896.669578,0,5,0.5,0.5,-0.0041898864746093755,-0.14,-0.011,-0.56,-0.0001958123089872162,10,1,100,0.024311782260465202,-10,-1,-100,9404.262817302486,-0.0022184835418416382,-1.9118472436859587e-05,0.9999975389796011,55.6586206517776,-0.9782462736273757,-888.4786998040188,73.47578139343446,-89.97225952148438,3998.55615234375,True
1598628896.723288,0,5,0.5,0.5,-0.004189718627929688,-0.14,-0.011,-0.56,-0.00023205824548976474,10,1,100,0.02431457514591276,-10,-1,-100,9407.220796023263,-0.0022176390481357874,-1.9317343383571372e-05,0.9999975408489225,55.63730520126045,-0.9777174452593387,-888.0174147510744,73.47622407438386,-89.97225952148438,3998.03125,True
1598628896.7790082,0,5,0.5,0.5,-0.0041681884765625,-0.14,-0.011,-0.56,-0.0001947650320637199,10,1,100,0.024280621704080227,-10,-1,-100,9410.13775951066,-0.0022165709982971305,-1.9158935812739276e-05,0.9999975432199546,55.615957996879104,-0.9771879911116416,-887.5557435072259,73.47666525636068,-89.9722900390625,3997.506591796875,True
1598628896.832462,0,5,0.5,0.5,-0.0041850769042968755,-0.14,-0.011,-0.56,-0.00019970727847860194,10,1,100,0.02426654870248665,-10,-1,-100,9413.070347878966,-0.0022154806887468817,-1.905968150973142e-05,0.9999975456380111,55.594654621675865,-0.9766598201563057,-887.0949276193985,73.47710832828002,-89.9722900390625,3996.98193359375,True
1598628896.8834522,0,5,0.5,0.5,-0.004163546752929688,-0.14,-0.011,-0.56,-0.00018484665283950626,10,1,100,0.024300982479693572,-10,-1,-100,9416.029303558404,-0.0022148110035463595,-1.8834163471409782e-05,0.9999975471257382,55.573353121131596,-0.9761320281457656,-886.6342645069946,73.47755038354258,-89.97232055664062,3996.45751953125,True
1598628896.9340298,0,5,0.5,0.5,-0.004180435180664063,-0.14,-0.011,-0.56,-0.00020469131996530039,10,1,100,0.024257306180266575,-10,-1,-100,9418.962868318311,-0.002213813630978153,-1.8809674324518125e-05,0.9999975493346989,55.552042716318546,-0.9756048157024426,-886.1735482246004,73.47798807651152,-89.97232055664062,3995.933349609375,True
1598628896.995043,0,5,0.5,0.5,-0.004137542724609375,-0.14,-0.011,-0.56,-0.00024626862118271855,10,1,100,0.02424982094820012,-10,-1,-100,9421.877878205618,-0.002212847221954855,-1.9165250671795536e-05,0.9999975514669351,55.53073819486174,-0.9750773463951944,-885.7130378743091,73.47842351262373,-89.97238159179688,3995.4091796875,True
1598628897.0392284,0,5,0.5,0.5,-0.004171487426757813,-0.14,-0.011,-0.56,-0.00024079805709086702,10,1,100,0.024243599088378216,-10,-1,-100,9424.837810331257,-0.002211920567930825,-1.943859258302695e-05,0.9999975535117784,55.50944732350588,-0.9745503568207371,-885.2528810885038,73.47885878408889,-89.97238159179688,3994.885009765625,True
1598628897.092821,0,5,0.5,0.5,-0.004171286010742188,-0.14,-0.011,-0.56,-0.00016985460919448746,10,1,100,0.024243639771718062,-10,-1,-100,9427.769422297948,-0.0022110868948502314,-1.9041642862070014e-05,0.9999975553630917,55.48817481620156,-0.9740231913638092,-884.7931980976596,73.47929711780267,-89.97238159179688,3994.36083984375,True
1598628897.1529913,0,5,0.5,0.5,-0.004149755859375001,-0.14,-0.011,-0.56,-0.0002117740981425358,10,1,100,0.02419054121299726,-10,-1,-100,9430.728377782507,-0.0022098547306221316,-1.906198000258413e-05,0.9999975580863737,55.46687342760607,-0.9734962375679798,-884.3331665263246,73.47973363711903,-89.972412109375,3993.8369140625,True
1598628897.206209,0,5,0.5,0.5,-0.004166677856445313,-0.14,-0.011,-0.56,-0.00021357896930246627,10,1,100,0.02423228379520335,-10,-1,-100,9433.661942611216,-0.0022091227820429647,-1.9097058144136807e-05,0.9999975597029406,55.4456112678669,-0.972969954936982,-883.8738941029595,73.48016981955135,-89.972412109375,3993.31298828125,True
1598628897.2510061,0,5,0.5,0.5,-0.004145147705078125,-0.14,-0.011,-0.56,-0.0002122945343545178,10,1,100,0.024180194412807256,-10,-1,-100,9436.57792957977,-0.0022079923441853926,-1.9117290149924e-05,0.9999975621991972,55.42431726229231,-0.9724424879778539,-883.4142811133759,73.48060801241448,-89.97244262695312,3992.7890625,True
1598628897.3018851,0,5,0.5,0.5,-0.004140673828125,-0.14,-0.011,-0.56,-0.00022068544465102328,10,1,100,0.02421857143040632,-10,-1,-100,9439.535908373306,-0.002207322325114819,-1.9212145751729362e-05,0.9999975636765553,55.403083757103666,-0.9719163718765957,-882.9557080940798,73.48104097544875,-89.97247314453125,3992.265625,True
1598628897.3551342,0,5,0.5,0.5,-0.004136199951171876,-0.14,-0.011,-0.56,-0.00022240376092739434,10,1,100,0.02417586784992793,-10,-1,-100,9442.46947305603,-0.002206333410385569,-1.9313950801393072e-05,0.9999975658569643,55.381818020259026,-0.9713901734188684,-882.4967429945282,73.48147298825667,-89.97250366210938,3991.74169921875,True
1598628897.4149947,0,5,0.5,0.5,-0.004153054809570313,-0.14,-0.011,-0.56,-0.00021531277497980933,10,1,100,0.02415630415810775,-10,-1,-100,9445.401084932266,-0.0022052648609591228,-1.934180618402598e-05,0.9999975682134369,55.3605397136052,-0.9708642892757072,-882.0377717744451,73.4819103243079,-89.97250366210938,3991.21826171875,True
1598628897.5063605,0,5,0.5,0.5,-0.004131491088867188,-0.14,-0.011,-0.56,-0.00023117538919436117,10,1,100,0.024169246333322514,-10,-1,-100,9448.362969830749,-0.0022044197868393853,-1.9510873349540352e-05,0.9999975700734124,55.33932632840929,-0.9703390702430564,-881.5800328156714,73.48235229128683,-89.9725341796875,3990.69482421875,True
1598628897.5599458,0,5,0.5,0.5,-0.004148345947265626,-0.14,-0.011,-0.56,-0.00020568593184473188,10,1,100,0.024045708370380628,-10,-1,-100,9454.23595899716,-0.002202537005107551,-1.943221097953404e-05,0.999997574223623,55.296897442034286,-0.9692882373507155,-880.6652693375141,73.48326585337459,-89.9725341796875,3989.64794921875,True
1598628897.6139784,0,5,0.5,0.5,-0.004148178100585938,-0.14,-0.011,-0.56,-0.00020760261118900108,10,1,100,0.024152404725904603,-10,-1,-100,9457.169524124241,-0.0022018047251441447,-1.937788140056008e-05,0.9999975758372868,55.2756371937932,-0.9687624388869459,-880.2074720013868,73.48373249165772,-89.9725341796875,3989.124755859375,True
1598628897.6731744,0,5,0.5,0.5,-0.004148010253906251,-0.14,-0.011,-0.56,-0.00025294903074993426,10,1,100,0.02410583585990124,-10,-1,-100,9460.100159156253,-0.0022007248589799144,-1.974078624403084e-05,0.9999975782072658,55.25447221085729,-0.968238250967524,-879.7513384999986,73.48420033140184,-89.9725341796875,3988.6015625,True
1598628897.7629611,0,5,0.5,0.5,-0.004169204711914063,-0.14,-0.011,-0.56,-0.00019681413670173767,10,1,100,0.024099596175116755,-10,-1,-100,9463.060090905172,-0.0021996958580924554,-1.9559746934582507e-05,0.999997580474847,55.23326041605281,-0.9677136573542692,-879.2941768605587,73.48463228262304,-89.97250366210938,3988.07861328125,True
1598628897.8180022,0,5,0.5,0.5,-0.0041306518554687505,-0.14,-0.011,-0.56,-0.000203844628460906,10,1,100,0.02400552784406939,-10,-1,-100,9468.908665903844,-0.002197914471432998,-1.945862679022919e-05,0.9999975843937515,55.19081072254216,-0.9666642526521665,-878.3804797186217,73.48555116664008,-89.9725341796875,3987.03271484375,True
1598628897.876031,0,5,0.5,0.5,-0.0041262451171875,-0.14,-0.011,-0.56,-0.0002260526344511751,10,1,100,0.024096372511283902,-10,-1,-100,9471.868597966037,-0.0021971310789996325,-1.9568261651050357e-05,0.999997586113139,55.16967453838658,-0.9661414232307072,-877.9256475733812,73.48604526325337,-89.97256469726562,3986.509765625,True
1598628897.9221637,0,5,0.5,0.5,-0.004143200683593751,-0.14,-0.011,-0.56,-0.0002091810067519091,10,1,100,0.024070649252727935,-10,-1,-100,9474.801186022116,-0.0021961949301325966,-1.9514141298620702e-05,0.999997588170605,55.148563294329946,-0.9656190927805696,-877.4709255800716,73.48650315735621,-89.97256469726562,3985.987060546875,True
1598628897.972952,0,5,0.5,0.5,-0.004121737670898438,-0.14,-0.011,-0.56,-0.0002094647344586132,10,1,100,0.024058948705461554,-10,-1,-100,9477.760141495033,-0.002195247632910126,-1.946724577961206e-05,0.9999975902515248,55.12735870891088,-0.9650958867248853,-877.0143799471049,73.48691964311084,-89.97259521484375,3985.46435546875,True
1598628898.026451,0,5,0.5,0.5,-0.004117364501953125,-0.14,-0.011,-0.56,-0.00020082874271250273,10,1,100,0.024060783506907626,-10,-1,-100,9480.692730086274,-0.0021944132116096405,-1.9345965114659365e-05,0.9999975920852961,55.10614251727553,-0.9645726319924555,-876.5577176403013,73.48733202326805,-89.97262573242188,3984.94189453125,True
1598628898.0779328,0,5,0.5,0.5,-0.004134320068359376,-0.14,-0.011,-0.56,-0.00022335134020992978,10,1,100,0.024032107297332413,-10,-1,-100,9483.609693364706,-0.0021934038191124693,-1.9440457070196585e-05,0.9999975942979836,55.08495353696008,-0.9640497255811188,-876.1017044765446,73.48775030491241,-89.97262573242188,3984.41943359375,True
1598628898.130591,0,5,0.5,0.5,-0.004112857055664063,-0.14,-0.011,-0.56,-0.00022678396266956476,10,1,100,0.024049159596197855,-10,-1,-100,9486.56767210539,-0.0021926512249844784,-1.9557628521481052e-05,0.9999975959461627,55.06375090293909,-0.9635270219712103,-875.645691166576,73.48817576736562,-89.97265625,3983.897216796875,True
1598628898.1901414,0,5,0.5,0.5,-0.004108450317382812,-0.14,-0.011,-0.56,-0.0002164698030433396,10,1,100,0.024001189064438665,-10,-1,-100,9489.50221368717,-0.0021915399398340606,-1.9570268919190387e-05,0.9999975983819643,55.042587575496654,-0.9630049684678137,-875.1903929211089,73.48859773765993,-89.97268676757812,3983.375,True
1598628898.2432013,0,5,0.5,0.5,-0.004125372314453125,-0.14,-0.011,-0.56,-0.00020842528872577087,10,1,100,0.02402167544116011,-10,-1,-100,9492.431872228393,-0.002190725252017794,-1.9508453343749493e-05,0.9999976001682658,55.02139017873867,-0.9624826182047178,-874.7346653530733,73.48901807901497,-89.97268676757812,3982.85302734375,True
1598628898.287921,0,5,0.5,0.5,-0.004103842163085938,-0.14,-0.011,-0.56,-0.00021517726734782486,10,1,100,0.02399572528523785,-10,-1,-100,9495.391804171377,-0.0021897578067736783,-1.9513850201640336e-05,0.9999976022871042,55.00021206943415,-0.9619607293459744,-874.2797664430628,73.4894724921546,-89.97271728515625,3982.330810546875,True
1598628898.3449256,0,5,0.5,0.5,-0.004099334716796875,-0.14,-0.011,-0.56,-0.00022914188194650615,10,1,100,0.0240018511386313,-10,-1,-100,9498.308767338167,-0.0021889430352656216,-1.9645749202195426e-05,0.9999976040683461,54.97910455386615,-0.9614406006041157,-873.8257842909486,73.48989788845218,-89.97274780273438,3981.80859375,True
1598628898.390941,0,5,0.5,0.5,-0.0041161895751953125,-0.14,-0.011,-0.56,-0.00017558792162749266,10,1,100,0.023999623186743684,-10,-1,-100,9501.267722580582,-0.002188190235637653,-1.9278633088516324e-05,0.9999976057230471,54.957962683948274,-0.9609189404747792,-873.3713040268021,73.49031658555398,-89.97274780273438,3981.286865234375,True
1598628898.4432213,0,5,0.5,0.5,-0.004094625854492188,-0.14,-0.011,-0.56,-0.0002587311254210477,10,1,100,0.023957344319053678,-10,-1,-100,9504.200311000808,-0.0021871296470362834,-1.9701001772897218e-05,0.9999976080350281,54.936823622361764,-0.9603975638298031,-872.9170147791702,73.49073466172061,-89.9727783203125,3980.76513671875,True
1598628898.4959717,0,5,0.5,0.5,-0.004111480712890626,-0.14,-0.011,-0.56,-0.00018925094238570579,10,1,100,0.023959470194699732,-10,-1,-100,9507.132899136865,-0.002186193042889181,-1.9453165403400125e-05,0.9999976100879209,54.91566842725306,-0.9598767550830054,-872.4626913542239,73.49116065824352,-89.9727783203125,3980.243408203125,True
1598628898.5479226,0,5,0.5,0.5,-0.0040899169921875,-0.14,-0.011,-0.56,-0.0002162468443544327,10,1,100,0.023938962113805674,-10,-1,-100,9510.090878090356,-0.0021851633789200697,-1.9473289703915023e-05,0.9999976123380486,54.894566697577424,-0.9593577117121463,-872.0094223057195,73.49159364787917,-89.97280883789062,3979.7216796875,True
1598628898.6012964,0,5,0.5,0.5,-0.004085443115234375,-0.14,-0.011,-0.56,-0.0002254930207339571,10,1,100,0.023949166943065245,-10,-1,-100,9513.02444285492,-0.002184328500880228,-1.9575524921843102e-05,0.9999976141600535,54.873463443752414,-0.9588379131448999,-871.5563072177192,73.49203024007686,-89.97283935546875,3979.2001953125,True
1598628898.6549733,0,5,0.5,0.5,-0.004102297973632813,-0.14,-0.011,-0.56,-0.00023799120055989687,10,1,100,0.023951105204631676,-10,-1,-100,9515.94042937702,-0.0021835953916930053,-1.9781963056693857e-05,0.9999976157570772,54.852338509355434,-0.9583180847592068,-871.1029782353788,73.49246657626936,-89.97283935546875,3978.6787109375,True
1598628898.7061167,0,5,0.5,0.5,-0.0040807342529296875,-0.14,-0.011,-0.56,-0.00021712678946964926,10,1,100,0.023895624086203455,-10,-1,-100,9518.899384727934,-0.0021824327875673566,-1.9779753683433007e-05,0.9999976182951082,54.83124597261926,-0.9577986045702495,-870.6503019655032,73.49290360280878,-89.97286987304688,3978.1572265625,True
1598628898.7579257,0,5,0.5,0.5,-0.004097622680664063,-0.14,-0.011,-0.56,-0.00020728683800191606,10,1,100,0.02391230238575614,-10,-1,-100,9521.830996649689,-0.0021815357748602156,-1.9688100617339894e-05,0.9999976202541893,54.81016106515291,-0.9572797377770295,-870.1978465494448,73.49333746801268,-89.97286987304688,3977.635986328125,True
1598628898.808061,0,5,0.5,0.5,-0.004097421264648438,-0.14,-0.011,-0.56,-0.0002047777048458357,10,1,100,0.02391264058797845,-10,-1,-100,9524.78995167499,-0.0021807317373986152,-1.958180603104216e-05,0.9999976220099936,54.78903722813649,-0.9567604699115668,-869.7448622160384,73.49376739430494,-89.97286987304688,3977.11474609375,True
1598628898.8630714,0,5,0.5,0.5,-0.00407589111328125,-0.14,-0.011,-0.56,-0.0002168039533977252,10,1,100,0.023908070955753827,-10,-1,-100,9527.724493292044,-0.0021799674576581866,-1.9594442343216488e-05,0.9999976236761473,54.76797559692862,-0.9562423072335937,-869.2930155084237,73.4941986022605,-89.972900390625,3976.59375,True
1598628898.9149904,0,5,0.5,0.5,-0.004071450805664062,-0.14,-0.011,-0.56,-0.00022922467597934318,10,1,100,0.02385569668498823,-10,-1,-100,9530.639503274811,-0.0021788046877759346,-1.9718892202170566e-05,0.9999976262078315,54.74692479502388,-0.9557243944236796,-868.8415298250421,73.49463437121364,-89.97293090820312,3976.072509765625,True
1598628898.966101,0,5,0.5,0.5,-0.004088339233398438,-0.14,-0.011,-0.56,-0.00021741721253554485,10,1,100,0.023864556896183813,-10,-1,-100,9533.598458716297,-0.002177836703937358,-1.9724287625263694e-05,0.9999976283163092,54.725865306718305,-0.9552063219725323,-868.3900435460221,73.49507101744179,-89.97293090820312,3975.5517578125,True
1598628899.0179434,0,5,0.5,0.5,-0.004088171386718751,-0.14,-0.011,-0.56,-0.00020189054023616224,10,1,100,0.023826912713390297,-10,-1,-100,9536.533000137424,-0.0021766229469160733,-1.9588019820033635e-05,0.9999976309616221,54.70480508307962,-0.9546885896177092,-867.9386457030355,73.49550464837321,-89.97293090820312,3975.03076171875,True
1598628899.0709825,0,5,0.5,0.5,-0.004088003540039063,-0.14,-0.011,-0.56,-0.00022267096329899738,10,1,100,0.02387566321759154,-10,-1,-100,9539.490002070088,-0.002175971417931256,-1.965293033910787e-05,0.9999976323782727,54.68373922436648,-0.954171145105002,-867.4872600385942,73.49593505886013,-89.97293090820312,3974.509765625,True
1598628899.1233726,0,5,0.5,0.5,-0.004087869262695313,-0.14,-0.011,-0.56,-0.00021187598059605324,10,1,100,0.023818795271661454,-10,-1,-100,9542.422590695205,-0.002174870493855684,-1.961364038584387e-05,0.9999976347740229,54.66268182118414,-0.9536541598037122,-867.0361676253497,73.49636753275537,-89.97293090820312,3973.9892578125,True
1598628899.1739192,0,5,0.5,0.5,-0.00406640625,-0.14,-0.011,-0.56,-0.0002106690465259911,10,1,100,0.02383045565777859,-10,-1,-100,9545.354202189483,-0.002173984255485342,-1.9566915468181488e-05,0.9999976367020038,54.641657833890555,-0.9531385500695723,-866.5857096732364,73.49679754423585,-89.97296142578125,3973.46875,True
1598628899.2285721,0,5,0.5,0.5,-0.0040833618164062505,-0.14,-0.011,-0.56,-0.00021096925435039202,10,1,100,0.0238250056517387,-10,-1,-100,9548.298509154934,-0.0021731377761266754,-1.952736293015434e-05,0.9999976385426557,54.62062771330606,-0.9526227529197533,-866.1352661939334,73.49722500407248,-89.97296142578125,3972.9482421875,True
1598628899.2799582,0,5,0.5,0.5,-0.004061898803710938,-0.14,-0.011,-0.56,-0.00023843871819793447,10,1,100,0.023778598442634583,-10,-1,-100,9551.230120814871,-0.002171954815728251,-1.9741357922155757e-05,0.9999976411084964,54.59961516909088,-0.9521073785769657,-865.6852547162616,73.49765530540121,-89.97299194335938,3972.427734375,True
1598628899.3334098,0,5,0.5,0.5,-0.004078854370117188,-0.14,-0.011,-0.56,-0.00019384177920928698,10,1,100,0.02381742442962289,-10,-1,-100,9554.16270881088,-0.0021712410706651512,-1.953042369016496e-05,0.9999976426626094,54.578581890317444,-0.9515918328853162,-865.235075318297,73.49808695045351,-89.97299194335938,3971.9072265625,True
1598628899.383897,0,5,0.5,0.5,-0.0040787200927734375,-0.14,-0.011,-0.56,-0.0002261682548073517,10,1,100,0.023777924615749752,-10,-1,-100,9557.122641000198,-0.002170241750178699,-1.9632589059556532e-05,0.9999976448298802,54.55756209793059,-0.9510763492708987,-864.7852200908276,73.4985169565762,-89.97299194335938,3971.38720703125,True
1598628899.4351678,0,5,0.5,0.5,-0.004057257080078125,-0.14,-0.011,-0.56,-0.00022144927193286872,10,1,100,0.023748933953044393,-10,-1,-100,9560.05620544788,-0.0021690785670823113,-1.9682532144947806e-05,0.9999976473526163,54.53654149830235,-0.9505615437988102,-864.3355046318765,73.49894777090732,-89.9730224609375,3970.866943359375,True
1598628899.4889073,0,5,0.5,0.5,-0.004052883911132813,-0.14,-0.011,-0.56,-0.0002252383083881104,10,1,100,0.02377236564710284,-10,-1,-100,9563.014184220345,-0.0021682429852322117,-1.9762413790403182e-05,0.9999976491631387,54.51554160475986,-0.9500467346657636,-863.886253036198,73.49938038560963,-89.97305297851562,3970.346923828125,True
1598628899.5392232,0,5,0.5,0.5,-0.004069839477539063,-0.14,-0.011,-0.56,-0.00019981521365034904,10,1,100,0.023724816266249844,-10,-1,-100,9565.94677264744,-0.0021670598198322804,-1.9603879764869203e-05,0.9999976517309555,54.494564837108186,-0.9495327807876264,-863.4374949895528,73.4998113175901,-89.97305297851562,3969.826904296875,True
1598628899.5919302,0,5,0.5,0.5,-0.004048342895507813,-0.14,-0.011,-0.56,-0.00020641350819144364,10,1,100,0.023737832753942104,-10,-1,-100,9568.862759242416,-0.0021661112403814397,-1.951972800117114e-05,0.9999976537877849,54.473551546449784,-0.9490188881939459,-862.9882743915579,73.50023996428054,-89.97308349609375,3969.306884765625,True
1598628899.6906912,0,5,0.5,0.5,-0.004065264892578126,-0.14,-0.011,-0.56,-0.00022851016298816904,10,1,100,0.023736366468023337,-10,-1,-100,9571.821714609861,-0.0021652445293519136,-1.9644226170813984e-05,0.9999976556623683,54.452558131220755,-0.9485052498331062,-862.5395113980073,73.50066860585196,-89.97308349609375,3968.787109375,True
1598628899.7421112,0,5,0.5,0.5,-0.004022372436523438,-0.14,-0.011,-0.56,-0.0002090316287539078,10,1,100,0.02359315530902039,-10,-1,-100,9577.685914394096,-0.0021631634414836847,-1.9580300935827858e-05,0.9999976601675312,54.4106021834939,-0.9474794224769367,-861.6429463714028,73.50153347226261,-89.97314453125,3967.74755859375,True
1598628899.7949245,0,5,0.5,0.5,-0.004056350708007813,-0.14,-0.011,-0.56,-0.00023157316955990583,10,1,100,0.02371042978047392,-10,-1,-100,9580.646822860814,-0.002162347512083965,-1.9727098015469865e-05,0.9999976619293061,54.38962017897904,-0.9469660722352974,-861.1951821702536,73.50199933050628,-89.97314453125,3967.22802734375,True
1598628899.8466632,0,5,0.5,0.5,-0.004034786987304688,-0.14,-0.011,-0.56,-0.00018473374569640368,10,1,100,0.023687798752462505,-10,-1,-100,9583.578434443101,-0.002161409830796882,-1.9434555384489565e-05,0.9999976639621921,54.36873097734345,-0.9464551367175305,-860.7490195470273,73.5024656533427,-89.97317504882812,3966.70849609375,True
1598628899.901143,0,5,0.5,0.5,-0.004051675415039063,-0.14,-0.011,-0.56,-0.00024566340200206306,10,1,100,0.023678330382826185,-10,-1,-100,9586.521764633595,-0.0021604809035255046,-1.97227924159568e-05,0.9999976659639147,54.34772783686243,-0.9459416960073377,-860.3008634202832,73.50290370085791,-89.97317504882812,3966.18896484375,True
1598628899.9539843,0,5,0.5,0.5,-0.004030111694335938,-0.14,-0.011,-0.56,-0.00022153299451260262,10,1,100,0.02364215153797062,-10,-1,-100,9589.453376324731,-0.00215931730756842,-1.976528385945393e-05,0.9999976684763314,54.32680930135318,-0.9454298832810222,-859.8541692697894,73.5033407470581,-89.97320556640625,3965.669921875,True
1598628900.0133486,0,5,0.5,0.5,-0.0040469665527343756,-0.14,-0.011,-0.56,-0.0001957696891765927,10,1,100,0.023668869877858642,-10,-1,-100,9592.385964608402,-0.0021585123183724252,-1.9569579946124048e-05,0.9999976702180875,54.3058688132317,-0.9449183970033035,-859.4071424343837,73.50376858136813,-89.97320556640625,3965.150634765625,True
1598628900.0659058,0,5,0.5,0.5,-0.00402540283203125,-0.14,-0.011,-0.56,-0.0002478867053869606,10,1,100,0.023665358276295213,-10,-1,-100,9595.345896289567,-0.0021577581920424987,-1.986556103791734e-05,0.9999976718397618,54.28490017649551,-0.9444067185075927,-858.9597566137057,73.50419139739788,-89.97323608398438,3964.631591796875,True
1598628900.1240985,0,5,0.5,0.5,-0.004042291259765626,-0.14,-0.011,-0.56,-0.00017952629963618788,10,1,100,0.023646532693834328,-10,-1,-100,9598.277508291882,-0.0021569110126230936,-1.9513082753406478e-05,0.9999976736743557,54.26394528144332,-0.9438949298884144,-858.513075048573,73.50464626679447,-89.97323608398438,3964.1123046875,True
1598628900.1762738,0,5,0.5,0.5,-0.0040207275390625,-0.14,-0.011,-0.56,-0.0002251872506141905,10,1,100,0.02362925250558182,-10,-1,-100,9601.209119821084,-0.002155992983082438,-1.9607830046388865e-05,0.9999976756521936,54.24302362957552,-0.9433845879408882,-858.0666303526918,73.50506354533829,-89.9732666015625,3963.593505859375,True
1598628900.2289958,0,5,0.5,0.5,-0.004037615966796876,-0.14,-0.011,-0.56,-0.0001900827663247264,10,1,100,0.023619055972743233,-10,-1,-100,9604.170028167893,-0.0021550749134353997,-1.9374752180972982e-05,0.9999976776356716,54.222079973942634,-0.94287437286455,-857.6199049036502,73.50547565056289,-89.9732666015625,3963.07470703125,True
1598628900.282883,0,5,0.5,0.5,-0.00403741455078125,-0.14,-0.011,-0.56,-0.00023935170445081762,10,1,100,0.023614453246851685,-10,-1,-100,9607.086014399189,-0.002154207706808093,-1.961100762627741e-05,0.9999976794995898,54.20115643061289,-0.9423642438155874,-857.1736893244046,73.50589365417895,-89.9732666015625,3962.555908203125,True
1598628900.335999,0,5,0.5,0.5,-0.004037280273437501,-0.14,-0.011,-0.56,-0.00022205185654477794,10,1,100,0.023575661492044542,-10,-1,-100,9610.044969717972,-0.0021530748264074542,-1.9668486044053392e-05,0.9999976819382846,54.18024760739427,-0.9418546838120657,-856.727882709524,73.50631521853562,-89.9732666015625,3962.037109375,True
1598628900.388302,0,5,0.5,0.5,-0.00401578369140625,-0.14,-0.011,-0.56,-0.00022915215897215357,10,1,100,0.023600409302662655,-10,-1,-100,9612.976581252762,-0.002152278344944926,-1.978534063861808e-05,0.9999976836505503,54.159299387236366,-0.9413441422955404,-856.281606770824,73.50673900435251,-89.97329711914062,3961.5185546875,True
1598628900.4431968,0,5,0.5,0.5,-0.0040327392578125,-0.14,-0.011,-0.56,-0.00021561518898897595,10,1,100,0.023580327541693556,-10,-1,-100,9615.909169385908,-0.002151380010775501,-1.9768189829053336e-05,0.9999976855839556,54.13841418102901,-0.9408357843355803,-855.8364979906476,73.50716715647995,-89.97329711914062,3961.0,True
1598628900.4969058,0,5,0.5,0.5,-0.00401124267578125,-0.14,-0.011,-0.56,-0.00019007033764691192,10,1,100,0.023580661176851293,-10,-1,-100,9618.870077969157,-0.0021505746499345035,-1.9520330992327445e-05,0.9999976873211416,54.11751806245702,-0.9403266579294399,-855.3914040051678,73.50759937421606,-89.97332763671875,3960.4814453125,True
1598628900.550046,0,5,0.5,0.5,-0.004006835937500001,-0.14,-0.011,-0.56,-0.000236735518155801,10,1,100,0.023539098496673662,-10,-1,-100,9621.800713219098,-0.0021494726090389217,-1.9719456375263923e-05,0.9999976896866543,54.09662522826203,-0.9398181987863685,-854.9464376799734,73.50802719036035,-89.97335815429688,3959.962890625,True
1598628900.6031818,0,5,0.5,0.5,-0.004023757934570313,-0.14,-0.011,-0.56,-0.0001928231545161312,10,1,100,0.0235495683539683,-10,-1,-100,9624.734278001124,-0.002148574152117738,-1.9501139893546324e-05,0.9999976916217449,54.07573278485935,-0.9393107666871489,-854.5015531464466,73.5084509971559,-89.97335815429688,3959.44482421875,True
1598628900.6551156,0,5,0.5,0.5,-0.004002261352539063,-0.14,-0.011,-0.56,-0.00020537672863684135,10,1,100,0.02353187194302936,-10,-1,-100,9627.67760806717,-0.002147604845762603,-1.9417125057758935e-05,0.9999976937055414,54.05484822236352,-0.9388031682194419,-854.0569425114735,73.50887601646541,-89.973388671875,3958.9267578125,True
1598628900.7069466,0,5,0.5,0.5,-0.004019183349609375,-0.14,-0.011,-0.56,-0.0002413824774570817,10,1,100,0.02352002226671794,-10,-1,-100,9630.60921960068,-0.0021466243939886136,-1.9668160157859538e-05,0.9999976958057828,54.033994136981356,-0.9382962156181697,-853.6129665455143,73.50930261707691,-89.973388671875,3958.40869140625,True
1598628900.7610905,0,5,0.5,0.5,-0.0039976867675781255,-0.14,-0.011,-0.56,-0.00021934803837152364,10,1,100,0.023537528199705254,-10,-1,-100,9633.568174785469,-0.002145900735938593,-1.9696005957071857e-05,0.9999976973583984,54.0131205279667,-0.9377888218349677,-853.1687923222056,73.50972803526106,-89.97341918945312,3957.890625,True
1598628900.8120017,0,5,0.5,0.5,-0.004014608764648438,-0.14,-0.011,-0.56,-0.00021962831445292667,10,1,100,0.02349551826993893,-10,-1,-100,9636.500763081596,-0.0021448692966929686,-1.9723576235481176e-05,0.9999976995706944,53.9922609179359,-0.9372815374223018,-852.7249603219026,73.51015331223039,-89.97341918945312,3957.37255859375,True
1598628900.8639216,0,5,0.5,0.5,-0.004014440917968751,-0.14,-0.011,-0.56,-0.00019614967552110456,10,1,100,0.023507885562616244,-10,-1,-100,9639.43335111672,-0.002144052544048663,-1.9535095617737444e-05,0.9999977013258923,53.97140125012451,-0.9367744331482569,-852.2813364819727,73.51058589218802,-89.97341918945312,3956.85498046875,True
1598628900.9148984,0,5,0.5,0.5,-0.003992910766601563,-0.14,-0.011,-0.56,-0.0002532620482430153,10,1,100,0.02348420121894121,-10,-1,-100,9642.392306177411,-0.0021431029315043927,-1.9883074254011708e-05,0.9999977033546069,53.95056656433222,-0.9362682480971529,-851.8381939035861,73.51101510776739,-89.97344970703125,3956.3369140625,True
1598628900.9690123,0,5,0.5,0.5,-0.004009832763671875,-0.14,-0.011,-0.56,-0.00021987330122027668,10,1,100,0.023459173343888893,-10,-1,-100,9645.324894310557,-0.0021420204625213447,-1.989579555622215e-05,0.9999977056736159,53.92976684057559,-0.9357630119075709,-851.395708622625,73.51144148428232,-89.97344970703125,3955.8193359375,True
1598628901.0202663,0,5,0.5,0.5,-0.003988302612304688,-0.14,-0.011,-0.56,-0.00019050698946661396,10,1,100,0.02346201808113377,-10,-1,-100,9648.25845936418,-0.0021410707697373946,-1.9640277900719098e-05,0.999997707712482,53.908953717723826,-0.9352572192189803,-850.953203181903,73.51187288474462,-89.97348022460938,3955.3017578125,True
1598628901.0723138,0,5,0.5,0.5,-0.004005224609375,-0.14,-0.011,-0.56,-0.00021420509241254837,10,1,100,0.02344937691546857,-10,-1,-100,9651.200812699506,-0.002140101132864299,-1.9623317379853554e-05,0.9999977097884106,53.888101279241425,-0.934751456487813,-850.5101985886109,73.51230295154974,-89.97348022460938,3954.7841796875,True
1598628901.1252582,0,5,0.5,0.5,-0.00398372802734375,-0.14,-0.011,-0.56,-0.00023696207139951988,10,1,100,0.023449938161767,-10,-1,-100,9654.132424493553,-0.0021392332665607205,-1.9814867750762264e-05,0.9999977116415828,53.86729837873688,-0.934246689164072,-850.0681008732654,73.51273211624793,-89.9735107421875,3954.2666015625,True
1598628901.1769588,0,5,0.5,0.5,-0.003979287719726563,-0.14,-0.011,-0.56,-0.00022170014347845177,10,1,100,0.023425711124570484,-10,-1,-100,9657.0913797596,-0.002138232543115278,-1.9849974445163004e-05,0.9999977137811716,53.84648537903239,-0.933741658541594,-849.6259540819312,73.51315958249754,-89.97354125976562,3953.74951171875,True
1598628901.2320714,0,5,0.5,0.5,-0.003996209716796875,-0.14,-0.011,-0.56,-0.00019175912478733165,10,1,100,0.023425961616706615,-10,-1,-100,9660.02299119276,-0.0021373335920048834,-1.960930504343767e-05,0.9999977157076868,53.82566345997604,-0.9332362854021828,-849.1837232495869,73.51358145918203,-89.97354125976562,3953.232177734375,True
1598628901.289873,0,5,0.5,0.5,-0.0039746795654296875,-0.14,-0.011,-0.56,-0.0002344510423791797,10,1,100,0.023426269671303908,-10,-1,-100,9662.957532353234,-0.0021365276104026673,-1.977867652462637e-05,0.9999977174266819,53.80483824146664,-0.9327309966351571,-848.7415926561224,73.51400589126682,-89.97357177734375,3952.71484375,True
1598628901.3344429,0,5,0.5,0.5,-0.0039702392578125,-0.14,-0.011,-0.56,-0.0002000677353102568,10,1,100,0.023377817134540194,-10,-1,-100,9665.916487665032,-0.0021353629432714696,-1.9619999924564477e-05,0.9999977199174787,53.78408115962344,-0.9322273948889246,-848.3007719152363,73.51443964184381,-89.97360229492188,3952.19775390625,True
1598628901.3889847,0,5,0.5,0.5,-0.003987127685546875,-0.14,-0.011,-0.56,-0.0002279823545245127,10,1,100,0.023383235471147627,-10,-1,-100,9668.849075889564,-0.002134362054715377,-1.972961189582955e-05,0.9999977220520864,53.76329908123183,-0.9317231014808729,-847.8597221493301,73.51487630655748,-89.97360229492188,3951.680908203125,True
1598628901.4413464,0,5,0.5,0.5,-0.00396556396484375,-0.14,-0.011,-0.56,-0.00025121628815917915,10,1,100,0.023407072300878788,-10,-1,-100,9671.80998415628,-0.0021336776640158792,-2.0040299887951048e-05,0.999997723506415,53.742486740841706,-0.931218733761945,-847.4182618629634,73.51530742472691,-89.9736328125,3951.1640625,True
1598628901.494441,0,5,0.5,0.5,-0.003982452392578125,-0.14,-0.011,-0.56,-0.00020928804900815086,10,1,100,0.023362272840344943,-10,-1,-100,9674.724993970944,-0.002132656791254654,-1.9941434774294025e-05,0.9999977256860886,53.72171852906888,-0.9307147556801721,-846.9775278829338,73.51573085691207,-89.9736328125,3950.64697265625,True
1598628901.5449305,0,5,0.5,0.5,-0.0039822509765625,-0.14,-0.011,-0.56,-0.0002164842799050375,10,1,100,0.0233533124553134,-10,-1,-100,9677.655629005516,-0.0021316557794907685,-1.9916936188924726e-05,0.9999977278208952,53.700965277853825,-0.9302115925969566,-846.5371732603662,73.51615476230005,-89.9736328125,3950.13037109375,True
1598628901.6061513,0,5,0.5,0.5,-0.003960720825195312,-0.14,-0.011,-0.56,-0.00022857366230474868,10,1,100,0.023354776817129837,-10,-1,-100,9680.615560679347,-0.002130767640258519,-2.0004316716506188e-05,0.9999977297119681,53.680214702225044,-0.9297083390033261,-846.0969562864906,73.51657592547032,-89.97366333007812,3949.61376953125,True
1598628901.6600351,0,5,0.5,0.5,-0.003956246948242188,-0.14,-0.011,-0.56,-0.00022453960921585677,10,1,100,0.02333472632667831,-10,-1,-100,9683.548149042763,-0.002129786448763829,-2.0046733986829724e-05,0.9999977318013332,53.65941667045538,-0.9292045427309888,-845.6561034982316,73.51699521755671,-89.97369384765625,3949.09716796875,True
1598628901.7619574,0,5,0.5,0.5,-0.003973135375976562,-0.14,-0.011,-0.56,-0.00020860695667383977,10,1,100,0.023350995598546784,-10,-1,-100,9686.479760447517,-0.0021290509469836395,-1.994024205834545e-05,0.999997733369657,53.63867646528648,-0.9287020686348466,-845.2163254957754,73.51741883744877,-89.97369384765625,3948.58056640625,True
1598628901.8154469,0,5,0.5,0.5,-0.003951605224609375,-0.14,-0.011,-0.56,-0.0002294337987929983,10,1,100,0.023190943700605624,-10,-1,-100,9692.373256713268,-0.0021269356386532127,-2.0032684081158294e-05,0.9999977378691817,53.597159629423295,-0.9276965118297044,-844.3373146850186,73.51833113266687,-89.97372436523438,3947.5478515625,True
1598628901.8668866,0,5,0.5,0.5,-0.00396849365234375,-0.14,-0.011,-0.56,-0.0002380393609649426,10,1,100,0.023303716705218594,-10,-1,-100,9695.331235604826,-0.002126047292897808,-2.0194569777062446e-05,0.9999977397549895,53.57649349904768,-0.9271954458401804,-843.8995466012889,73.51879549340379,-89.97372436523438,3947.03173828125,True
1598628901.9189801,0,5,0.5,0.5,-0.003968325805664062,-0.14,-0.011,-0.56,-0.0001839637621428262,10,1,100,0.023299380617545804,-10,-1,-100,9698.246245465125,-0.0021252098144299643,-1.9849764153817493e-05,0.9999977415420654,53.55583593240194,-0.9266945019597712,-843.461967048161,73.51925311602399,-89.97372436523438,3946.515625,True
1598628901.9651027,0,5,0.5,0.5,-0.003946829223632813,-0.14,-0.011,-0.56,-0.00023050544486555167,10,1,100,0.023265144775132036,-10,-1,-100,9701.180786582176,-0.0021241464655543827,-1.9959201826320264e-05,0.9999977437991664,53.53512018544372,-0.9261926640519245,-843.023105887049,73.51966648986394,-89.9737548828125,3945.99951171875,True
1598628902.0169518,0,5,0.5,0.5,-0.003942388916015625,-0.14,-0.011,-0.56,-0.0002488754293136566,10,1,100,0.023276136827363344,-10,-1,-100,9704.140718197334,-0.002123288999405194,-2.022548176000511e-05,0.9999977456148363,53.51438432317632,-0.9256912545177627,-842.5839748268982,73.52007226350602,-89.97378540039062,3945.4833984375,True
1598628902.0701897,0,5,0.5,0.5,-0.003980673217773438,-0.14,-0.011,-0.56,-0.00018432402499271797,10,1,100,0.023256287859535506,-10,-1,-100,9707.07135328569,-0.0021223384838025975,-1.988055513146275e-05,0.9999977476395252,53.493636453274405,-0.9251894411370091,-842.1447998150525,73.52048019348602,-89.9737548828125,3944.9677734375,True
1598628902.1230116,0,5,0.5,0.5,-0.003942086791992188,-0.14,-0.011,-0.56,-0.0002325048588408691,10,1,100,0.023254756257467594,-10,-1,-100,9710.003941244446,-0.0021214698353336668,-2.00050483947191e-05,0.9999977494802355,53.47292681564298,-0.9246885250222752,-841.7064287599263,73.52089463698158,-89.97378540039062,3944.45166015625,True
1598628902.173921,0,5,0.5,0.5,-0.0039590087890625,-0.14,-0.011,-0.56,-0.00022228471389881135,10,1,100,0.02324504671315157,-10,-1,-100,9712.9638729539,-0.002120601146271909,-2.0025233578019077e-05,0.9999977513223561,53.45221853105468,-0.924188514274243,-841.2682177390284,73.5213102693157,-89.97378540039062,3943.93603515625,True
1598628902.2393427,0,5,0.5,0.5,-0.00395887451171875,-0.14,-0.011,-0.56,-0.00021430081377883631,10,1,100,0.023215129095392896,-10,-1,-100,9715.895484591834,-0.002119548692867038,-1.9970983819145183e-05,0.9999977535547259,53.431526953153615,-0.9236885105675838,-840.8304519065223,73.52173097063294,-89.97378540039062,3943.42041015625,True
1598628902.3350298,0,5,0.5,0.5,-0.003937411499023437,-0.14,-0.011,-0.56,-0.0002301110977910304,10,1,100,0.023246184704693224,-10,-1,-100,9718.854439749848,-0.002118883547816155,-2.0065464574977665e-05,0.9999977549624239,53.41081055724582,-0.9231881682042731,-840.3924837253519,73.52215742018399,-89.97381591796875,3942.90478515625,True
1598628902.3889573,0,5,0.5,0.5,-0.003954367065429688,-0.14,-0.011,-0.56,-0.0002177516860800551,10,1,100,0.02310933975657132,-10,-1,-100,9724.703990843496,-0.0021170440686043967,-2.0038884044255935e-05,0.9999977588589161,53.369457129100915,-0.9221888650207402,-839.5183670782401,73.523028230367,-89.97381591796875,3941.8740234375,True
1598628902.452922,0,5,0.5,0.5,-0.003932904052734375,-0.14,-0.011,-0.56,-0.0002357569485234707,10,1,100,0.02320914051882078,-10,-1,-100,9727.662946011871,-0.0021162880867687467,-2.017839849311896e-05,0.9999977604562753,53.348808311558756,-0.9216898840006864,-839.0824394326193,73.52351028179307,-89.97384643554688,3941.35888671875,True
1598628902.5085995,0,5,0.5,0.5,-0.003928497314453125,-0.14,-0.011,-0.56,-0.00020600160314646082,10,1,100,0.023167970301898804,-10,-1,-100,9730.594557494507,-0.0021152354278608006,-2.003474137164339e-05,0.9999977626863442,53.32823068745126,-0.9211927825767914,-838.6473970813428,73.52395875379585,-89.973876953125,3940.843505859375,True
1598628902.5620868,0,5,0.5,0.5,-0.003924057006835938,-0.14,-0.011,-0.56,-0.0002299573464037917,10,1,100,0.023175430287156382,-10,-1,-100,9733.527145421482,-0.0021143553508891633,-2.0121755311534216e-05,0.999997764545784,53.30753697366569,-0.9206933988577669,-838.21024480519,73.52436948447728,-89.97390747070312,3940.328369140625,True
1598628902.6069777,0,5,0.5,0.5,-0.00394097900390625,-0.14,-0.011,-0.56,-0.00022595319518520191,10,1,100,0.023152257041179083,-10,-1,-100,9736.48707723699,-0.0021133535160557586,-2.016430974264305e-05,0.9999977666626645,53.28684446247396,-0.9201938422707465,-837.773544650342,73.52480948845373,-89.97390747070312,3939.8134765625,True
1598628902.660977,0,5,0.5,0.5,-0.003919482421875,-0.14,-0.011,-0.56,-0.00022393845066907505,10,1,100,0.02318069134222761,-10,-1,-100,9739.41771235119,-0.002112710283019786,-2.0184735340792982e-05,0.9999977680214274,53.26619977008134,-0.9196958146198907,-837.3377410735244,73.52525165045164,-89.97393798828125,3939.29833984375,True
1598628902.7113726,0,5,0.5,0.5,-0.003915008544921875,-0.14,-0.011,-0.56,-0.00021758256009506507,10,1,100,0.023130430624381144,-10,-1,-100,9742.377643952728,-0.0021116773630073726,-2.0145246715520712e-05,0.9999977702039559,53.245592432334625,-0.9191985824370372,-836.9022507349916,73.52565799711611,-89.97396850585938,3938.783447265625,True
1598628902.764359,0,5,0.5,0.5,-0.0039318969726562505,-0.14,-0.011,-0.56,-0.0002229250529793118,10,1,100,0.023144926997787772,-10,-1,-100,9745.312185324612,-0.0021108790322746265,-2.01577886293838e-05,0.9999977718892052,53.224954231308324,-0.9187009022909777,-836.4663745607663,73.5260627371811,-89.97396850585938,3938.268798828125,True
1598628902.8226812,0,5,0.5,0.5,-0.003910333251953125,-0.14,-0.011,-0.56,-0.0002329195370013338,10,1,100,0.0231281777687751,-10,-1,-100,9748.242819867563,-0.0021100098496301943,-2.025992881032193e-05,0.9999977737215068,53.204275193887746,-0.9182033326513702,-836.0299333603579,73.52646399946349,-89.9739990234375,3937.754150390625,True
1598628902.869049,0,5,0.5,0.5,-0.003927188110351563,-0.14,-0.011,-0.56,-0.0001954503812445696,10,1,100,0.023118527641023075,-10,-1,-100,9751.202751676203,-0.002109140626831362,-2.001189215430312e-05,0.9999977755601961,53.183648670831154,-0.9177060314856567,-835.5944564399684,73.52686692566323,-89.9739990234375,3937.239501953125,True
1598628902.922003,0,5,0.5,0.5,-0.0039056243896484375,-0.14,-0.011,-0.56,-0.00024378502649051106,10,1,100,0.023126876635857916,-10,-1,-100,9754.134363118443,-0.002108435181440908,-2.022585885326792e-05,0.9999977770435294,53.16301481073707,-0.9172090300582244,-835.1593211513563,73.52729980637451,-89.97402954101562,3936.72509765625,True
1598628902.9774857,0,5,0.5,0.5,-0.003922479248046875,-0.14,-0.011,-0.56,-0.00022710903198018765,10,1,100,0.023078537625731702,-10,-1,-100,9757.076716694282,-0.002107362248164042,-2.026860410695206e-05,0.9999977793043037,53.14237819129895,-0.9167123108040148,-834.7240699417669,73.52771468893891,-89.97402954101562,3936.21044921875,True
1598628903.0319521,0,5,0.5,0.5,-0.0039009155273437507,-0.14,-0.011,-0.56,-0.00020293349887070102,10,1,100,0.023103920110044834,-10,-1,-100,9760.009304511244,-0.0021066257185321058,-2.0087603849657007e-05,0.9999977808598227,53.12179254786137,-0.9162167848068624,-834.289673079318,73.52812520141403,-89.97406005859375,3935.6962890625,True
1598628903.089018,0,5,0.5,0.5,-0.0038964416503906255,-0.14,-0.011,-0.56,-0.000261747832356205,10,1,100,0.023085458159533973,-10,-1,-100,9762.943845864967,-0.002105796137234182,-2.045768586336789e-05,0.9999977825995974,53.10120828981545,-0.9157206610788816,-833.855367724451,73.52853019161914,-89.97409057617188,3935.18212890625,True
1598628903.1437783,0,5,0.5,0.5,-0.003913330078125001,-0.14,-0.011,-0.56,-0.00020405718223656972,10,1,100,0.023060723716225064,-10,-1,-100,9765.901824438712,-0.002104824894945675,-2.0269358210606707e-05,0.9999977846482034,53.080590376941345,-0.9152246220726017,-833.420708011892,73.52893991406093,-89.97409057617188,3934.66796875,True
1598628903.2009892,0,5,0.5,0.5,-0.003913128662109375,-0.14,-0.011,-0.56,-0.00021856612582951885,10,1,100,0.023046743543312327,-10,-1,-100,9768.833435986307,-0.0021038226082215616,-2.0229955242152474e-05,0.9999977867581419,53.0600125937117,-0.9147295807045569,-832.986833338698,73.52935257433026,-89.97409057617188,3934.15380859375,True
1598628903.2559345,0,5,0.5,0.5,-0.0038915985107421877,-0.14,-0.011,-0.56,-0.00022310148363808554,10,1,100,0.02305384753000967,-10,-1,-100,9771.767000610824,-0.0021029840998739785,-2.0235323778270723e-05,0.9999977885217586,53.03940720191308,-0.9142343678451099,-832.552681957762,73.52976841720591,-89.97412109375,3933.6396484375,True
1598628903.311324,0,5,0.5,0.5,-0.003908520507812501,-0.14,-0.011,-0.56,-0.00023708518380351223,10,1,100,0.023055788080504815,-10,-1,-100,9774.724979055813,-0.0021022473638926164,-2.036724692437051e-05,0.9999977900681563,53.01883337592963,-0.9137397494626184,-832.119070330562,73.53017781709849,-89.97412109375,3933.125732421875,True
1598628903.3660705,0,5,0.5,0.5,-0.003908352661132813,-0.14,-0.011,-0.56,-0.000195823683973495,10,1,100,0.023007133933676645,-10,-1,-100,9777.658543794067,-0.0021011431404551056,-2.0111882096647446e-05,0.9999977923940712,52.99828816706553,-0.9132458805361338,-831.685930658412,73.53057803277193,-89.97412109375,3932.61181640625,True
1598628903.4192488,0,5,0.5,0.5,-0.003908218383789063,-0.14,-0.011,-0.56,-0.00022764798621087982,10,1,100,0.023023199265315132,-10,-1,-100,9780.618475336465,-0.002100293410080605,-2.0169178679706044e-05,0.9999977941779651,52.97770641454673,-0.9127520955557867,-831.2524110380117,73.53098438863718,-89.97412109375,3932.09814453125,True
1598628903.4709156,0,5,0.5,0.5,-0.003886721801757813,-0.14,-0.011,-0.56,-0.00024957589105680677,10,1,100,0.02300943368010661,-10,-1,-100,9783.55008667009,-0.002099403829162573,-2.0420468084244648e-05,0.9999977960408546,52.95717331676806,-0.912258802746481,-830.8198728576443,73.53139901955437,-89.97415161132812,3931.58447265625,True
1598628903.525142,0,5,0.5,0.5,-0.003903677368164063,-0.14,-0.011,-0.56,-0.00020127630356347518,10,1,100,0.022992809828812306,-10,-1,-100,9786.482674760162,-0.002098452203636485,-2.0209648920948568e-05,0.9999977980425353,52.936615643914806,-0.9117652214401661,-830.3870239168654,73.53180961305836,-89.97415161132812,3931.07080078125,True
1598628903.5749874,0,5,0.5,0.5,-0.003903543090820313,-0.14,-0.011,-0.56,-0.00023275820631539536,10,1,100,0.023026227481039066,-10,-1,-100,9789.426004660665,-0.0020978989864007644,-2.0304247847684136e-05,0.9999977992013686,52.91607617948519,-0.9112726611059702,-829.9545733172893,73.53221965162192,-89.97415161132812,3930.5576171875,True
1598628903.628206,0,5,0.5,0.5,-0.0038820800781250004,-0.14,-0.011,-0.56,-0.0002239260307943973,10,1,100,0.02294798969881434,-10,-1,-100,9792.357616109308,-0.0020966927424681857,-2.0309757418163736e-05,0.9999978017311126,52.89553505016755,-0.9107798511841568,-829.5222600327472,73.5326342326871,-89.97418212890625,3930.0439453125,True
1598628903.6805627,0,5,0.5,0.5,-0.0038990692138671876,-0.14,-0.011,-0.56,-0.0002181852207959143,10,1,100,0.02296520080895266,-10,-1,-100,9795.291180886794,-0.002095760897525977,-2.0262711417200076e-05,0.9999978036854297,52.87502848132994,-0.9102872375290932,-829.0905689721278,73.5330442411345,-89.97418212890625,3929.53076171875,True
1598628903.7330236,0,5,0.5,0.5,-0.003877606201171875,-0.14,-0.011,-0.56,-0.0002300283002764924,10,1,100,0.022985411894236387,-10,-1,-100,9798.24915932049,-0.00209510574289693,-2.0327612726868738e-05,0.9999978050569482,52.854507113958014,-0.9097943538365524,-828.658743085263,73.53345203138562,-89.97421264648438,3929.017578125,True
1598628903.7845175,0,5,0.5,0.5,-0.0038945617675781256,-0.14,-0.011,-0.56,-0.00021185069589234112,10,1,100,0.022952174789162436,-10,-1,-100,9801.182723840582,-0.0020942159167019647,-2.0221274188998222e-05,0.9999978069229923,52.833980276303556,-0.9093015369972344,-828.2269711843209,73.53386176824708,-89.97421264648438,3928.50439453125,True
1598628903.8379686,0,5,0.5,0.5,-0.0038730987548828127,-0.14,-0.011,-0.56,-0.00022961505821857717,10,1,100,0.02291195461035224,-10,-1,-100,9804.141679103253,-0.002093049316883878,-2.0286109766253783e-05,0.999997809364116,52.813475669830936,-0.9088092424481038,-827.7956841388428,73.53427195644626,-89.9742431640625,3927.9912109375,True
1598628903.8939326,0,5,0.5,0.5,-0.0038900543212890626,-0.14,-0.011,-0.56,-0.00021304417994483544,10,1,100,0.02293759417905048,-10,-1,-100,9807.074266844895,-0.0020922302204437913,-2.0194480613232202e-05,0.9999978110800481,52.792953045504035,-0.9083167654344435,-827.3642795386178,73.53468526371815,-89.9742431640625,3927.478271484375,True
1598628903.9479995,0,5,0.5,0.5,-0.003868557739257813,-0.14,-0.011,-0.56,-0.0002588627515026666,10,1,100,0.02291730763872044,-10,-1,-100,9810.00490157993,-0.002091309266877086,-2.0527638762359607e-05,0.9999978129996916,52.77248377425297,-0.9078253785892009,-826.9338203929055,73.53509833088052,-89.97427368164062,3926.96533203125,True
1598628904.0033581,0,5,0.5,0.5,-0.0038641174316406254,-0.14,-0.011,-0.56,-0.0002343592658572709,10,1,100,0.022912795050091445,-10,-1,-100,9812.965809938032,-0.0020904391802318207,-2.0607424973805784e-05,0.9999978148172963,52.75200955504981,-0.9073341808524514,-826.503422729283,73.53551217295386,-89.97430419921875,3926.45263671875,True
1598628904.0579894,0,5,0.5,0.5,-0.0038810394287109376,-0.14,-0.011,-0.56,-0.0002384465590217101,10,1,100,0.022885173112216058,-10,-1,-100,9815.897421245114,-0.002089405233527195,-2.0716945143079428e-05,0.9999978169759063,52.73152568204992,-0.9068429696476005,-826.0729862935186,73.53592522305013,-89.97430419921875,3925.93994140625,True
1598628904.112512,0,5,0.5,0.5,-0.00388087158203125,-0.14,-0.011,-0.56,-0.00018306171050569515,10,1,100,0.022880745115682312,-10,-1,-100,9818.830985739944,-0.002088433251981873,-2.0312549132071576e-05,0.9999978190145977,52.711056991266815,-0.9063518361023016,-825.6429281440197,73.53633951525826,-89.97430419921875,3925.42724609375,True
1598628904.1702042,0,5,0.5,0.5,-0.0038807037353515627,-0.14,-0.011,-0.56,-0.00022654165229952735,10,1,100,0.022881273670670575,-10,-1,-100,9821.788964369101,-0.002087563042653673,-2.0340181046295287e-05,0.9999978208310356,52.69057531908026,-0.9058612623620543,-825.2127926958128,73.53675449277986,-89.97430419921875,3924.91455078125,True
1598628904.2259064,0,5,0.5,0.5,-0.0038592071533203125,-0.14,-0.011,-0.56,-0.0002481411775189299,10,1,100,0.02286045439360094,-10,-1,-100,9824.722528937156,-0.0020865909768363255,-2.0561632630649474e-05,0.9999978228552874,52.67011524438693,-0.90537034723537,-824.7830855063098,73.53716608465551,-89.97433471679688,3924.40185546875,True
1598628904.32713,0,5,0.5,0.5,-0.003854766845703125,-0.14,-0.011,-0.56,-0.00020856883014317264,10,1,100,0.022842991866243167,-10,-1,-100,9827.6814841429,-0.002085556866681566,-2.040293189372508e-05,0.999997825015773,52.64963876532515,-0.9048796214341787,-824.3532269255808,73.53757713693479,-89.974365234375,3923.8896484375,True
1598628904.3799453,0,5,0.5,0.5,-0.0038503265380859376,-0.14,-0.011,-0.56,-0.0002493790671153436,10,1,100,0.022762980297561138,-10,-1,-100,9833.530058518634,-0.0020838980694403257,-2.0629592178843676e-05,0.9999978284692703,52.60874090048852,-0.9038997956786021,-823.495119785237,73.53843356204439,-89.97439575195312,3922.864990234375,True
1598628904.433966,0,5,0.5,0.5,-0.0038672149658203125,-0.14,-0.011,-0.56,-0.0002232330701821279,10,1,100,0.02282307259016523,-10,-1,-100,9836.488036727416,-0.002082945745378564,-2.059758490411331e-05,0.9999978304540272,52.588339438608074,-0.9034109511341347,-823.0674217640795,73.5389024781315,-89.97439575195312,3922.352783203125,True
1598628904.4919498,0,5,0.5,0.5,-0.003867047119140625,-0.14,-0.011,-0.56,-0.0002057275461519821,10,1,100,0.0228181343727151,-10,-1,-100,9839.421601224341,-0.0020820442884106026,-2.040906309486814e-05,0.9999978323351761,52.56798189865082,-0.9029230356150225,-822.6402131880938,73.5393393676841,-89.97439575195312,3921.8408203125,True
1598628904.5446384,0,5,0.5,0.5,-0.0038455169677734376,-0.14,-0.011,-0.56,-0.0002465003722897715,10,1,100,0.02277668723217752,-10,-1,-100,9842.380556396907,-0.002080857249827599,-2.0608146612732768e-05,0.9999978348018609,52.547571421438555,-0.9024340568497221,-822.2119617453488,73.5397456002336,-89.97442626953125,3921.32861328125,True
1598628904.636958,0,5,0.5,0.5,-0.00386243896484375,-0.14,-0.011,-0.56,-0.00019849783867341783,10,1,100,0.022822206792210767,-10,-1,-100,9845.313144336338,-0.002080201439858852,-2.0352671770778874e-05,0.999997836171528,52.52711735597753,-0.9019450985063788,-821.7830396201138,73.54014217059604,-89.97442626953125,3920.81689453125,True
1598628904.691029,0,5,0.5,0.5,-0.0038409423828125,-0.14,-0.011,-0.56,-0.00024077403376972375,10,1,100,0.02268744272499055,-10,-1,-100,9851.205664001289,-0.0020783894281310553,-2.050498255460814e-05,0.9999978399361326,52.48626585416556,-0.9009680235475026,-820.9267584026959,73.54096433286712,-89.97445678710938,3919.79345703125,True
1598628904.749991,0,5,0.5,0.5,-0.0038365020751953125,-0.14,-0.011,-0.56,-0.00021708553697604046,10,1,100,0.022748149742082113,-10,-1,-100,9854.136298734578,-0.002077304041084251,-2.0428289625954416e-05,0.9999978421929748,52.46587465885515,-0.9004805758538106,-820.499846718401,73.54142284225449,-89.9744873046875,3919.28173828125,True
1598628904.7982621,0,5,0.5,0.5,-0.003853390502929688,-0.14,-0.011,-0.56,-0.00024090348022170688,10,1,100,0.022761987880546453,-10,-1,-100,9857.068886589142,-0.002076453244310375,-2.057499031987174e-05,0.9999978439569727,52.44552233010862,-0.8999939730303399,-820.0733416719984,73.54185175066719,-89.9744873046875,3918.77001953125,True
1598628904.8500516,0,5,0.5,0.5,-0.0038318267822265626,-0.14,-0.011,-0.56,-0.00021454412561652472,10,1,100,0.022750174909453816,-10,-1,-100,9860.029794713599,-0.00207558250186814,-2.0468510627682584e-05,0.9999978457668387,52.425113531329856,-0.8995063907083085,-819.6461263478026,73.54228382082081,-89.97451782226562,3918.258544921875,True
1598628904.9039662,0,5,0.5,0.5,-0.0038487152099609375,-0.14,-0.011,-0.56,-0.00020116704339062693,10,1,100,0.022736952020402046,-10,-1,-100,9862.962382760597,-0.0020746807174519717,-2.0250185725459705e-05,0.9999978476426091,52.40479381395067,-0.8990203117591932,-819.220023063653,73.54267949832229,-89.97451782226562,3917.7470703125,True
1598628904.9628627,0,5,0.5,0.5,-0.00384854736328125,-0.14,-0.011,-0.56,-0.0002588101435459987,10,1,100,0.022701032262842466,-10,-1,-100,9865.91840813018,-0.0020735442575951224,-2.0575875585004344e-05,0.9999978499931114,52.38438812556267,-0.8985332720904193,-818.7926647846754,73.54307356923202,-89.97451782226562,3917.23583984375,True
1598628905.0128715,0,5,0.5,0.5,-0.00382705078125,-0.14,-0.011,-0.56,-0.00022600811488490542,10,1,100,0.022744877780933717,-10,-1,-100,9868.85294925305,-0.0020729191204459482,-2.0573805848211204e-05,0.9999978512892108,52.363980650818476,-0.8980459912562564,-818.3653916311353,73.54346524926545,-89.97454833984375,3916.724609375,True
1598628905.1150603,0,5,0.5,0.5,-0.0038439727783203125,-0.14,-0.011,-0.56,-0.00022106015068746752,10,1,100,0.022719599161221724,-10,-1,-100,9871.785537179327,-0.0020721301234265287,-2.0526964393927915e-05,0.9999978529253927,52.34358086984663,-0.8975593935258736,-817.9386806123808,73.54388814479755,-89.97454833984375,3916.21337890625,True
1598628905.1706336,0,5,0.5,0.5,-0.003822442626953125,-0.14,-0.011,-0.56,-0.00024659085482906906,10,1,100,0.022576674631828,-10,-1,-100,9877.676103603328,-0.0020701225523825535,-2.071637138104943e-05,0.9999978570794289,52.30285262679833,-0.896588041763225,-817.0862312401869,73.54468772746073,-89.97457885742188,3915.19140625,True
1598628905.226974,0,5,0.5,0.5,-0.003818002319335938,-0.14,-0.011,-0.56,-0.0002224988596372023,10,1,100,0.02268614488177679,-10,-1,-100,9880.59306655277,-0.002069302430703424,-2.0669443026899005e-05,0.9999978587778197,52.28253870816677,-0.8961031817755237,-816.6614865594413,73.54513513953748,-89.974609375,3914.6806640625,True
1598628905.2830553,0,5,0.5,0.5,-0.0038348907470703133,-0.14,-0.011,-0.56,-0.00018929980861032483,10,1,100,0.022669059870780807,-10,-1,-100,9883.55202157225,-0.002068411455448939,-2.032468335810326e-05,0.9999978606281907,52.26223356804154,-0.8956186978419421,-816.2367173665963,73.54555689270323,-89.974609375,3914.169921875,True
1598628905.3428977,0,5,0.5,0.5,-0.0038133605957031253,-0.14,-0.011,-0.56,-0.00026614178511418976,10,1,100,0.02265573732800076,-10,-1,-100,9886.484609267907,-0.002067489434803845,-2.070999280850272e-05,0.9999978625269823,52.24190060460859,-0.8951337219219161,-815.8112846441961,73.54594572214276,-89.97463989257812,3913.6591796875,True
1598628905.3883753,0,5,0.5,0.5,-0.003830282592773438,-0.14,-0.011,-0.56,-0.0002142601584245683,10,1,100,0.02266452056988562,-10,-1,-100,9889.442587928846,-0.00206674000424024,-2.0588366881521538e-05,0.9999978640786558,52.22153180310587,-0.8946491225966389,-815.3853785078591,73.54633243426277,-89.97463989257812,3913.1484375,True
1598628905.4420252,0,5,0.5,0.5,-0.0038301147460937505,-0.14,-0.011,-0.56,-0.0002032679157114468,10,1,100,0.022638281782176698,-10,-1,-100,9892.376152489916,-0.0020658289995124004,-2.0377856217272404e-05,0.9999978659653668,52.20118406342258,-0.8941643595563594,-814.9602864500561,73.54675305506021,-89.97463989257812,3912.637939453125,True
1598628905.4999702,0,5,0.5,0.5,-0.0038086181640625003,-0.14,-0.011,-0.56,-0.0002511259836902899,10,1,100,0.022635981182721233,-10,-1,-100,9895.307763869758,-0.0020649887656760016,-2.062163864449941e-05,0.9999978676957995,52.1808896997484,-0.8936802107365464,-814.5357778677817,73.54713907318188,-89.97467041015625,3912.12744140625,True
1598628905.5473197,0,5,0.5,0.5,-0.003804177856445313,-0.14,-0.011,-0.56,-0.00023637482665107384,10,1,100,0.02262879487548577,-10,-1,-100,9898.268671550904,-0.002064168397533295,-2.0708819920786507e-05,0.9999978693877161,52.1605748550733,-0.8931959271360183,-814.1110577346338,73.54752516146112,-89.97470092773438,3911.6171875,True
1598628905.5993629,0,5,0.5,0.5,-0.003821066284179688,-0.14,-0.011,-0.56,-0.00021512625063785297,10,1,100,0.02258701926063495,-10,-1,-100,9901.199306687224,-0.0020630513535049738,-2.0594785895167513e-05,0.999997871695219,52.14027970485559,-0.8927117879210069,-813.6871122317247,73.54794234724098,-89.97470092773438,3911.10693359375,True
1598628905.6502364,0,5,0.5,0.5,-0.0037995361328125006,-0.14,-0.011,-0.56,-0.0002598927341617519,10,1,100,0.022616497369695204,-10,-1,-100,9904.13189432805,-0.0020623128124406306,-2.089806755841573e-05,0.9999978732123055,52.11996567848351,-0.892227735182086,-813.2627328500765,73.54833660114092,-89.9747314453125,3910.5966796875,True
1598628905.7029574,0,5,0.5,0.5,-0.0037950622558593754,-0.14,-0.011,-0.56,-0.00021463357475456077,10,1,100,0.022571116521115472,-10,-1,-100,9907.091825721203,-0.002061237783132308,-2.0761993891153745e-05,0.9999978754316137,52.09970196720787,-0.8917445567782287,-812.8392649404843,73.54873059399796,-89.97476196289062,3910.08642578125,True
1598628905.851395,0,5,0.5,0.5,-0.0037905883789062502,-0.14,-0.011,-0.56,-0.00023782384780122838,10,1,100,0.022598672190903522,-10,-1,-100,9910.023436873336,-0.002060519066913043,-2.0849069746330642e-05,0.9999978769109917,52.079402052944545,-0.8912610242406644,-812.4153190202766,73.54912211317239,-89.97479248046875,3909.576416015625,True
1598628905.9062088,0,5,0.5,0.5,-0.0038074768066406256,-0.14,-0.011,-0.56,-0.00022841892330226904,10,1,100,0.022367453594782344,-10,-1,-100,9918.847567816032,-0.0020577716861706007,-2.0842567004028708e-05,0.9999978825683957,52.01856638769071,-0.8898121627732124,-811.1458781312112,73.55035983250156,-89.97479248046875,3908.046875,True
1598628905.95908,0,5,0.5,0.5,-0.0037859130859375003,-0.14,-0.011,-0.56,-0.00022970921378614298,10,1,100,0.022525041592843686,-10,-1,-100,9921.807499545743,-0.0020567163579955547,-2.0847914530293144e-05,0.9999978847393565,51.998336727109354,-0.8893292478696869,-810.7245230323416,73.55084537643725,-89.97482299804688,3907.537109375,True
1598628906.0170817,0,5,0.5,0.5,-0.0038028015136718756,-0.14,-0.011,-0.56,-0.000259261375613386,10,1,100,0.022544815899272964,-10,-1,-100,9924.740087254904,-0.0020559465288737867,-2.1121306551034123e-05,0.9999978863166467,51.97818067651639,-0.8888480721139205,-810.3041180020107,73.55130305140715,-89.97482299804688,3907.02734375,True
1598628906.063991,0,5,0.5,0.5,-0.0037812377929687504,-0.14,-0.011,-0.56,-0.0002112703447080522,10,1,100,0.02250243470526187,-10,-1,-100,9927.700019031996,-0.002054871212886048,-2.0933078161959694e-05,0.9999978885308233,51.9579179205252,-0.8883653178792051,-809.8814531526534,73.55169378961537,-89.974853515625,3906.517578125,True
1598628906.1142688,0,5,0.5,0.5,-0.003798092651367188,-0.14,-0.011,-0.56,-0.00020121329539887105,10,1,100,0.02252418054254204,-10,-1,-100,9930.631630378775,-0.00205410130395122,-2.0670028976404304e-05,0.9999978901180658,51.93763427304048,-0.8878821490431225,-809.4588308643056,73.55210845896124,-89.974853515625,3906.00830078125,True
1598628906.1669698,0,5,0.5,0.5,-0.0037978912353515627,-0.14,-0.011,-0.56,-0.00028383166957044945,10,1,100,0.022518798010356784,-10,-1,-100,9933.564217843465,-0.0020533623523194423,-2.118192549079384e-05,0.9999978916249654,51.91742332157112,-0.8874003712732139,-809.0371002987913,73.5524899720041,-89.974853515625,3905.4990234375,True
1598628906.2180502,0,5,0.5,0.5,-0.0037977233886718753,-0.14,-0.011,-0.56,-0.00021687064712362373,10,1,100,0.02251592355344324,-10,-1,-100,9936.52317279391,-0.0020526742703597155,-2.1038119294749542e-05,0.9999978930406491,51.897162867360365,-0.8869177792593395,-808.6147121256067,73.55287222163754,-89.974853515625,3904.98974609375,True
1598628906.2728832,0,5,0.5,0.5,-0.003776193237304688,-0.14,-0.011,-0.56,-0.00024253431688237318,10,1,100,0.022458570851574572,-10,-1,-100,9939.455760756857,-0.0020515367868185626,-2.1140289447607373e-05,0.9999978953727354,51.876944414633265,-0.8864360765869768,-808.1931412271258,73.55325853108204,-89.97488403320312,3904.48046875,True
1598628906.3334584,0,5,0.5,0.5,-0.0037931152343750004,-0.14,-0.011,-0.56,-0.00021409300398962655,10,1,100,0.022467544160224322,-10,-1,-100,9942.388348620152,-0.0020505940827921687,-2.0974393813099348e-05,0.9999978973097805,51.856714751803224,-0.8859542038855145,-807.7715684996658,73.55364949271208,-89.97488403320312,3903.97119140625,True
1598628906.3809688,0,5,0.5,0.5,-0.0037929809570312503,-0.14,-0.011,-0.56,-0.00024109954282445592,10,1,100,0.02249624734533342,-10,-1,-100,9945.349256888847,-0.002050007693269475,-2.1068900498479642e-05,0.9999978985100714,51.83649692693488,-0.8854723691410058,-807.3502835283964,73.55403937501434,-89.97488403320312,3903.46240234375,True
1598628906.4345503,0,5,0.5,0.5,-0.003792880249023438,-0.14,-0.011,-0.56,-0.00021669883387203601,10,1,100,0.022426508806651965,-10,-1,-100,9948.278914981289,-0.002048850180964144,-2.0932791194028685e-05,0.9999979008851739,51.81624289492578,-0.8849903771557234,-806.9288582947036,73.5544587971757,-89.97488403320312,3902.953369140625,True
1598628906.4970226,0,5,0.5,0.5,-0.0037927795410156256,-0.14,-0.011,-0.56,-0.00023417907242766512,10,1,100,0.02246906638597089,-10,-1,-100,9951.238846243708,-0.0020481928945942024,-2.096788470031535e-05,0.9999979022309068,51.79605873743493,-0.8845099239036566,-806.5083977403467,73.55485601601325,-89.97488403320312,3902.4443359375,True
1598628906.594173,0,5,0.5,0.5,-0.0037713500976562504,-0.14,-0.011,-0.56,-0.00025011397772933976,10,1,100,0.022423406838412922,-10,-1,-100,9954.172410835745,-0.00204718802333773,-2.1144541599527524e-05,0.9999979042848566,51.77588056774856,-0.8840295179314351,-806.0880993724215,73.55524838906125,-89.97491455078125,3901.935546875,True
1598628906.6529012,0,5,0.5,0.5,-0.0037669769287109376,-0.14,-0.011,-0.56,-0.00024997556070154893,10,1,100,0.022344542351209015,-10,-1,-100,9960.062000506907,-0.002045565516407752,-2.1303859321241862e-05,0.9999979076017428,51.735467075351856,-0.8830682415439375,-805.24722944988,73.55606152798441,-89.97494506835938,3900.91845703125,True
1598628906.7069573,0,5,0.5,0.5,-0.003762603759765625,-0.14,-0.011,-0.56,-0.00022483792437575446,10,1,100,0.022398723363514464,-10,-1,-100,9962.980916635599,-0.0020445915244891658,-2.1219832573330145e-05,0.9999979095954236,51.71531919656296,-0.8825893855420792,-804.8280022551937,73.55647918632701,-89.9749755859375,3900.40966796875,True
1598628906.752926,0,5,0.5,0.5,-0.003779559326171875,-0.14,-0.011,-0.56,-0.00020847313616139762,10,1,100,0.02240823778391523,-10,-1,-100,9965.911551162251,-0.0020438012172754234,-2.099417399728268e-05,0.9999979112157329,51.695202830451564,-0.8821112456444257,-804.4094328172846,73.55690078034078,-89.9749755859375,3899.9013671875,True
1598628906.8070498,0,5,0.5,0.5,-0.0037580627441406254,-0.14,-0.011,-0.56,-0.00024308010309901658,10,1,100,0.022384764047931445,-10,-1,-100,9968.871482700575,-0.0020428780505131177,-2.110380931075744e-05,0.9999979130997725,51.67499077403161,-0.8816315848230479,-803.9895214910746,73.55732629882435,-89.97500610351562,3899.392822265625,True
1598628906.8610759,0,5,0.5,0.5,-0.003753622436523438,-0.14,-0.011,-0.56,-0.00021220852188035043,10,1,100,0.022385748186693345,-10,-1,-100,9971.804070306127,-0.002042056660372354,-2.0922767321004794e-05,0.9999979147812429,51.65487797957626,-0.8811537626884777,-803.5708429782306,73.55770976510334,-89.97503662109375,3898.884521484375,True
1598628906.9131052,0,5,0.5,0.5,-0.0037491821289062505,-0.14,-0.011,-0.56,-0.00025464629145297734,10,1,100,0.022350771930215584,-10,-1,-100,9974.762049119803,-0.0020410005943913585,-2.1144179346550455e-05,0.9999979169325791,51.63470127009891,-0.8806749972418471,-803.151291199028,73.55809507067313,-89.97506713867188,3898.37646484375,True
1598628906.9669018,0,5,0.5,0.5,-0.0037660705566406254,-0.14,-0.011,-0.56,-0.0002339045014457879,10,1,100,0.02237625699282981,-10,-1,-100,9977.695613150834,-0.002040280938149129,-2.1156746928314377e-05,0.9999979184008762,51.61453702956292,-0.8801969405370506,-802.7320899870649,73.55848497493221,-89.97506713867188,3897.8681640625,True
1598628907.0180495,0,5,0.5,0.5,-0.0037445068359375,-0.14,-0.011,-0.56,-0.00020293397362974405,10,1,100,0.022343493942616956,-10,-1,-100,9980.628201035666,-0.0020393377017952764,-2.088654188938133e-05,0.9999979203305827,51.59443046451718,-0.8797202438008577,-802.3139022573703,73.5588750185251,-89.97509765625,3897.3603515625,True
1598628907.0769217,0,5,0.5,0.5,-0.0037399993896484376,-0.14,-0.011,-0.56,-0.00024856790701287095,10,1,100,0.02235891535629318,-10,-1,-100,9983.585202822112,-0.0020386290565789843,-2.105579692956576e-05,0.999997921771952,51.574269132429976,-0.8792427208625718,-801.8950232468767,73.55926915008723,-89.97512817382812,3896.852294921875,True
1598628907.123075,0,5,0.5,0.5,-0.003756820678710938,-0.14,-0.011,-0.56,-0.00022485529271150227,10,1,100,0.02233284812806265,-10,-1,-100,9986.519743732759,-0.0020377565532511822,-2.0994016006785296e-05,0.9999979235515846,51.554118467808756,-0.8787660246823623,-801.4764286927071,73.55966465964359,-89.97512817382812,3896.34423828125,True
1598628907.1767101,0,5,0.5,0.5,-0.0037565856933593753,-0.14,-0.011,-0.56,-0.00024634108476571774,10,1,100,0.02231976528640123,-10,-1,-100,9989.452331418404,-0.002036853007547246,-2.1133313755289327e-05,0.9999979253894524,51.53399532769825,-0.8782902386413308,-801.0586690322798,73.5600873613343,-89.97512817382812,3895.83642578125,True
1598628907.2779896,0,5,0.5,0.5,-0.00373502197265625,-0.14,-0.011,-0.56,-0.00021005146808626235,10,1,100,0.02231448452139405,-10,-1,-100,9992.410309823113,-0.0020359915158698395,-2.09301975073579e-05,0.9999979271480888,51.51387397854599,-0.8778145459176722,-800.6408127709041,73.5604882627422,-89.97515869140625,3895.328857421875,True
1598628907.3349857,0,5,0.5,0.5,-0.0037305480957031253,-0.14,-0.011,-0.56,-0.00020934338396533434,10,1,100,0.022191961349639557,-10,-1,-100,9998.302829369553,-0.0020341023127913556,-2.073937254910814e-05,0.9999979309966893,51.47368313518584,-0.8768639539310984,-799.8066780612029,73.56132919779982,-89.97518920898438,3894.313720703125,True
1598628907.388959,0,5,0.5,0.5,-0.003747402954101563,-0.14,-0.011,-0.56,-0.00022819153924058725,10,1,100,0.022279534156302426,-10,-1,-100,10001.23444048164,-0.002033189789057382,-2.0737473818154452e-05,0.999997932852483,51.4536000312031,-0.8763894641932444,-799.3908095483991,73.56182998458318,-89.97518920898438,3893.80615234375,True
1598628907.443414,0,5,0.5,0.5,-0.0037472015380859377,-0.14,-0.011,-0.56,-0.00023138153912088166,10,1,100,0.022288425169127532,-10,-1,-100,10004.168004617444,-0.00203244985692623,-2.0765080730283415e-05,0.9999979343560618,51.433623618902025,-0.8759165966355139,-798.9763395999507,73.5622940498162,-89.97518920898438,3893.298583984375,True
1598628907.503968,0,5,0.5,0.5,-0.00372567138671875,-0.14,-0.011,-0.56,-0.0002084033161140633,10,1,100,0.022297139957614204,-10,-1,-100,10005.647483040928,-0.0020318651501600128,-2.0581428338148416e-05,0.9999979355480773,51.42356800662914,-0.8756792549184426,-798.767802091603,73.56249824610656,-89.9752197265625,3893.044921875,True
1598628907.5963743,0,5,0.5,0.5,-0.003742593383789063,-0.14,-0.011,-0.56,-0.00028164971647901015,10,1,100,0.022202156352035457,-10,-1,-100,10010.058570488472,-0.002030478416180219,-2.1080859576805572e-05,0.9999979383543741,51.39347377737786,-0.8749694735257806,-798.1429783618023,73.56306088567258,-89.9752197265625,3892.2841796875,True
1598628907.647984,0,5,0.5,0.5,-0.0037210632324218753,-0.14,-0.011,-0.56,-0.0001943624757309502,10,1,100,0.022163643432353247,-10,-1,-100,10015.950113618164,-0.0020288765428578123,-2.0741436593649268e-05,0.9999979416127649,51.3533679220672,-0.8740236769786194,-797.3118514247716,73.56393149328703,-89.97525024414062,3891.27001953125,True
1598628907.6999264,0,5,0.5,0.5,-0.0037379852294921875,-0.14,-0.011,-0.56,-0.0002190222785283366,10,1,100,0.022214339753079942,-10,-1,-100,10018.882701670169,-0.002027890680170356,-2.065718218466135e-05,0.9999979436142206,51.33333755369224,-0.8735512889878638,-796.8973330336942,73.564416167032,-89.97525024414062,3890.7626953125,True
1598628907.7531343,0,5,0.5,0.5,-0.0037164886474609377,-0.14,-0.011,-0.56,-0.00024849975373599604,10,1,100,0.02223165277539104,-10,-1,-100,10021.84165616415,-0.002027161594635868,-2.084892669178279e-05,0.9999979450884844,51.31334929930029,-0.8730804041942636,-796.4835368646607,73.56489739748639,-89.97528076171875,3890.255859375,True
1598628907.8065498,0,5,0.5,0.5,-0.00373341064453125,-0.14,-0.011,-0.56,-0.00023643403936301536,10,1,100,0.02219504791782074,-10,-1,-100,10024.774243953056,-0.002026175649952617,-2.091368346697064e-05,0.9999979470853194,51.29334468176664,-0.8726088310643757,-796.0692276437632,73.56534298592358,-89.97528076171875,3889.7490234375,True
1598628907.864916,0,5,0.5,0.5,-0.0037118804931640624,-0.14,-0.011,-0.56,-0.00023298462026744585,10,1,100,0.022199946271429162,-10,-1,-100,10027.706831636839,-0.002025333573780279,-2.094139457108016e-05,0.9999979487905827,51.27332347092823,-0.8721376529153916,-795.6546883762269,73.56577995447849,-89.97531127929688,3889.2421875,True
1598628907.91303,0,5,0.5,0.5,-0.003728802490234375,-0.14,-0.011,-0.56,-0.00020946867833102507,10,1,100,0.02220384510733659,-10,-1,-100,10030.665786649566,-0.0020246131829883027,-2.075279501442706e-05,0.9999979502532896,51.253321260317534,-0.8716669885002505,-795.2404565477216,73.56620755749647,-89.97531127929688,3888.7353515625,True
1598628907.9679914,0,5,0.5,0.5,-0.0037286682128906254,-0.14,-0.011,-0.56,-0.00023628429980888262,10,1,100,0.02215526798531419,-10,-1,-100,10033.598374440451,-0.0020235252985497595,-2.0825107046845385e-05,0.9999979524537443,51.23329380878933,-0.8711962544768681,-794.8262534322384,73.56666476453924,-89.97531127929688,3888.22900390625,True
1598628908.0249496,0,5,0.5,0.5,-0.003707171630859375,-0.14,-0.011,-0.56,-0.0002075326947739728,10,1,100,0.022173858226664567,-10,-1,-100,10036.55830579158,-0.0020227141007910943,-2.0629387363973145e-05,0.9999979540989545,51.213302915864666,-0.8707259734742747,-794.4124148475166,73.56709200139436,-89.975341796875,3887.722412109375,True
1598628908.0790136,0,5,0.5,0.5,-0.0037240936279296878,-0.14,-0.011,-0.56,-0.00021783630947123933,10,1,100,0.022157948024695086,-10,-1,-100,10039.49089355662,-0.00202184086077089,-2.0545252961670176e-05,0.999997955866624,51.19332176636215,-0.8702567796925303,-793.9987972104359,73.56751521144358,-89.975341796875,3887.2158203125,True
1598628908.132544,0,5,0.5,0.5,-0.0037025970458984376,-0.14,-0.011,-0.56,-0.0002333713407180075,10,1,100,0.022121178811329363,-10,-1,-100,10042.423481069738,-0.0020207218536213694,-2.061002758488944e-05,0.999997958127124,51.17332804024658,-0.869787288263658,-793.5850251206919,73.56793187803459,-89.97537231445312,3886.709716796875,True
1598628908.1879995,0,5,0.5,0.5,-0.00371951904296875,-0.14,-0.011,-0.56,-0.00021024247223741177,10,1,100,0.0221608785123616,-10,-1,-100,10045.383412834606,-0.002020074350369879,-2.0459079194348736e-05,0.9999979594384407,51.153373462896155,-0.8693180876155886,-793.171927925191,73.56834343791077,-89.97537231445312,3886.203369140625,True
1598628908.2433734,0,5,0.5,0.5,-0.0036980224609375004,-0.14,-0.011,-0.56,-0.0002619364971780381,10,1,100,0.022116258611810696,-10,-1,-100,10048.314047261374,-0.0020190880775839597,-2.0792055754589517e-05,0.9999979614234348,51.133374384429075,-0.868848823346002,-792.7582377656378,73.56875365839407,-89.97540283203125,3885.697265625,True
1598628908.2999942,0,5,0.5,0.5,-0.003714944458007813,-0.14,-0.011,-0.56,-0.0002161192530560814,10,1,100,0.022117931315456425,-10,-1,-100,10051.249564570608,-0.0020182146747231636,-2.0678118704999776e-05,0.9999979631888967,51.113394630059815,-0.8683797492102447,-792.3449823341829,73.56916602111701,-89.97540283203125,3885.191162109375,True
1598628908.361529,0,5,0.5,0.5,-0.003693447875976563,-0.14,-0.011,-0.56,-0.00024201585983563639,10,1,100,0.022126317921592663,-10,-1,-100,10054.205589681165,-0.0020175050475599626,-2.0810118546993042e-05,0.9999979646180897,51.093430558474495,-0.8679110892774192,-791.9320723197103,73.56957794845647,-89.97543334960938,3884.68505859375,True
1598628908.4173133,0,5,0.5,0.5,-0.0037103698730468755,-0.14,-0.011,-0.56,-0.00020233438065098152,10,1,100,0.022067700442242835,-10,-1,-100,10057.13915432489,-0.0020163349281469567,-2.056947183341731e-05,0.9999979669831106,51.07344739979657,-0.8674431613384269,-791.5189085707237,73.56998320612875,-89.97543334960938,3884.17919921875,True
1598628908.5179453,0,5,0.5,0.5,-0.0037102355957031254,-0.14,-0.011,-0.56,-0.00024169388454064577,10,1,100,0.02208772461464161,-10,-1,-100,10060.097132498864,-0.0020154614017438796,-2.0708853877106922e-05,0.9999979687411776,51.05350132586522,-0.8669759502922385,-791.1067402305023,73.57041575073428,-89.97543334960938,3883.67333984375,True
1598628908.6162884,0,5,0.5,0.5,-0.0036887390136718756,-0.14,-0.011,-0.56,-0.00022728144928171195,10,1,100,0.021985382876439044,-10,-1,-100,10065.961331501952,-0.0020137452271949173,-2.0704582633686553e-05,0.9999979721986841,51.01363486345406,-0.8660418932805803,-790.2830756569888,73.57127455859055,-89.9754638671875,3882.661865234375,True
1598628908.7209702,0,5,0.5,0.5,-0.0036629364013671876,-0.14,-0.011,-0.56,-0.00021821347756882762,10,1,100,0.021952615210988912,-10,-1,-100,10071.854827224859,-0.002011896071620273,-2.061837314629014e-05,0.9999979759224914,50.973836930600925,-0.8651095637293146,-789.4622140036008,73.57225729444927,-89.97552490234375,3881.650634765625,True
1598628908.784987,0,5,0.5,0.5,-0.003675552368164063,-0.14,-0.011,-0.56,-0.00022635013458940104,10,1,100,0.021935213856248473,-10,-1,-100,10077.745393381454,-0.0020100666615358387,-2.061398050722378e-05,0.999997979601499,50.93413272425153,-0.864178722478435,-788.643471979026,73.57326017834987,-89.97555541992188,3880.6396484375,True
1598628908.8357642,0,5,0.5,0.5,-0.0036710449218750004,-0.14,-0.011,-0.56,-0.0002502952813548974,10,1,100,0.02201062810231886,-10,-1,-100,10080.678957457654,-0.002009099849331752,-2.0827607871808372e-05,0.9999979815399659,50.9143131213361,-0.8637137281692204,-788.2346597100365,73.57375096257852,-89.9755859375,3880.13427734375,True
1598628908.8889444,0,5,0.5,0.5,-0.003687899780273438,-0.14,-0.011,-0.56,-0.0002090698754850451,10,1,100,0.022011243338903558,-10,-1,-100,10083.637912338367,-0.0020082370876645245,-2.064684034962578e-05,0.9999979832767204,50.89438823466063,-0.8632476963933507,-787.8242386598181,73.5742328125423,-89.9755859375,3879.629150390625,True
1598628908.9431198,0,5,0.5,0.5,-0.0036876647949218755,-0.14,-0.011,-0.56,-0.00026133025408137155,10,1,100,0.021978777496504943,-10,-1,-100,10086.5861246665,-0.0020071683760022442,-2.095742989746705e-05,0.999997985415919,50.87458400078147,-0.8627843401057477,-787.4144841117317,73.57458817136839,-89.9755859375,3879.1240234375,True
1598628909.0438352,0,5,0.5,0.5,-0.0036874633789062503,-0.14,-0.011,-0.56,-0.0002185759228687597,10,1,100,0.022011943830187092,-10,-1,-100,10089.518712361576,-0.002006509168162356,-2.0850957953441844e-05,0.9999979867410712,50.8546445518818,-0.862317962731043,-787.0026640269489,73.57493701745602,-89.9755859375,3878.619140625,True
1598628909.1017609,0,5,0.5,0.5,-0.0036872619628906256,-0.14,-0.011,-0.56,-0.0002214095964475418,10,1,100,0.021885634930022844,-10,-1,-100,10095.410255060531,-0.002004772266948747,-2.077976881936382e-05,0.9999979902261598,50.8147734631829,-0.8613846451066088,-786.1797472823739,73.57566048289583,-89.9755859375,3877.609375,True
1598628909.154992,0,5,0.5,0.5,-0.0036870941162109377,-0.14,-0.011,-0.56,-0.0002307232958968989,10,1,100,0.02196969549717659,-10,-1,-100,10098.370186492102,-0.0020039690280746923,-2.079974901040307e-05,0.999997991835736,50.794913600301506,-0.860919588503883,-785.7701757822922,73.57607475108196,-89.9755859375,3877.104736328125,True
1598628909.2010164,0,5,0.5,0.5,-0.00366556396484375,-0.14,-0.011,-0.56,-0.00027769177772458536,10,1,100,0.02195604181378523,-10,-1,-100,10101.302773868083,-0.002003125928249332,-2.1244689675984096e-05,0.9999979935155764,50.77505076318994,-0.8604543966523428,-785.3604377201144,73.57646815745959,-89.97561645507812,3876.60009765625,True
1598628909.256329,0,5,0.5,0.5,-0.0036824523925781255,-0.14,-0.011,-0.56,-0.00019042279275577112,10,1,100,0.02195319297997364,-10,-1,-100,10104.235361753497,-0.002002344789440258,-2.085533965788774e-05,0.9999979950881897,50.75516536070705,-0.8599886916376459,-784.950528651022,73.57686722001323,-89.97561645507812,3876.095458984375,True
1598628909.3181272,0,5,0.5,0.5,-0.003660922241210938,-0.14,-0.011,-0.56,-0.00024140368279068175,10,1,100,0.02191817716816807,-10,-1,-100,10107.194316263427,-0.0020013267017226443,-2.0964710680822782e-05,0.9999979971239512,50.73528921682856,-0.8595236449872096,-784.5405559060746,73.57723505257817,-89.97564697265625,3875.591064453125,True
1598628909.372968,0,5,0.5,0.5,-0.003677877807617188,-0.14,-0.011,-0.56,-0.00022535352300797687,10,1,100,0.02192617468984035,-10,-1,-100,10110.125927504385,-0.0020004834806944686,-2.0917913487707748e-05,0.9999979988121399,50.71546121904872,-0.8590592072919753,-784.1314515107284,73.57760498287317,-89.97564697265625,3875.086669921875,True
1598628909.4209528,0,5,0.5,0.5,-0.0036564147949218755,-0.14,-0.011,-0.56,-0.0002511266403156964,10,1,100,0.021918969688241995,-10,-1,-100,10113.059492130415,-0.0019996601280914523,-2.110939534860018e-05,0.9999980004548835,50.69555601181147,-0.8585940047087786,-783.7215933109434,73.57800655737051,-89.97567749023438,3874.58251953125,True
1598628909.4769862,0,5,0.5,0.5,-0.0036734039306640627,-0.14,-0.011,-0.56,-0.00023176647624491991,10,1,100,0.021942417573444742,-10,-1,-100,10116.01844677073,-0.00199913336988259,-2.1107212105607342e-05,0.9999980015081305,50.675712331744315,-0.8581296118460403,-783.3125022860686,73.5783799516221,-89.97567749023438,3874.078125,True
1598628909.5302505,0,5,0.5,0.5,-0.0036519409179687503,-0.14,-0.011,-0.56,-0.0002227835748832538,10,1,100,0.021877795414737895,-10,-1,-100,10118.950057867682,-0.0019980753007206365,-2.102314607982054e-05,0.9999980036245673,50.655850328396355,-0.8576655459966943,-782.9032114685588,73.57875167117135,-89.9757080078125,3873.573974609375,True
1598628909.5839329,0,5,0.5,0.5,-0.0036688964843750002,-0.14,-0.011,-0.56,-0.0002588315227507698,10,1,100,0.02188992064555705,-10,-1,-100,10121.909989101696,-0.0019972319154674726,-2.1274371295007818e-05,0.9999980053040491,50.636011204389305,-0.8572008900382782,-782.494388285131,73.57912329556598,-89.9757080078125,3873.06982421875,True
1598628909.6951199,0,5,0.5,0.5,-0.00364739990234375,-0.14,-0.011,-0.56,-0.00021053511945842712,10,1,100,0.02186691503078874,-10,-1,-100,10124.841600667685,-0.001996264493514607,-2.1063314721300803e-05,0.9999980072402187,50.61619984773421,-0.8567369928954549,-782.0861517382847,73.57949980848485,-89.97573852539062,3872.56591796875,True
1598628909.8379807,0,5,0.5,0.5,-0.0036429595947265626,-0.14,-0.011,-0.56,-0.00023283623391436397,10,1,100,0.02175020964264343,-10,-1,-100,10130.734119469067,-0.001994331795277439,-2.1073924743983e-05,0.9999980110963123,50.57652241277804,-0.855808887468616,-781.2697012093713,73.58030405323923,-89.97576904296875,3871.55810546875,True
1598628909.902014,0,5,0.5,0.5,-0.0036171234130859377,-0.14,-0.011,-0.56,-0.00025075406610556997,10,1,100,0.021677521545965354,-10,-1,-100,10139.558249634574,-0.001991922757121847,-2.1246210352038162e-05,0.9999980158941958,50.51726369946463,-0.8544221549408281,-780.0518404090343,73.58170525592578,-89.975830078125,3870.046875,True
1598628909.9974313,0,5,0.5,0.5,-0.0036297058105468753,-0.14,-0.011,-0.56,-0.00024231041210484437,10,1,100,0.021824501286663574,-10,-1,-100,10142.490837216028,-0.001991079086596863,-2.1326071758739845e-05,0.9999980175726698,50.49748416893455,-0.8539596684587811,-779.6458844995836,73.58219170567475,-89.97586059570312,3869.54345703125,True
1598628910.0999458,0,5,0.5,0.5,-0.003646527099609375,-0.14,-0.011,-0.56,-0.00021260181428742338,10,1,100,0.021722120868247236,-10,-1,-100,10148.38140299078,-0.0019893916238638595,-2.11281669373095e-05,0.9999980209353254,50.45806249398704,-0.8530372529002697,-778.8361979302043,73.5831425953125,-89.97586059570312,3868.536376953125,True
1598628910.155019,0,5,0.5,0.5,-0.0036249298095703125,-0.14,-0.011,-0.56,-0.0002958372053991768,10,1,100,0.021714014719870597,-10,-1,-100,10154.2739220917,-0.0019877947246466675,-2.1704790240428322e-05,0.9999980240985653,50.418553170247556,-0.8521139507192206,-778.024887978008,73.58402553278445,-89.97589111328125,3867.52978515625,True
1598628910.2192144,0,5,0.5,0.5,-0.003641751098632813,-0.14,-0.011,-0.56,-0.0002281805240364964,10,1,100,0.021799819557042625,-10,-1,-100,10157.205532720545,-0.0019871345772926458,-2.161321716110041e-05,0.9999980254125709,50.3988660065209,-0.8516532176666518,-777.6204464343448,73.58446889760485,-89.97589111328125,3867.0263671875,True
1598628910.2739358,0,5,0.5,0.5,-0.0036415161132812503,-0.14,-0.011,-0.56,-0.00021501624629159912,10,1,100,0.021759331301034524,-10,-1,-100,10160.164487588685,-0.0019861777551441876,-2.140983563511006e-05,0.9999980273178263,50.379139080207956,-0.8511923551965488,-777.2147038556298,73.5848360989477,-89.97589111328125,3866.5234375,True
1598628910.3260043,0,5,0.5,0.5,-0.003662643432617188,-0.14,-0.011,-0.56,-0.00022614473629520843,10,1,100,0.021755282747801967,-10,-1,-100,10163.09609876119,-0.001985282889629601,-2.132583631739755e-05,0.9999980290965863,50.359339855470104,-0.8507306608736103,-776.8075613301244,73.58516381055418,-89.97586059570312,3866.020751953125,True
1598628910.3806562,0,5,0.5,0.5,-0.0036453857421875004,-0.14,-0.011,-0.56,-0.00022448656435646735,10,1,100,0.021773050510242607,-10,-1,-100,10166.02966305369,-0.0019846425301031563,-2.1234123837999825e-05,0.9999980303696301,50.33954197633995,-0.8502685678017499,-776.4007974111582,73.58551686275828,-89.97586059570312,3865.51806640625,True
1598628910.4823222,0,5,0.5,0.5,-0.003645217895507813,-0.14,-0.011,-0.56,-0.00024325598102027473,10,1,100,0.021757593285833522,-10,-1,-100,10168.990570956608,-0.0019839313097530006,-2.1321416505906514e-05,0.9999980317790408,50.31980479407342,-0.8498084419290708,-775.9948594148026,73.58584838466224,-89.97586059570312,3865.01513671875,True
1598628910.5389478,0,5,0.5,0.5,-0.0036237213134765627,-0.14,-0.011,-0.56,-0.0002316269619855366,10,1,100,0.021647380197315012,-10,-1,-100,10174.869417939917,-0.0019822940206152013,-2.1294820483883515e-05,0.9999980350265426,50.28025617886826,-0.848887008980174,-775.1827547202955,73.58657332202601,-89.97589111328125,3864.01025390625,True
1598628910.594962,0,5,0.5,0.5,-0.0036193145751953126,-0.14,-0.011,-0.56,-0.0002463446763765134,10,1,100,0.021730437875773945,-10,-1,-100,10177.830325877178,-0.001981571589180158,-2.140423887128976e-05,0.99999803645602,50.26051479825936,-0.8484268655478837,-774.7778979775973,73.58698852221413,-89.97592163085938,3863.50732421875,True
1598628910.6495306,0,5,0.5,0.5,-0.00361494140625,-0.14,-0.011,-0.56,-0.0002253628381402408,10,1,100,0.021712193655436612,-10,-1,-100,10180.761936862953,-0.0019807583869342715,-2.131282248631182e-05,0.9999980380690634,50.24084413334466,-0.8479682999573159,-774.3739510363467,73.5873756512844,-89.9759521484375,3863.005126953125,True
1598628910.7089536,0,5,0.5,0.5,-0.003631930541992188,-0.14,-0.011,-0.56,-0.00023753146647899007,10,1,100,0.02173102521210682,-10,-1,-100,10183.720891674166,-0.0019801996905892518,-2.1340352620568167e-05,0.9999980391749649,50.22113062662302,-0.8475091824776927,-773.9691278383469,73.58773151255151,-89.9759521484375,3862.5029296875,True
1598628910.8061793,0,5,0.5,0.5,-0.003610467529296875,-0.14,-0.011,-0.56,-0.00022474587043192152,10,1,100,0.021681904439368245,-10,-1,-100,10186.653479376691,-0.0019792535886445873,-2.1248954427933988e-05,0.9999980410499382,50.20139497448582,-0.8470500843468183,-773.56413241066,73.58809320716635,-89.97598266601562,3862.00048828125,True
1598628910.8582175,0,5,0.5,0.5,-0.0036060943603515626,-0.14,-0.011,-0.56,-0.00021122586011509733,10,1,100,0.021588685160828604,-10,-1,-100,10192.545021687867,-0.0019775538126499885,-2.104337037339769e-05,0.999998044417135,50.16200704352676,-0.8461334953332486,-772.7565417831638,73.58889406515543,-89.97601318359375,3860.99609375,True
1598628910.9109101,0,5,0.5,0.5,-0.0036016876220703125,-0.14,-0.011,-0.56,-0.00022985550036721262,10,1,100,0.021679430002382122,-10,-1,-100,10195.477609407972,-0.0019768422246368785,-2.102635418682729e-05,0.9999980458244464,50.14233076913818,-0.8456759167514184,-772.3532399809848,73.58930126270147,-89.97604370117188,3860.494140625,True
1598628910.9632525,0,5,0.5,0.5,-0.003597247314453125,-0.14,-0.011,-0.56,-0.00025585393584802175,10,1,100,0.021664556286995873,-10,-1,-100,10198.409220320522,-0.0019760685976946374,-2.1247582959269082e-05,0.9999980473488124,50.122717738003296,-0.8452196862353406,-771.951034426709,73.58970881911064,-89.97607421875,3859.9921875,True
1598628911.015172,0,5,0.5,0.5,-0.0035927398681640625,-0.14,-0.011,-0.56,-0.0002187312260260498,10,1,100,0.02160646430042695,-10,-1,-100,10201.369151430437,-0.0019748455681346416,-2.1111291984341993e-05,0.999998049767746,50.103057768672606,-0.8447626262752397,-771.5478984823774,73.59008599940553,-89.97610473632812,3859.490234375,True
1598628911.0749831,0,5,0.5,0.5,-0.0035881988525390627,-0.14,-0.011,-0.56,-0.00023293318983130804,10,1,100,0.021625879543636116,-10,-1,-100,10204.301739110495,-0.0019739191316201546,-2.111661152523213e-05,0.9999980515967772,50.08339807609621,-0.8443058868066518,-771.1448629993331,73.5904625733813,-89.97613525390625,3858.988525390625,True
1598628911.1238537,0,5,0.5,0.5,-0.003604986572265625,-0.14,-0.011,-0.56,-0.00024935137269592667,10,1,100,0.02162120947542818,-10,-1,-100,10207.260693805292,-0.0019730435634215788,-2.127088986570213e-05,0.9999980533214282,50.06373885200318,-0.843849480135008,-770.7419433958768,73.59083922231882,-89.97613525390625,3858.48681640625,True
1598628911.1811912,0,5,0.5,0.5,-0.003583355712890625,-0.14,-0.011,-0.56,-0.0002082840197595352,10,1,100,0.021614934194797417,-10,-1,-100,10210.193281567539,-0.00197219895383277,-2.103782508545146e-05,0.9999980549924568,50.044094586378314,-0.843392806302781,-770.3396979259562,73.59124839971125,-89.97616577148438,3857.9853515625,True
1598628911.234801,0,5,0.5,0.5,-0.0035788146972656255,-0.14,-0.011,-0.56,-0.00025670103018707985,10,1,100,0.02159531668831817,-10,-1,-100,10213.124892703258,-0.001971261306543448,-2.1266435756188385e-05,0.9999980568364121,50.02450333786477,-0.84293761145223,-769.9381269977575,73.59163270485305,-89.9761962890625,3857.48388671875,True
1598628911.2880564,0,5,0.5,0.5,-0.0035956359863281253,-0.14,-0.011,-0.56,-0.00024098270772731503,10,1,100,0.021580605634579093,-10,-1,-100,10216.083847308997,-0.0019702837967740645,-2.133141196788784e-05,0.9999980587614813,50.00487070862433,-0.8424824272748057,-769.5360340412711,73.59201664047319,-89.9761962890625,3856.982177734375,True
1598628911.3500452,0,5,0.5,0.5,-0.0035953674316406255,-0.14,-0.011,-0.56,-0.00023506351563606855,10,1,100,0.021581034603456475,-10,-1,-100,10219.017411083216,-0.0019694080656951604,-2.1336678541923902e-05,0.9999980604864276,49.9852617523411,-0.8420274696310722,-769.134404894199,73.59240004987312,-89.9761962890625,3856.48095703125,True
1598628911.4060023,0,5,0.5,0.5,-0.003595132446289063,-0.14,-0.011,-0.56,-0.00024742588489064807,10,1,100,0.021589308007607652,-10,-1,-100,10221.967576899799,-0.0019686961097729397,-2.1453771762349238e-05,0.9999980618858033,49.96568490135538,-0.8415728713551547,-768.733386510336,73.59278303989251,-89.9761962890625,3855.9794921875,True
1598628911.4530516,0,5,0.5,0.5,-0.0035735687255859377,-0.14,-0.011,-0.56,-0.0002166656757902075,10,1,100,0.02153965863395268,-10,-1,-100,10224.92457886471,-0.0019676055716312184,-2.1280208787832854e-05,0.9999980640358597,49.94603395038322,-0.841117328453729,-768.3316339991306,73.59319549429858,-89.97622680664062,3855.478271484375,True
1598628911.5098884,0,5,0.5,0.5,-0.003590457153320313,-0.14,-0.011,-0.56,-0.00022889751011172574,10,1,100,0.021531234891251153,-10,-1,-100,10227.857166133472,-0.0019665459907987357,-2.123339198246721e-05,0.9999980661211345,49.926509428562305,-0.8406636981351779,-767.9316786169964,73.59358236056462,-89.97622680664062,3854.97705078125,True
1598628911.5640483,0,5,0.5,0.5,-0.0035902893066406256,-0.14,-0.011,-0.56,-0.00023906288083520952,10,1,100,0.021551092475124475,-10,-1,-100,10230.817097721505,-0.001965771915901596,-2.128325661232721e-05,0.9999980676420318,49.906880441625844,-0.8402088901595016,-767.5302281540079,73.59396924035808,-89.97622680664062,3854.47607421875,True
1598628911.622972,0,5,0.5,0.5,-0.0035901550292968755,-0.14,-0.011,-0.56,-0.00024370164767261305,10,1,100,0.021505429610980252,-10,-1,-100,10233.750661375583,-0.0019646613432776428,-2.1370602370150888e-05,0.999998069822689,49.88731644737427,-0.839755438892493,-767.1298892812525,73.59435617258353,-89.97622680664062,3853.97509765625,True
1598628911.7253575,0,5,0.5,0.5,-0.003568692016601563,-0.14,-0.011,-0.56,-0.00022000176859099705,10,1,100,0.021542823648067456,-10,-1,-100,10236.681295925751,-0.001964000093764244,-2.1234323257571434e-05,0.9999980711245072,49.8677632269451,-0.8393022409906203,-766.7298453463742,73.59474459933001,-89.97625732421875,3853.474365234375,True
1598628911.8291507,0,5,0.5,0.5,-0.003607009887695313,-0.14,-0.011,-0.56,-0.0002405234777350567,10,1,100,0.021400706108976097,-10,-1,-100,10242.571861836943,-0.001962115201550921,-2.1297027389816228e-05,0.999998074823333,49.82861679084507,-0.8383956749637839,-765.9297939301615,73.59555381513326,-89.97622680664062,3852.47265625,True
1598628911.9314232,0,5,0.5,0.5,-0.0035471282958984378,-0.14,-0.011,-0.56,-0.000259203321654642,10,1,100,0.021333591095113978,-10,-1,-100,10248.46340379503,-0.001959800693733046,-2.152361227084921e-05,0.9999980793571431,49.78963031751425,-0.8374915336634867,-765.1330586651027,73.59640326287311,-89.97628784179688,3851.471435546875,True
1598628911.9909716,0,5,0.5,0.5,-0.0035812072753906255,-0.14,-0.011,-0.56,-0.00024509376984699653,10,1,100,0.021344102106648444,-10,-1,-100,10254.355922888964,-0.001957802569106028,-2.1601096076705455e-05,0.9999980832694095,49.75055906821701,-0.8365863545720752,-764.3360159027861,73.59730730514788,-89.97628784179688,3850.47021484375,True
1598628912.0392022,0,5,0.5,0.5,-0.0035597442626953127,-0.14,-0.011,-0.56,-0.0001904359648005308,10,1,100,0.021453097393247314,-10,-1,-100,10257.287534014904,-0.0019569883049847907,-2.1174401596053427e-05,0.9999980848723755,49.73111828426615,-0.8361355209216385,-763.9393885079355,73.59778531629391,-89.976318359375,3849.9697265625,True
1598628912.090823,0,5,0.5,0.5,-0.003555337524414063,-0.14,-0.011,-0.56,-0.00028202255951945214,10,1,100,0.02143688844079803,-10,-1,-100,10260.236722579924,-0.0019561120014529544,-2.1619250453765296e-05,0.9999980865773923,49.711603263843436,-0.8356834733949329,-763.5410359950528,73.59819411708857,-89.97634887695312,3849.4697265625,True
1598628912.1495302,0,5,0.5,0.5,-0.0035722595214843756,-0.14,-0.011,-0.56,-0.00021356758379574459,10,1,100,0.021419072350829384,-10,-1,-100,10263.196653716965,-0.00195516483752277,-2.1401190109932002e-05,0.9999980884343966,49.69210419792285,-0.835232279478006,-763.1426444815582,73.59856415041085,-89.97634887695312,3848.969482421875,True
1598628912.2462468,0,5,0.5,0.5,-0.0035721252441406255,-0.14,-0.011,-0.56,-0.00023840623739482226,10,1,100,0.021432942720522395,-10,-1,-100,10266.128264972242,-0.0019544411834326375,-2.1428649392509624e-05,0.9999980898484123,49.67256676370382,-0.8347801063183196,-762.7437189451019,73.59892914431373,-89.97634887695312,3848.469482421875,True
1598628912.3520317,0,5,0.5,0.5,-0.0035719909667968753,-0.14,-0.011,-0.56,-0.00024255773120525912,10,1,100,0.021328080067277665,-10,-1,-100,10272.020783485263,-0.001952841023600625,-2.149117572275685e-05,0.9999980929732146,49.633520792460885,-0.8338770069343358,-761.947282472542,73.59972401575276,-89.97634887695312,3847.469482421875,True
1598628912.4529252,0,5,0.5,0.5,-0.0035291320800781255,-0.14,-0.011,-0.56,-0.00025224982972741846,10,1,100,0.021268156948854745,-10,-1,-100,10277.911349346978,-0.0019508533325788607,-2.1635938810355385e-05,0.9999980968497694,49.59454917714867,-0.8329746254548025,-761.1534386013011,73.60061995684559,-89.97640991210938,3846.4697265625,True
1598628912.5073047,0,5,0.5,0.5,-0.0035417480468750004,-0.14,-0.011,-0.56,-0.00021520045987148407,10,1,100,0.021276101341729324,-10,-1,-100,10283.777500846423,-0.0019491311152312974,-2.1430487949081737e-05,0.9999981002125103,49.55565947110192,-0.8320749048713297,-760.3614753850137,73.60153574327968,-89.9764404296875,3845.47021484375,True
1598628912.5591047,0,5,0.5,0.5,-0.003537274169921875,-0.14,-0.011,-0.56,-0.0002527334736765727,10,1,100,0.021365012536009358,-10,-1,-100,10286.734502400388,-0.0019483872639347245,-2.1584745323705127e-05,0.9999981016587824,49.53627266312761,-0.831626469653267,-759.9665038236241,73.6019897472545,-89.97647094726562,3844.970703125,True
1598628912.612157,0,5,0.5,0.5,-0.0035540954589843754,-0.14,-0.011,-0.56,-0.00020350519992622421,10,1,100,0.02136861649058772,-10,-1,-100,10289.667089671246,-0.0019477562786500218,-2.1277187977510595e-05,0.9999981028945806,49.51682171392261,-0.8311768712515848,-759.5699415172253,73.60237267954709,-89.97647094726562,3844.47119140625,True
1598628912.6650085,0,5,0.5,0.5,-0.00353253173828125,-0.14,-0.011,-0.56,-0.0002484594014730018,10,1,100,0.021374984829034646,-10,-1,-100,10291.147544422653,-0.0019472514991180669,-2.1406488971662034e-05,0.9999981038748832,49.507016824830735,-0.8309510276499004,-759.3703660679445,73.6025527853759,-89.97650146484375,3844.2216796875,True
1598628912.7259612,0,5,0.5,0.5,-0.0035280242919921876,-0.14,-0.011,-0.56,-0.00025768026352123526,10,1,100,0.02129264385117698,-10,-1,-100,10295.576209944906,-0.001946053646172118,-2.1608038264151867e-05,0.9999981062023562,49.47783629029548,-0.830277115347831,-758.7748676500776,73.60304189379177,-89.97653198242188,3843.47265625,True
1598628912.8218699,0,5,0.5,0.5,-0.003544879150390625,-0.14,-0.011,-0.56,-0.00024305761156151432,10,1,100,0.02129686442858047,-10,-1,-100,10298.508797554998,-0.0019450129984329352,-2.1657937478901437e-05,0.9999981082258955,49.45834813120341,-0.8298271373225128,-758.3777069944658,73.60339167295025,-89.97653198242188,3842.9736328125,True
1598628912.879921,0,5,0.5,0.5,-0.0035233154296875004,-0.14,-0.011,-0.56,-0.00021792097871004224,10,1,100,0.021206902902662278,-10,-1,-100,10304.399363409844,-0.0019432592129826217,-2.1474750387273902e-05,0.9999981116394503,49.41942662461047,-0.8289288115267526,-757.5853662047151,73.60417412012305,-89.9765625,3841.9755859375,True
1598628912.9869547,0,5,0.5,0.5,-0.003518807983398438,-0.14,-0.011,-0.56,-0.0002401158515107494,10,1,100,0.021273425656404152,-10,-1,-100,10307.359294567723,-0.0019422804381750266,-2.1509921365548625e-05,0.9999981135402319,49.40000299095588,-0.8284805784163689,-757.1901090622134,73.60458363535986,-89.97659301757812,3841.4765625,True
1598628913.083982,0,5,0.5,0.5,-0.0035356292724609377,-0.14,-0.011,-0.56,-0.00025088536988619503,10,1,100,0.021195163316573798,-10,-1,-100,10313.223492605146,-0.0019406902223017167,-2.1639725811054207e-05,0.9999981166248182,49.36113102477676,-0.8275843559653112,-756.399112859001,73.60536081230048,-89.97659301757812,3840.47900390625,True
1598628913.182225,0,5,0.5,0.5,-0.003535360717773438,-0.14,-0.011,-0.56,-0.00025300076112647475,10,1,100,0.021156598788785112,-10,-1,-100,10319.116988392314,-0.0019389050310745367,-2.177682563634519e-05,0.9999981200847581,49.32234064435266,-0.8266897143325019,-755.6107420291219,73.606235262689,-89.97659301757812,3839.4814453125,True
1598628913.2345424,0,5,0.5,0.5,-0.0035351593017578127,-0.14,-0.011,-0.56,-0.00019703344995018415,10,1,100,0.021158963668226494,-10,-1,-100,10325.024155245279,-0.0019373144909552078,-2.139254002425618e-05,0.9999981231757,49.28360146364673,-0.8257965016876695,-754.8237615908457,73.60713001733583,-89.97659301757812,3838.484130859375,True
1598628913.286975,0,5,0.5,0.5,-0.0035349914550781253,-0.14,-0.011,-0.56,-0.00024668539319994956,10,1,100,0.021264169607425866,-10,-1,-100,10327.958695629146,-0.0019368357054069722,-2.1494605268195696e-05,0.9999981241009566,49.26422882542793,-0.8253500585697282,-754.4297162008,73.60751215214434,-89.97659301757812,3837.98583984375,True
1598628913.3401937,0,5,0.5,0.5,-0.003513494873046875,-0.14,-0.011,-0.56,-0.0002616587574184741,10,1,100,0.021191991524184824,-10,-1,-100,10330.914720357745,-0.0019357547828414102,-2.1723595291995943e-05,0.9999981261889975,49.24487759844605,-0.8249035081162084,-754.0360169821973,73.60788587232385,-89.97662353515625,3837.487548828125,True
1598628913.442971,0,5,0.5,0.5,-0.0035304168701171877,-0.14,-0.011,-0.56,-0.00022544669509312485,10,1,100,0.021231598356051432,-10,-1,-100,10333.848284423235,-0.00193514309852224,-2.1602161649479824e-05,0.9999981273755141,49.225465681095365,-0.8244569460799769,-753.6410910541715,73.60821995368923,-89.97662353515625,3836.9892578125,True
1598628913.548014,0,5,0.5,0.5,-0.0035302825927734376,-0.14,-0.011,-0.56,-0.00022892659629943969,10,1,100,0.021142361898464145,-10,-1,-100,10339.738850480528,-0.0019337867889818333,-2.1523225010270016e-05,0.9999981300009545,49.18660880844293,-0.8235625021186167,-752.851376722533,73.60892256937234,-89.97662353515625,3835.9931640625,True
1598628913.6488612,0,5,0.5,0.5,-0.003487457275390625,-0.14,-0.011,-0.56,-0.00023962770683829077,10,1,100,0.021090543568912056,-10,-1,-100,10345.604024860892,-0.0019320938562738903,-2.154882435520873e-05,0.999998133272747,49.14783101067079,-0.8226713346782744,-752.0642964555764,73.60972986725734,-89.9766845703125,3834.997314453125,True
1598628913.7119713,0,5,0.5,0.5,-0.0035001068115234376,-0.14,-0.011,-0.56,-0.00022755620986848561,10,1,100,0.021094705025040735,-10,-1,-100,10351.496543523856,-0.0019306044026334384,-2.1462454799176325e-05,0.9999981361512648,49.10919602630426,-0.8217830006538052,-751.2807109542921,73.61063027105746,-89.97671508789062,3834.00146484375,True
1598628913.7574012,0,5,0.5,0.5,-0.00349566650390625,-0.14,-0.011,-0.56,-0.00020889784909151334,10,1,100,0.021166058457934157,-10,-1,-100,10354.472100047511,-0.0019299105258141942,-2.121432673716357e-05,0.9999981374959228,49.089936413289955,-0.8213404221048115,-750.8899387061173,73.61107926996323,-89.97674560546875,3833.50390625,True
1598628913.8110309,0,5,0.5,0.5,-0.003512588500976563,-0.14,-0.011,-0.56,-0.0002498353669162555,10,1,100,0.021146677756358895,-10,-1,-100,10357.403710936196,-0.0019291147858845252,-2.1361183747039073e-05,0.9999981390281898,49.07057432857774,-0.8208958891480614,-750.497635842243,73.61152188389059,-89.97674560546875,3833.006103515625,True
1598628913.9129152,0,5,0.5,0.5,-0.0034910583496093753,-0.14,-0.011,-0.56,-0.00024471379745159795,10,1,100,0.021143158491121323,-10,-1,-100,10360.336297887028,-0.0019283699157521365,-2.1448383617305384e-05,0.9999981404629884,49.05133456797333,-0.8204534627688478,-750.1062673208841,73.6118604241886,-89.97677612304688,3832.5087890625,True
1598628913.9742293,0,5,0.5,0.5,-0.00348658447265625,-0.14,-0.011,-0.56,-0.0002297289419200064,10,1,100,0.021049297554745675,-10,-1,-100,10366.227840115083,-0.0019268490572241159,-2.139172885091396e-05,0.9999981433958289,49.01262436894287,-0.8195658846487848,-749.3203721736907,73.61254391240038,-89.976806640625,3831.51416015625,True
1598628914.0219254,0,5,0.5,0.5,-0.0034607147216796875,-0.14,-0.011,-0.56,-0.0002573028291230453,10,1,100,0.021095987047676755,-10,-1,-100,10369.160427319817,-0.0019259004225286806,-2.159089695710697e-05,0.9999981452189777,48.993288964270754,-0.8191225170774236,-748.9283661041504,73.6129359024611,-89.97686767578125,3831.016845703125,True
1598628914.0831034,0,5,0.5,0.5,-0.00349459228515625,-0.14,-0.011,-0.56,-0.00022732011397031193,10,1,100,0.021093193429299363,-10,-1,-100,10372.121335094096,-0.0019250225719865616,-2.1499301196176753e-05,0.9999981469112217,48.97398134264905,-0.818679789098576,-748.5372485319414,73.61336463388972,-89.97686767578125,3830.51953125,True
1598628914.1862173,0,5,0.5,0.5,-0.00347296142578125,-0.14,-0.011,-0.56,-0.00024113384475057313,10,1,100,0.02108333716875848,-10,-1,-100,10375.050992970122,-0.0019241446802259498,-2.154181559705695e-05,0.9999981485998861,48.95473712304455,-0.8182382494560112,-748.1464389598532,73.61371646072871,-89.97689819335938,3830.0224609375,True
1598628914.2402627,0,5,0.5,0.5,-0.0034683868408203126,-0.14,-0.011,-0.56,-0.00024130808444490306,10,1,100,0.02100609686846533,-10,-1,-100,10380.95913614682,-0.0019226544108211798,-2.158210390967142e-05,0.9999981514654062,48.91617069415868,-0.8173546128878107,-747.364518234382,73.6144784181638,-89.9769287109375,3829.028564453125,True
1598628914.2899895,0,5,0.5,0.5,-0.0034851409912109374,-0.14,-0.011,-0.56,-0.00021247851276902087,10,1,100,0.02104963846426957,-10,-1,-100,10383.8917238937,-0.001921705573486119,-2.1356589106904372e-05,0.9999981532940873,48.89691365122913,-0.8169130567943962,-746.9741284382908,73.61486119366631,-89.9769287109375,3828.53173828125,True
1598628914.3459144,0,5,0.5,0.5,-0.0034848724365234376,-0.14,-0.011,-0.56,-0.00027818568496418544,10,1,100,0.021054687851966087,-10,-1,-100,10386.853608108708,-0.0019208983415085663,-2.174908833820701e-05,0.9999981548365671,48.87762737832423,-0.816471363134404,-746.5840041966595,73.61530596419043,-89.9769287109375,3828.034912109375,True
1598628914.3999379,0,5,0.5,0.5,-0.0034632751464843754,-0.14,-0.011,-0.56,-0.00022724018192052834,10,1,100,0.02103444034038196,-10,-1,-100,10389.785218933132,-0.001919989249661049,-2.1642504308504316e-05,0.9999981565847426,48.85843684988404,-0.8160316308536296,-746.1944957155815,73.61565427470761,-89.97695922851562,3827.5380859375,True
1598628914.5062642,0,5,0.5,0.5,-0.0035014923095703127,-0.14,-0.011,-0.56,-0.0001861044754268786,10,1,100,0.021017781393944425,-10,-1,-100,10392.743196833064,-0.0019190203769012858,-2.117125951558565e-05,0.9999981584545896,48.8391936600287,-0.8155911997702399,-745.8042974129196,73.61600254139674,-89.9769287109375,3827.041748046875,True
1598628914.576543,0,5,0.5,0.5,-0.0034628387451171878,-0.14,-0.011,-0.56,-0.0002515591263292733,10,1,100,0.020913636450765227,-10,-1,-100,10398.60837179469,-0.0019172019880080386,-2.1338070097709956e-05,0.9999981619389227,48.80064243103322,-0.8147093069467282,-745.0235325938255,73.61673115860808,-89.97695922851562,3826.048828125,True
1598628914.6711576,0,5,0.5,0.5,-0.003479727172851563,-0.14,-0.011,-0.56,-0.0002567543465411875,10,1,100,0.0209977500281018,-10,-1,-100,10401.58295130229,-0.0019163237287424591,-2.1537045641130904e-05,0.9999981636180749,48.78146082864297,-0.8142699331767703,-744.6350040205938,73.61712188485502,-89.97695922851562,3825.55224609375,True
1598628914.732997,0,5,0.5,0.5,-0.0034795593261718757,-0.14,-0.011,-0.56,-0.000210998388933524,10,1,100,0.02088910268271937,-10,-1,-100,10407.448125939933,-0.0019145471765688936,-2.1301837141634627e-05,0.9999981670259902,48.74304218142309,-0.8133905905619003,-743.8580344498573,73.61796698317798,-89.97695922851562,3824.5595703125,True
1598628914.8331447,0,5,0.5,0.5,-0.0034580963134765628,-0.14,-0.011,-0.56,-0.0002768340563583132,10,1,100,0.020987991669554944,-10,-1,-100,10410.407080442994,-0.0019138414410604845,-2.168678008215016e-05,0.9999981683686336,48.72386712798966,-0.8129518078343902,-743.4699863353854,73.61836462927918,-89.97698974609375,3824.0634765625,True
1598628914.8889089,0,5,0.5,0.5,-0.003475051879882813,-0.14,-0.011,-0.56,-0.0002305369695877947,10,1,100,0.020854208633598072,-10,-1,-100,10416.29959873925,-0.0019119938185722556,-2.1615675167535957e-05,0.9999981719045292,48.685526220156646,-0.8120749056494229,-742.694867023955,73.61921398824677,-89.97698974609375,3823.0712890625,True
1598628914.9931664,0,5,0.5,0.5,-0.0034535888671875003,-0.14,-0.011,-0.56,-0.0002283990155456821,10,1,100,0.020902890656192292,-10,-1,-100,10419.232186342939,-0.0019107677718444075,-2.153153124516704e-05,0.999998174249791,48.66640381787873,-0.8116377570543096,-742.3081676824258,73.61963545783311,-89.97702026367188,3822.57568359375,True
1598628915.1000648,0,5,0.5,0.5,-0.003449215698242188,-0.14,-0.011,-0.56,-0.0002486158324726209,10,1,100,0.02086024254672304,-10,-1,-100,10425.1413062762,-0.0019092762798593494,-2.1638871990226108e-05,0.9999981770962616,48.62803142256071,-0.8107612097030449,-741.5323285462769,73.62039536635734,-89.97705078125,3821.583984375,True
1598628915.2094197,0,5,0.5,0.5,-0.0034448089599609377,-0.14,-0.011,-0.56,-0.0002595545018767916,10,1,100,0.020791226925916083,-10,-1,-100,10431.005504448782,-0.001907304262677985,-2.1835640314060156e-05,0.9999981808551727,48.58972218131973,-0.8098861767002834,-740.7587154112119,73.6212430602444,-89.97708129882812,3820.5927734375,True
1598628915.2634046,0,5,0.5,0.5,-0.0034617309570312504,-0.14,-0.011,-0.56,-0.00021317053403247237,10,1,100,0.020813959569961942,-10,-1,-100,10436.898022852722,-0.0019057305384397346,-2.1592769489891977e-05,0.9999981838607843,48.55145323251333,-0.8090120182358634,-739.9863800682832,73.62211771277363,-89.97708129882812,3819.6015625,True
1598628915.367988,0,5,0.5,0.5,-0.003440234375,-0.14,-0.011,-0.56,-0.0002569001858293712,10,1,100,0.020880058574295063,-10,-1,-100,10439.856000951142,-0.001904913742545464,-2.176956533409145e-05,0.9999981854132134,48.53234780743169,-0.8085749514414637,-739.600195157001,73.62249235123375,-89.97711181640625,3819.106201171875,True
1598628915.4239502,0,5,0.5,0.5,-0.0034357604980468754,-0.14,-0.011,-0.56,-0.00026011248784004793,10,1,100,0.020799610264525873,-10,-1,-100,10445.736800430808,-0.0019034526767658215,-2.1958947659989393e-05,0.9999981881912148,48.494028468425405,-0.8077002344775654,-738.8261507213851,73.62320964254833,-89.97714233398438,3818.115966796875,True
1598628915.484878,0,5,0.5,0.5,-0.0034526489257812503,-0.14,-0.011,-0.56,-0.00022461155125022228,10,1,100,0.020865681439466405,-10,-1,-100,10448.695755026303,-0.0019027375815667351,-2.1807813189477944e-05,0.9999981895554186,48.47489095022162,-0.8072635637916881,-738.4398786399123,73.62359707018402,-89.97714233398438,3817.62060546875,True
1598628915.5818477,0,5,0.5,0.5,-0.0034310852050781254,-0.14,-0.011,-0.56,-0.0002337683110373432,10,1,100,0.020844747962840963,-10,-1,-100,10451.627365804161,-0.0019019095417320397,-2.1753415334761046e-05,0.999998191131806,48.455794620914034,-0.8068272540108918,-738.0540838359458,73.62395947500296,-89.9771728515625,3817.125732421875,True
1598628915.686144,0,5,0.5,0.5,-0.003426577758789063,-0.14,-0.011,-0.56,-0.0002559721136214474,10,1,100,0.020767725690216773,-10,-1,-100,10457.519884246518,-0.0019004680645264937,-2.1905404964698336e-05,0.9999981938690135,48.41750212582742,-0.8059530583231276,-737.2810190452435,73.6246586539241,-89.97720336914062,3816.13623046875,True
1598628915.749214,0,5,0.5,0.5,-0.0034220703125000004,-0.14,-0.011,-0.56,-0.0002558804797405498,10,1,100,0.02074635548274745,-10,-1,-100,10463.411426205887,-0.0018989755137049436,-2.2042545570376304e-05,0.9999981967014362,48.379249602093836,-0.8050805640719094,-736.5102879254582,73.62549447378888,-89.97723388671875,3815.146484375,True
1598628915.8552356,0,5,0.5,0.5,-0.0034388916015625002,-0.14,-0.011,-0.56,-0.00022230802798925637,10,1,100,0.020801011364695695,-10,-1,-100,10466.359638526337,-0.0018981273557983978,-2.1861626677432843e-05,0.999998198315682,48.36026051369418,-0.8046464961645391,-736.1273488070075,73.62593235688632,-89.97723388671875,3814.65185546875,True
1598628915.9520197,0,5,0.5,0.5,-0.0034386566162109377,-0.14,-0.011,-0.56,-0.00024897338122021744,10,1,100,0.020709155176564627,-10,-1,-100,10472.250203628559,-0.001896532738187661,-2.1939267171918193e-05,0.9999982013395031,48.322098072076926,-0.8037756668093822,-735.3583120089361,73.62674281411661,-89.97723388671875,3813.66259765625,True
1598628916.0532854,0,5,0.5,0.5,-0.003417092895507813,-0.14,-0.011,-0.56,-0.0002727353396457701,10,1,100,0.020671706392867188,-10,-1,-100,10478.14174537512,-0.0018947542273639888,-2.2225594156971996e-05,0.9999982047046089,48.28393818137743,-0.8029054771665519,-734.5896192824595,73.62754593755335,-89.97726440429688,3812.674072265625,True
1598628916.1562195,0,5,0.5,0.5,-0.0034126190185546877,-0.14,-0.011,-0.56,-0.00023955745343226298,10,1,100,0.020684059156614962,-10,-1,-100,10484.023521188647,-0.0018932611063177337,-2.2183919765222742e-05,0.999998207533522,48.24589989156728,-0.8020373122515775,-733.8237386463086,73.62840568567228,-89.977294921875,3811.685546875,True
1598628916.2190447,0,5,0.5,0.5,-0.003408111572265625,-0.14,-0.011,-0.56,-0.00023510399440561586,10,1,100,0.020653253055551178,-10,-1,-100,10489.915063134045,-0.0018916350039315784,-2.2105010554049055e-05,0.9999982106125893,48.207858223435295,-0.8011686647696092,-733.057514186998,73.6291951278062,-89.97732543945312,3810.697265625,True
1598628916.268939,0,5,0.5,0.5,-0.0034249664306640628,-0.14,-0.011,-0.56,-0.00020508565568445373,10,1,100,0.020694168351637107,-10,-1,-100,10492.847650627838,-0.0018905407578527764,-2.176007596895336e-05,0.9999982126894736,48.18886612195887,-0.8007353627116163,-732.675232312066,73.62961571272372,-89.97732543945312,3810.203369140625,True
1598628916.326226,0,5,0.5,0.5,-0.003403402709960938,-0.14,-0.011,-0.56,-0.00027867202897719607,10,1,100,0.020741588947542827,-10,-1,-100,10495.809534863103,-0.0018899888231247476,-2.2115646895792234e-05,0.9999982137249779,48.16978236565938,-0.8003004643590842,-732.291604156504,73.63003126387522,-89.97735595703125,3809.70947265625,True
1598628916.440134,0,5,0.5,0.5,-0.0034202575683593755,-0.14,-0.011,-0.56,-0.00024618245267226866,10,1,100,0.020736981034937124,-10,-1,-100,10498.738215484773,-0.0018894567639468896,-2.2143253559504313e-05,0.9999982147298132,48.15078746790923,-0.7998668489085164,-731.908506022717,73.63035243354057,-89.97735595703125,3809.216064453125,True
1598628916.4929924,0,5,0.5,0.5,-0.0033986938476562503,-0.14,-0.011,-0.56,-0.0002675403460232846,10,1,100,0.020594196602800763,-10,-1,-100,10504.648312083213,-0.001887686354200129,-2.236215879495658e-05,0.9999982180684934,48.11265256050554,-0.7989974926324659,-731.1404862342384,73.63100570822871,-89.97738647460938,3808.22900390625,True
1598628916.5530193,0,5,0.5,0.5,-0.003394219970703125,-0.14,-0.011,-0.56,-0.00022989583564215826,10,1,100,0.02068560902527941,-10,-1,-100,10507.57894657494,-0.0018869195325531766,-2.221852550205726e-05,0.9999982195189223,48.09368261111591,-0.7985649844856606,-730.7585875477735,73.63138277570523,-89.9774169921875,3807.7353515625,True
1598628916.6220794,0,5,0.5,0.5,-0.0034111083984375004,-0.14,-0.011,-0.56,-0.00025796979067031555,10,1,100,0.020687931077590767,-10,-1,-100,10510.540830155252,-0.0018862544915143702,-2.234300757246687e-05,0.9999982207708088,48.074674624962235,-0.7981318870804665,-730.3760315103113,73.63174096667505,-89.9774169921875,3807.241943359375,True
1598628916.675073,0,5,0.5,0.5,-0.003410906982421875,-0.14,-0.011,-0.56,-0.0002248414074259904,10,1,100,0.020641859202491626,-10,-1,-100,10513.473417637753,-0.0018852418670366304,-2.215456835162262e-05,0.9999982226845594,48.055688794829805,-0.7976992478595555,-729.9936855800123,73.63207593911667,-89.9774169921875,3806.74853515625,True
1598628916.785318,0,5,0.5,0.5,-0.0033893432617187504,-0.14,-0.011,-0.56,-0.00024347885271217132,10,1,100,0.020657628646301683,-10,-1,-100,10516.404051783727,-0.0018844749223380047,-2.2152495561475215e-05,0.99999822413019,48.0366946921947,-0.7972667305725494,-729.6113575989144,73.63241511769881,-89.97744750976562,3806.25537109375,True
1598628916.8917265,0,5,0.5,0.5,-0.0034062316894531252,-0.14,-0.011,-0.56,-0.00021943842935809695,10,1,100,0.020543124899821786,-10,-1,-100,10522.311218682094,-0.0018827461015576423,-2.193212835684553e-05,0.9999982273914783,47.99865786913597,-0.7964013880392874,-728.8466101169813,73.63312987721284,-89.97744750976562,3805.26904296875,True
1598628916.9469085,0,5,0.5,0.5,-0.0033847015380859377,-0.14,-0.011,-0.56,-0.00025570992910177003,10,1,100,0.020517948031514636,-10,-1,-100,10528.204713300569,-0.0018809551247770298,-2.2061764342495916e-05,0.9999982307589833,47.96077103451045,-0.7955396961268693,-728.0859032733091,73.63398741767794,-89.97747802734375,3804.283203125,True
1598628917.050095,0,5,0.5,0.5,-0.0034016235351562504,-0.14,-0.011,-0.56,-0.00023267544220445386,10,1,100,0.020602581612680866,-10,-1,-100,10531.136324339896,-0.0018801060692408519,-2.197025012694026e-05,0.9999982323576759,47.941920614087294,-0.7951104712087591,-727.7073255356462,73.63443759393948,-89.97747802734375,3803.7900390625,True
1598628917.1122746,0,5,0.5,0.5,-0.003380093383789063,-0.14,-0.011,-0.56,-0.0002520041879370769,10,1,100,0.02049500966728305,-10,-1,-100,10537.027865800774,-0.0018783657598758117,-2.2062580188406246e-05,0.9999982356261008,47.90405792803128,-0.7942498015425165,-726.9467249356944,73.63520388931326,-89.97750854492188,3802.8046875,True
1598628917.2099245,0,5,0.5,0.5,-0.003375653076171875,-0.14,-0.011,-0.56,-0.00021794340267706813,10,1,100,0.02056545902522135,-10,-1,-100,10539.976077932515,-0.0018774346755827133,-2.1836921348018325e-05,0.9999982373795406,47.885111840419064,-0.7938194716139261,-726.5665492439265,73.63560893331739,-89.9775390625,3802.31201171875,True
1598628917.2719584,0,5,0.5,0.5,-0.00337117919921875,-0.14,-0.011,-0.56,-0.00025393422514903444,10,1,100,0.020458113284070323,-10,-1,-100,10545.866643052199,-0.0018756232941134002,-2.1959244726693986e-05,0.9999982407759775,47.84728962205923,-0.7929614131861653,-725.8075050097492,73.63641235547476,-89.97756958007812,3801.326904296875,True
1598628917.3268566,0,5,0.5,0.5,-0.003388067626953125,-0.14,-0.011,-0.56,-0.00023732613356963696,10,1,100,0.020550222339923128,-10,-1,-100,10548.826573999133,-0.0018748249051582198,-2.191983143301212e-05,0.999998242274003,47.8284032369564,-0.7925328932963025,-725.4284942333716,73.63681187495641,-89.97756958007812,3800.83447265625,True
1598628917.4260578,0,5,0.5,0.5,-0.0033878997802734376,-0.14,-0.011,-0.56,-0.00025575033636955483,10,1,100,0.02051740465051733,-10,-1,-100,10551.75916123914,-0.0018738117495019986,-2.2051765458817902e-05,0.9999982441700821,47.809519072369035,-0.792104607486583,-725.0498633871531,73.63723693212721,-89.97756958007812,3800.342041015625,True
1598628917.4879725,0,5,0.5,0.5,-0.00336636962890625,-0.14,-0.011,-0.56,-0.0002543326232812373,10,1,100,0.02042938864873821,-10,-1,-100,10557.670233990997,-0.0018721018650183622,-2.215908194703268e-05,0.9999982473702552,47.77174127375798,-0.7912477782966227,-724.2914571990797,73.63795146387035,-89.97760009765625,3799.357666015625,True
1598628917.5360632,0,5,0.5,0.5,-0.003383258056640625,-0.14,-0.011,-0.56,-0.00019583690289236015,10,1,100,0.020491012213335952,-10,-1,-100,10560.599891770515,-0.0018711195842586888,-2.172485901133322e-05,0.9999982492182334,47.75284728039729,-0.7908202415234776,-723.9126254727087,73.6383389548522,-89.97760009765625,3798.865478515625,True
1598628917.5940447,0,5,0.5,0.5,-0.0033617279052734375,-0.14,-0.011,-0.56,-0.0002725617517163423,10,1,100,0.02049324049879775,-10,-1,-100,10563.55884613085,-0.0018702590001068923,-2.202799827414277e-05,0.9999982508214902,47.73395126991636,-0.7903925247643712,-723.5342030424125,73.63876159683988,-89.97763061523438,3798.37353515625,True
1598628917.6501608,0,5,0.5,0.5,-0.0033572540283203127,-0.14,-0.011,-0.56,-0.00021253074781191797,10,1,100,0.02048800983605559,-10,-1,-100,10566.490456554922,-0.001869440451308922,-2.175775586855005e-05,0.9999982523579725,47.71511116683745,-0.789965595069943,-723.1558662835243,73.6390954343546,-89.9776611328125,3797.881591796875,True
1598628917.7539048,0,5,0.5,0.5,-0.0033741424560546876,-0.14,-0.011,-0.56,-0.00023190128002761662,10,1,100,0.02047744963559743,-10,-1,-100,10569.424020292587,-0.0018686107821006641,-2.1688453073130245e-05,0.9999982539101537,47.696242899908626,-0.7895384223333693,-722.7772170403885,73.63943038422602,-89.9776611328125,3797.389892578125,True
1598628917.8189144,0,5,0.5,0.5,-0.0033312164306640623,-0.14,-0.011,-0.56,-0.00025719142501442804,10,1,100,0.02035773463781462,-10,-1,-100,10575.332163760206,-0.0018667786694652588,-2.1855617119950353e-05,0.9999982573283472,47.65845966507721,-0.7886841584271835,-722.0198331036094,73.64013486698815,-89.97772216796875,3796.406494140625,True
1598628917.8769531,0,5,0.5,0.5,-0.0033651611328125,-0.14,-0.011,-0.56,-0.00027050056646219206,10,1,100,0.02041466179442491,-10,-1,-100,10578.263774316874,-0.0018656411658480843,-2.2128764778465083e-05,0.9999982594451643,47.63962045965182,-0.7882580478170967,-721.6422548429869,73.64050411838512,-89.97772216796875,3795.9150390625,True
1598628917.9343214,0,5,0.5,0.5,-0.0033435974121093755,-0.14,-0.011,-0.56,-0.00023970272637716288,10,1,100,0.020448370494330393,-10,-1,-100,10581.222728691762,-0.0018649242357495525,-2.209683515504144e-05,0.9999982607831499,47.62081589165943,-0.7878326624666926,-721.2653790320508,73.6408809666561,-89.97775268554688,3795.42333984375,True
1598628918.0362442,0,5,0.5,0.5,-0.0033604858398437504,-0.14,-0.011,-0.56,-0.00020415426197426033,10,1,100,0.02041650713149977,-10,-1,-100,10584.156292245374,-0.0018639925405963941,-2.1744515284240516e-05,0.9999982625279831,47.60193532246628,-0.7874067732856832,-720.8875241361467,73.64126549835531,-89.97775268554688,3794.931884765625,True
1598628918.1391325,0,5,0.5,0.5,-0.0033602844238281256,-0.14,-0.011,-0.56,-0.00027084484361149973,10,1,100,0.020305797471672875,-10,-1,-100,10590.063458528486,-0.0018621489411537891,-2.203066188580437e-05,0.9999982659564819,47.56427942915758,-0.7865567826094763,-720.1336917436092,73.64203105695104,-89.97775268554688,3793.94921875,True
1598628918.2409651,0,5,0.5,0.5,-0.0033387207031250004,-0.14,-0.011,-0.56,-0.00023929783208233844,10,1,100,0.02028398660190945,-10,-1,-100,10595.955977010773,-0.0018602852635793427,-2.200402333111824e-05,0.9999982694257832,47.526687112940074,-0.7857084302327243,-719.3818648158465,73.64286346375194,-89.977783203125,3792.966796875,True
1598628918.3030121,0,5,0.5,0.5,-0.0033342468261718756,-0.14,-0.011,-0.56,-0.00020212808428382112,10,1,100,0.020246130842353032,-10,-1,-100,10601.83579983993,-0.0018582576103351868,-2.1642040627431524e-05,0.9999982732036469,47.489157826927276,-0.7848619813589951,-718.6318927816443,73.64374804147252,-89.97781372070312,3791.984375,True
1598628918.3511539,0,5,0.5,0.5,-0.003351101684570313,-0.14,-0.011,-0.56,-0.00025530837561927265,10,1,100,0.020342901092503616,-10,-1,-100,10604.794754361734,-0.0018573057114545262,-2.179649792566034e-05,0.9999982749687156,47.470449352107195,-0.7844397001357911,-718.257860788063,73.64418525581316,-89.97781372070312,3791.49365234375,True
1598628918.4558513,0,5,0.5,0.5,-0.003329537963867188,-0.14,-0.011,-0.56,-0.0002789138101842401,10,1,100,0.020362274609185278,-10,-1,-100,10607.727341456222,-0.0018566282474316248,-2.215171896586668e-05,0.9999982762189404,47.45166157883609,-0.7840159666656965,-717.8826986182609,73.6446188961252,-89.97784423828125,3791.002685546875,True
1598628918.5121899,0,5,0.5,0.5,-0.003346426391601563,-0.14,-0.011,-0.56,-0.00019870305292466974,10,1,100,0.02022368162431097,-10,-1,-100,10613.618882999523,-0.0018547640822791092,-2.1745100333606064e-05,0.999998279687195,47.41407415655337,-0.7831692055413574,-717.1307377207282,73.64530168100961,-89.97784423828125,3790.021484375,True
1598628918.5663612,0,5,0.5,0.5,-0.003346224975585938,-0.14,-0.011,-0.56,-0.00023913848167696889,10,1,100,0.02031518732876899,-10,-1,-100,10616.571001471952,-0.0018539138446353692,-2.1742990340880516e-05,0.9999982812638726,47.39531452726933,-0.7827464544456749,-716.7558228279645,73.64568642736675,-89.97784423828125,3789.53076171875,True
1598628918.6201262,0,5,0.5,0.5,-0.003324728393554688,-0.14,-0.011,-0.56,-0.00022844429599034634,10,1,100,0.020287374542965857,-10,-1,-100,10619.52604934154,-0.0018528997531108771,-2.164395468377806e-05,0.9999982831455483,47.37654570047005,-0.7823243942564081,-716.3805979692618,73.6460422592838,-89.97787475585938,3789.040283203125,True
1598628918.675963,0,5,0.5,0.5,-0.0033416503906250005,-0.14,-0.011,-0.56,-0.0002839376502903485,10,1,100,0.020330985650242196,-10,-1,-100,10622.459613173618,-0.0018523858994390666,-2.2058848043771015e-05,0.9999982840884711,47.35776744779842,-0.7819020362862888,-716.0050763914751,73.64637160906405,-89.97787475585938,3788.5498046875,True
1598628918.7378619,0,5,0.5,0.5,-0.0033201538085937503,-0.14,-0.011,-0.56,-0.00021353549619715262,10,1,100,0.020267367312245772,-10,-1,-100,10625.392200096394,-0.0018513518096977355,-2.1796038776654894e-05,0.9999982860092359,47.33899577196696,-0.7814800621958837,-715.6297594540501,73.64670251376612,-89.9779052734375,3788.0595703125,True
1598628918.8370957,0,5,0.5,0.5,-0.003337075805664063,-0.14,-0.011,-0.56,-0.00022728647583971062,10,1,100,0.020272558764321207,-10,-1,-100,10628.351154424017,-0.001850470414707119,-2.1682083327397662e-05,0.9999982876430997,47.32019699919533,-0.7810576667793313,-715.2541955541675,73.64703912884885,-89.9779052734375,3787.5693359375,True
1598628918.897384,0,5,0.5,0.5,-0.0032941833496093753,-0.14,-0.011,-0.56,-0.00023979919349821773,10,1,100,0.02015660033325111,-10,-1,-100,10634.260274445987,-0.001848625595820873,-2.1692556332748795e-05,0.9999982910549594,47.28266483518734,-0.780214545095894,-714.5050288124468,73.64778624403154,-89.97796630859375,3786.589111328125,True
1598628919.0050101,0,5,0.5,0.5,-0.0033281616210937503,-0.14,-0.011,-0.56,-0.00023929659844360972,10,1,100,0.020257559376674936,-10,-1,-100,10637.192861376796,-0.0018478768969261007,-2.1697791352570088e-05,0.999998292438632,47.26394081512685,-0.7797938759477665,-714.131548514676,73.64819353625889,-89.97796630859375,3786.09912109375,True
1598628919.0661986,0,5,0.5,0.5,-0.0033066314697265627,-0.14,-0.011,-0.56,-0.00027762272717907547,10,1,100,0.020148644458624656,-10,-1,-100,10643.083426263533,-0.001846215562960768,-2.2050919131161735e-05,0.9999982954994734,47.22651662086875,-0.7789531105340346,-713.3847912069317,73.64896010686319,-89.97799682617188,3785.119140625,True
1598628919.162998,0,5,0.5,0.5,-0.003344882202148438,-0.14,-0.011,-0.56,-0.00023063510026878593,10,1,100,0.020214497611197396,-10,-1,-100,10646.0345681943,-0.001845314006332485,-2.194455284778287e-05,0.9999982971658776,47.20782997057192,-0.778533477753216,-713.0121959162371,73.6493692056597,-89.97796630859375,3784.62939453125,True
1598628919.2669528,0,5,0.5,0.5,-0.003306295776367188,-0.14,-0.011,-0.56,-0.00025715303555767403,10,1,100,0.02011514807746752,-10,-1,-100,10651.9231799423,-0.001843601517492046,-2.2089116698353873e-05,0.9999983003213132,47.170430565547534,-0.7776947693731849,-712.2668410971319,73.6501817517864,-89.97799682617188,3783.64990234375,True
1598628919.3233166,0,5,0.5,0.5,-0.0033232177734375005,-0.14,-0.011,-0.56,-0.00021276985465187805,10,1,100,0.020116127038381854,-10,-1,-100,10657.81569790293,-0.0018420637568861292,-2.1816742175761412e-05,0.999998303161133,47.133043067069984,-0.7768564549443183,-711.5222808834012,73.65102024066063,-89.97799682617188,3782.6708984375,True
1598628919.425351,0,5,0.5,0.5,-0.0033230499267578126,-0.14,-0.011,-0.56,-0.0002422105403969663,10,1,100,0.020179506632992388,-10,-1,-100,10660.765863204258,-0.0018412527436387999,-2.183670452396463e-05,0.9999983046543091,47.11442766392452,-0.7764383935003598,-711.1514354054759,73.65145229799177,-89.97799682617188,3782.18115234375,True
1598628919.483342,0,5,0.5,0.5,-0.003301553344726563,-0.14,-0.011,-0.56,-0.0002291164941956426,10,1,100,0.020095863041957908,-10,-1,-100,10666.654474654933,-0.001839765650776798,-2.1735640102464446e-05,0.9999983073935237,47.077028008055215,-0.7756007394352721,-710.4061112096983,73.6521704509706,-89.97802734375,3781.20263671875,True
1598628919.5460317,0,5,0.5,0.5,-0.0032757507324218753,-0.14,-0.011,-0.56,-0.00025944712216227373,10,1,100,0.02018793333985789,-10,-1,-100,10669.589014928672,-0.0018392622238364892,-2.191979016256211e-05,0.9999983083155666,47.05832642434785,-0.7751819167579339,-710.0335053955132,73.65252450584448,-89.97808837890625,3780.71337890625,True
1598628919.643799,0,5,0.5,0.5,-0.0033097290039062503,-0.14,-0.011,-0.56,-0.0002473286023844116,10,1,100,0.0201444283703344,-10,-1,-100,10672.537226966931,-0.0018384200537913233,-2.19769184452286e-05,0.9999983098629323,47.039659278572685,-0.7747639935817126,-709.6614983971144,73.65287833159707,-89.97808837890625,3780.224609375,True
1598628919.7490988,0,5,0.5,0.5,-0.003266802978515625,-0.14,-0.011,-0.56,-0.00023709037796995516,10,1,100,0.020058223896176907,-10,-1,-100,10678.428768632468,-0.0018368817224951187,-2.193551044832323e-05,0.999998312690762,47.00227516853321,-0.7739271755235473,-708.9167651580558,73.6535606845819,-89.9781494140625,3779.24658203125,True
1598628919.8550525,0,5,0.5,0.5,-0.0032794189453125002,-0.14,-0.011,-0.56,-0.00023666793621843652,10,1,100,0.020060640305414768,-10,-1,-100,10684.319333334803,-0.0018355158831037549,-2.189380556783584e-05,0.9999983151996329,46.96496379745196,-0.7730918147581883,-708.1746348018495,73.65436744245497,-89.97817993164062,3778.26904296875,True
1598628919.910247,0,5,0.5,0.5,-0.003296273803710938,-0.14,-0.011,-0.56,-0.00025676356748598043,10,1,100,0.02001650764042426,-10,-1,-100,10690.227476316155,-0.0018338842421697125,-2.203840140235655e-05,0.9999983181900334,46.927721168134326,-0.7722577693672718,-707.4340057457165,73.65518388209559,-89.97817993164062,3777.29150390625,True
1598628920.016984,0,5,0.5,0.5,-0.0032960723876953126,-0.14,-0.011,-0.56,-0.0002355098488737231,10,1,100,0.020114016146375088,-10,-1,-100,10693.160063459887,-0.0018332985834844915,-2.1976647917017406e-05,0.9999983192652528,46.909179328286555,-0.7718423000493093,-707.0652528983121,73.65561586582061,-89.97817993164062,3776.802978515625,True
1598628920.0710504,0,5,0.5,0.5,-0.00329583740234375,-0.14,-0.011,-0.56,-0.00025921194467708165,10,1,100,0.01999966450709165,-10,-1,-100,10699.068206088152,-0.0018317375292524849,-2.2135952805767594e-05,0.999998322122404,46.87191720381709,-0.7710085891389376,-706.3240108320035,73.65634086925141,-89.97817993164062,3775.826171875,True
1598628920.1250486,0,5,0.5,0.5,-0.0032956359863281254,-0.14,-0.011,-0.56,-0.0002266700277724883,10,1,100,0.020078946989028387,-10,-1,-100,10702.002746754792,-0.0018310499243212124,-2.1984897245401086e-05,0.999998323385014,46.85330359652379,-0.770592024521151,-705.9540336265151,73.65673062595094,-89.97817993164062,3775.337890625,True
1598628920.2769558,0,5,0.5,0.5,-0.003274072265625,-0.14,-0.011,-0.56,-0.0002661544090822296,10,1,100,0.020070964948991146,-10,-1,-100,10704.960724119446,-0.001830362277503867,-2.2206370061456783e-05,0.9999983246390018,46.83471472758986,-0.7701761303398553,-705.5841903130937,73.65708596999404,-89.97821044921875,3774.849609375,True
1598628920.3773208,0,5,0.5,0.5,-0.0032695648193359376,-0.14,-0.011,-0.56,-0.0002531562605936928,10,1,100,0.019932873483132277,-10,-1,-100,10713.799501032685,-0.0018284916674949586,-2.2289207939304816e-05,0.9999983280593089,46.77884755729905,-0.7689268428943637,-704.4733829927266,73.658120567242,-89.97824096679688,3773.385498046875,True
1598628920.436982,0,5,0.5,0.5,-0.003243695068359375,-0.14,-0.011,-0.56,-0.00022394911824235908,10,1,100,0.019930227468466455,-10,-1,-100,10719.692019044305,-0.0018267773073383361,-2.2098492381575593e-05,0.9999983311967706,46.74171033053672,-0.7680959677907192,-703.7368411688001,73.65902090207854,-89.97830200195312,3772.409423828125,True
1598628920.4839349,0,5,0.5,0.5,-0.0032776397705078127,-0.14,-0.011,-0.56,-0.000250980371497876,10,1,100,0.020052748797566047,-10,-1,-100,10722.624605904915,-0.001826343978293674,-2.217069081121826e-05,0.9999983319866755,46.72325721514799,-0.767682413954447,-703.3704869317393,73.65947630947883,-89.97830200195312,3771.921630859375,True
1598628920.541568,0,5,0.5,0.5,-0.00325604248046875,-0.14,-0.011,-0.56,-0.0002566471985768033,10,1,100,0.01998876309564344,-10,-1,-100,10725.572818087414,-0.0018253793328496825,-2.2287666200369124e-05,0.9999983337453874,46.704690154512754,-0.7672674793793999,-703.0022705845004,73.65990630950131,-89.97833251953125,3771.433837890625,True
1598628920.6419914,0,5,0.5,0.5,-0.003251568603515625,-0.14,-0.011,-0.56,-0.00025211694494734773,10,1,100,0.020001581729840963,-10,-1,-100,10728.530795427505,-0.0018246293722020727,-2.2352503197736634e-05,0.9999983351126239,46.686217718089715,-0.7668536114201755,-702.6345316289331,73.66022462212742,-89.97836303710938,3770.9462890625,True
1598628920.6942,0,5,0.5,0.5,-0.00326845703125,-0.14,-0.011,-0.56,-0.00019850460766357396,10,1,100,0.019920712544664862,-10,-1,-100,10734.395969725214,-0.0018232223122125553,-2.1923644040372882e-05,0.9999983376884954,46.64905126296293,-0.7660242587762663,-701.8964595396932,73.66091195118513,-89.97836303710938,3769.97119140625,True
1598628920.7463615,0,5,0.5,0.5,-0.003246893310546875,-0.14,-0.011,-0.56,-0.00027557195760637046,10,1,100,0.019975652084579295,-10,-1,-100,10737.372501846869,-0.0018224523097939954,-2.2234488676214878e-05,0.9999983390852237,46.63054079099599,-0.7656104630151462,-701.5289410432831,73.66128650615742,-89.9783935546875,3769.48388671875,True
1598628920.7941942,0,5,0.5,0.5,-0.0032637481689453125,-0.14,-0.011,-0.56,-0.00024344796111658122,10,1,100,0.019945434359135476,-10,-1,-100,10740.306065714336,-0.0018214874612491703,-2.2224803976382975e-05,0.9999983408433669,46.61200007264865,-0.7651968638155716,-701.1613709506854,73.66169509570446,-89.9783935546875,3768.99658203125,True
1598628920.8509593,0,5,0.5,0.5,-0.00326351318359375,-0.14,-0.011,-0.56,-0.0002335229132666792,10,1,100,0.01998759636062993,-10,-1,-100,10743.26306694001,-0.0018210029353747364,-2.2125691222290667e-05,0.9999983417280067,46.59350385692187,-0.7647841777645495,-700.7940544643284,73.66204985992188,-89.9783935546875,3768.509521484375,True
1598628920.8961883,0,5,0.5,0.5,-0.0032632781982421875,-0.14,-0.011,-0.56,-0.00023992049606167147,10,1,100,0.019919892227167443,-10,-1,-100,10746.19467727642,-0.001819956098810998,-2.209362056763678e-05,0.9999983436344635,46.57502053522697,-0.7643715609585776,-700.4267395042347,73.6623739956535,-89.9783935546875,3768.0224609375,True
1598628920.9468915,0,5,0.5,0.5,-0.0032417144775390627,-0.14,-0.011,-0.56,-0.00024205844222619313,10,1,100,0.019935407879248156,-10,-1,-100,10749.145819214871,-0.0018191549407525994,-2.20840038008051e-05,0.9999983450924297,46.55647501778274,-0.7639584266765047,-700.0588500997113,73.66272689438406,-89.97842407226562,3767.535400390625,True
1598628921.0008545,0,5,0.5,0.5,-0.0032586029052734376,-0.14,-0.011,-0.56,-0.0002427670822009699,10,1,100,0.019920857733760733,-10,-1,-100,10752.102819891763,-0.0018183028291284809,-2.208189001630927e-05,0.999998346642239,46.53798718718347,-0.7635458812140454,-699.6916533525458,73.66305061132587,-89.97842407226562,3767.04833984375,True
1598628921.1000755,0,5,0.5,0.5,-0.0032584686279296875,-0.14,-0.011,-0.56,-0.00022716680988529858,10,1,100,0.019917085115058332,-10,-1,-100,10755.038336903672,-0.0018175015897349057,-2.193816282968447e-05,0.9999983481019796,46.519499796203,-0.7631336889151865,-699.3245458665468,73.66337335653162,-89.97842407226562,3766.5615234375,True
1598628921.16095,0,5,0.5,0.5,-0.0032369720458984377,-0.14,-0.011,-0.56,-0.00026889728085293687,10,1,100,0.019802019179215917,-10,-1,-100,10760.943550102646,-0.0018157351748590506,-2.2187081057896397e-05,0.999998351305395,46.48248973315959,-0.7623100614792715,-698.5906161321033,73.66407631838331,-89.97845458984375,3765.587890625,True
1598628921.252548,0,5,0.5,0.5,-0.0032539276123046876,-0.14,-0.011,-0.56,-0.00022407602161409073,10,1,100,0.019900747268423745,-10,-1,-100,10763.876137205167,-0.0018150356386537904,-2.2005995804229068e-05,0.9999983525793263,46.464039753454074,-0.7618989035870315,-698.225112374868,73.66448134512909,-89.97845458984375,3765.101318359375,True
1598628921.310602,0,5,0.5,0.5,-0.003232464599609375,-0.14,-0.011,-0.56,-0.00027036773462164453,10,1,100,0.019758607767762622,-10,-1,-100,10769.769631276024,-0.001813116240946224,-2.2262521607685173e-05,0.9999983560555872,46.42721607450527,-0.7610786736159119,-697.4956673211004,73.66530365864725,-89.97848510742188,3764.1279296875,True
1598628921.3563647,0,5,0.5,0.5,-0.003228057861328125,-0.14,-0.011,-0.56,-0.00021909097463414874,10,1,100,0.019848954722128654,-10,-1,-100,10772.715890111751,-0.0018122018572256423,-2.2029266449515933e-05,0.9999983577182214,46.40878406542274,-0.7606683325482114,-697.130495908315,73.66568346244775,-89.978515625,3763.6416015625,True
1598628921.4159389,0,5,0.5,0.5,-0.003245013427734375,-0.14,-0.011,-0.56,-0.0002569155089652813,10,1,100,0.019845599852497134,-10,-1,-100,10775.675821234356,-0.0018113494190762527,-2.2161262274396645e-05,0.9999983592597342,46.390364890325635,-0.7602584271458146,-696.7661694320522,73.66612447124216,-89.978515625,3763.1552734375,True
1598628921.5109367,0,5,0.5,0.5,-0.0032448791503906253,-0.14,-0.011,-0.56,-0.00023117806296292276,10,1,100,0.019803427778993944,-10,-1,-100,10778.608408014756,-0.0018102003092196632,-2.2047339462177658e-05,0.999998361343035,46.37200845897204,-0.7598493044913882,-696.4019493854768,73.66646259187144,-89.978515625,3762.6689453125,True
1598628921.6133118,0,5,0.5,0.5,-0.0032233825683593755,-0.14,-0.011,-0.56,-0.00025026434731852164,10,1,100,0.019719471854463936,-10,-1,-100,10784.519480312709,-0.0018084022487871772,-2.2117356174084125e-05,0.9999983645947274,46.33515613299863,-0.7590295369817228,-695.6718752887281,73.667157064281,-89.97854614257812,3761.69677734375,True
1598628921.7099462,0,5,0.5,0.5,-0.003197579956054688,-0.14,-0.011,-0.56,-0.0002411473979110955,10,1,100,0.01969812686854084,-10,-1,-100,10790.408092044992,-0.0018065841065674562,-2.209810479428936e-05,0.9999983678814379,46.29833722414436,-0.7582104874472451,-694.9438805865325,73.6679808265798,-89.97860717773438,3760.724609375,True
1598628921.7610953,0,5,0.5,0.5,-0.003231558227539063,-0.14,-0.011,-0.56,-0.0002516221215706464,10,1,100,0.01966746956783377,-10,-1,-100,10796.288891054108,-0.0018046639753014502,-2.217581548138687e-05,0.9999983713467585,46.2616387170203,-0.7573936510601432,-694.2184859343895,73.66884952379536,-89.97860717773438,3759.75244140625,True
1598628921.8159473,0,5,0.5,0.5,-0.0032099945068359377,-0.14,-0.011,-0.56,-0.00025344926559676446,10,1,100,0.019751895763443085,-10,-1,-100,10799.249798150384,-0.0018036983112504632,-2.2262986574017425e-05,0.9999983730870573,46.24333980344169,-0.7569856941944851,-693.8566521995964,73.66927922815589,-89.9786376953125,3759.266845703125,True
1598628921.8699796,0,5,0.5,0.5,-0.0032268493652343752,-0.14,-0.011,-0.56,-0.00021582995502497749,10,1,100,0.01977007463521123,-10,-1,-100,10802.178478926187,-0.0018029982457460803,-2.1999943995079565e-05,0.9999983743553428,46.225003445375904,-0.7565776109384398,-693.493688255872,73.66963689898071,-89.9786376953125,3758.78125,True
1598628921.9251502,0,5,0.5,0.5,-0.0032266479492187505,-0.14,-0.011,-0.56,-0.0002697309291895808,10,1,100,0.01972356581584142,-10,-1,-100,10805.113018906675,-0.0018019505941379275,-2.2250993358507737e-05,0.9999983762381565,46.20659845077226,-0.756169157429168,-693.1294250965921,73.66995491527048,-89.9786376953125,3758.295654296875,True
1598628922.0230587,0,5,0.5,0.5,-0.0032050842285156252,-0.14,-0.011,-0.56,-0.0002501469461251891,10,1,100,0.019753415458609445,-10,-1,-100,10808.087598076556,-0.001801281439468876,-2.2300961117807716e-05,0.9999983774426052,46.188187952233385,-0.7557604113887175,-692.7651189265111,73.67026633780242,-89.97866821289062,3757.81005859375,True
1598628922.0760086,0,5,0.5,0.5,-0.0032219726562500006,-0.14,-0.011,-0.56,-0.00024223772990290257,10,1,100,0.01961128850092671,-10,-1,-100,10813.982069202233,-0.0017993918127012383,-2.2274449442868617e-05,0.9999983808451658,46.15138453270991,-0.7549435561353215,-692.0374769458955,73.67093648261707,-89.97866821289062,3756.83935546875,True
1598628922.1270633,0,5,0.5,0.5,-0.0032218048095703127,-0.14,-0.011,-0.56,-0.00024302050516192617,10,1,100,0.019712930822473097,-10,-1,-100,10816.912702728645,-0.0017986096367851934,-2.2257241165284785e-05,0.9999983822526862,46.13303465467379,-0.7545361847402337,-691.6750448631518,73.67132286032724,-89.97866821289062,3756.354248046875,True
1598628922.1790583,0,5,0.5,0.5,-0.003200274658203125,-0.14,-0.011,-0.56,-0.0002428715856487734,10,1,100,0.01967801966784859,-10,-1,-100,10819.860914596007,-0.0017975927752579216,-2.2240156209279104e-05,0.9999983840814893,46.11473992847253,-0.7541293247513653,-691.3133329964608,73.67168688897482,-89.97869873046875,3755.869140625,True
1598628922.2338765,0,5,0.5,0.5,-0.0032171630859375005,-0.14,-0.011,-0.56,-0.00025501719813953187,10,1,100,0.01967559542996508,-10,-1,-100,10822.81889211724,-0.0017966577785559715,-2.2334863802147107e-05,0.9999983857596872,46.09639876758841,-0.7537222415638009,-690.9507979468748,73.67202590128207,-89.97869873046875,3755.3837890625,True
1598628922.2886484,0,5,0.5,0.5,-0.003216995239257813,-0.14,-0.011,-0.56,-0.0002690663911836163,10,1,100,0.0196840590295121,-10,-1,-100,10825.755385299795,-0.0017958954001593818,-2.2548483816402365e-05,0.9999983871243381,46.07804774091071,-0.7533148711764691,-690.5882087745465,73.6723647587677,-89.97869873046875,3754.89892578125,True
1598628922.396959,0,5,0.5,0.5,-0.0031955322265625,-0.14,-0.011,-0.56,-0.00022295462683896047,10,1,100,0.019666597224021167,-10,-1,-100,10828.685042971745,-0.001795053302209299,-2.2323076536208353e-05,0.999998388641363,46.059718787361746,-0.7529082757986314,-690.2260697285279,73.67270672946015,-89.97872924804688,3754.4140625,True
1598628922.4489539,0,5,0.5,0.5,-0.0032124877929687505,-0.14,-0.011,-0.56,-0.0002343674458224718,10,1,100,0.019546306676072565,-10,-1,-100,10834.593185454956,-0.0017932029451579567,-2.222177985310497e-05,0.999998391963402,46.02302480054718,-0.752094926669863,-689.5019089367343,73.67343212398197,-89.97872924804688,3753.444091796875,True
1598628922.5003328,0,5,0.5,0.5,-0.0031910247802734376,-0.14,-0.011,-0.56,-0.0002712922116793088,10,1,100,0.019662241448683507,-10,-1,-100,10837.551162970485,-0.0017925842961041927,-2.2465409109637608e-05,0.9999983930671322,46.00471015762177,-0.751688813633792,-689.1405810371377,73.67380955293908,-89.978759765625,3752.95947265625,True
1598628922.5531657,0,5,0.5,0.5,-0.003207980346679688,-0.14,-0.011,-0.56,-0.00022706402116842906,10,1,100,0.019625788998072442,-10,-1,-100,10840.50328127516,-0.0017916999691857992,-2.2284392642646046e-05,0.9999983946560246,45.98646118783117,-0.7512837828281959,-688.7803730324704,73.67419168752286,-89.978759765625,3752.474853515625,True
1598628922.9627213,0,5,0.5,0.5,-0.003207846069335938,-0.14,-0.011,-0.56,-0.00020446521704144572,10,1,100,0.019659443216239157,-10,-1,-100,10841.979829250835,-0.001791211301811459,-2.1914358181241015e-05,0.9999983955396293,45.977271383062956,-0.7510806743932907,-688.599279605012,73.67437746183927,-89.978759765625,3752.232421875,True
1598628923.0101852,0,5,0.5,0.5,-0.0031650207519531254,-0.14,-0.011,-0.56,-0.0002677417091970634,10,1,100,0.019529478995346652,-10,-1,-100,10846.393845748273,-0.0017895947204972702,-2.2153555511320754e-05,0.9999983984286956,45.94985406274998,-0.7504738109115833,-688.0581312715397,73.6749018403742,-89.97882080078125,3751.505859375,True
1598628923.0582495,0,5,0.5,0.5,-0.0031990325927734376,-0.14,-0.011,-0.56,-0.00024272691897894998,10,1,100,0.01960065964667059,-10,-1,-100,10849.323502811138,-0.0017887811043984106,-2.2143710349348165e-05,0.9999983998846281,45.93155750902921,-0.7500691890591844,-687.6973364257316,73.67526571891145,-89.97882080078125,3751.021484375,True
1598628923.10398,0,5,0.5,0.5,-0.00317750244140625,-0.14,-0.011,-0.56,-0.000250033288155759,10,1,100,0.019590562884990982,-10,-1,-100,10852.274644397316,-0.001787958599686348,-2.2201284949904018e-05,0.9999984013542965,45.91328426355611,-0.749664550600087,-687.3370001172498,73.67563206719902,-89.97885131835938,3750.536865234375,True
1598628923.2478573,0,5,0.5,0.5,-0.0031944244384765627,-0.14,-0.011,-0.56,-0.00022844057742031705,10,1,100,0.01959135290822433,-10,-1,-100,10855.232622221345,-0.0017872268085007501,-2.2057363463050207e-05,0.999998402665628,45.89499970381474,-0.749260331258872,-686.9764941486844,73.67598736142965,-89.97885131835938,3750.052734375,True
1598628923.3009117,0,5,0.5,0.5,-0.0031728942871093752,-0.14,-0.011,-0.56,-0.0002777827361926903,10,1,100,0.01957407765077409,-10,-1,-100,10858.165208847378,-0.0017864130696007092,-2.237534310051295e-05,0.9999984041125709,45.876703028914804,-0.7488563831462791,-686.615900269251,73.67634317727368,-89.9788818359375,3749.568359375,True
1598628923.3428733,0,5,0.5,0.5,-0.00318978271484375,-0.14,-0.011,-0.56,-0.00023919168867411254,10,1,100,0.019534794178371805,-10,-1,-100,10861.142717485083,-0.0017853248047884319,-2.231374519414282e-05,0.9999984060574488,45.858415350602414,-0.7484516365364694,-686.2558473353853,73.67673280855871,-89.9788818359375,3749.08447265625,True
1598628923.3911064,0,5,0.5,0.5,-0.0031896148681640627,-0.14,-0.011,-0.56,-0.00024510816971411403,10,1,100,0.019545335974667635,-10,-1,-100,10864.073351616855,-0.0017844401517412517,-2.2311541771753684e-05,0.9999984076365022,45.840164377411114,-0.7480484381921696,-685.8964537759337,73.67712515404705,-89.9788818359375,3748.60009765625,True
1598628923.4424853,0,5,0.5,0.5,-0.003168084716796875,-0.14,-0.011,-0.56,-0.00022624688734983834,10,1,100,0.019559228473163277,-10,-1,-100,10867.004961779458,-0.0017837701833150635,-2.213799085543501e-05,0.9999984088356553,45.821946083066365,-0.7476460694772751,-685.5373406860629,73.67748466725838,-89.97891235351562,3748.1162109375,True
1598628923.4908564,0,5,0.5,0.5,-0.003185006713867188,-0.14,-0.011,-0.56,-0.00023021759086568657,10,1,100,0.019537032791837737,-10,-1,-100,10869.963916149805,-0.0017829673550181049,-2.20166122527932e-05,0.9999984102700763,45.803712873826605,-0.7472431257300299,-685.1780848768619,73.67784186378391,-89.97891235351562,3747.632568359375,True
1598628923.54183,0,5,0.5,0.5,-0.0031848388671875004,-0.14,-0.011,-0.56,-0.0002773141921864128,10,1,100,0.01950669817837062,-10,-1,-100,10872.914080765797,-0.0017819696806385939,-2.2334662426388933e-05,0.9999984120413492,45.78546412657211,-0.746840193951035,-684.8186586124014,73.6781960735485,-89.97891235351562,3747.148681640625,True
1598628923.5909476,0,5,0.5,0.5,-0.003184671020507813,-0.14,-0.011,-0.56,-0.00023958340620875657,10,1,100,0.019497010792236865,-10,-1,-100,10875.848620998324,-0.0017809830382570706,-2.2280409707819863e-05,0.9999984138002425,45.767242448865304,-0.746438101573514,-684.4597712536334,73.67855525722635,-89.97891235351562,3746.6650390625,True
1598628923.6400568,0,5,0.5,0.5,-0.0031845703125,-0.14,-0.011,-0.56,-0.00024640652234126796,10,1,100,0.01950868058569338,-10,-1,-100,10878.804645544617,-0.0017802000084709633,-2.2293002061055812e-05,0.9999984151942201,45.74900038698217,-0.7460357760717418,-684.1006938444149,73.67891633122767,-89.97891235351562,3746.18115234375,True
1598628923.6918628,0,5,0.5,0.5,-0.0031844696044921877,-0.14,-0.011,-0.56,-0.00022771647426615907,10,1,100,0.019506806106412155,-10,-1,-100,10881.75285748206,-0.001779478923486425,-2.2134404407213224e-05,0.9999984164811607,45.73077210953624,-0.745633755684781,-683.741921248374,73.6792786952639,-89.97891235351562,3745.69775390625,True
1598628923.7419617,0,5,0.5,0.5,-0.0031630401611328126,-0.14,-0.011,-0.56,-0.0002285824884612537,10,1,100,0.019498742779281895,-10,-1,-100,10884.711811432382,-0.0017787577975049334,-2.1998158378714178e-05,0.9999984177671377,45.712580854084486,-0.7452330028282512,-683.3837944861796,73.67964113888803,-89.97894287109375,3745.21435546875,True
1598628923.7928853,0,5,0.5,0.5,-0.0031800292968750003,-0.14,-0.011,-0.56,-0.0002771903978233887,10,1,100,0.019469251542003897,-10,-1,-100,10887.646351340227,-0.0017778418253746825,-2.2316242260720214e-05,0.9999984193889653,45.69433685849557,-0.7448310238481219,-683.0249594620099,73.6800015723396,-89.97894287109375,3744.730712890625,True
1598628923.8420513,0,5,0.5,0.5,-0.0031799621582031252,-0.14,-0.011,-0.56,-0.00022793438388597897,10,1,100,0.019451438642760745,-10,-1,-100,10890.57893835206,-0.0017768549800306313,-2.215768120933088e-05,0.9999984211464621,45.67612267890498,-0.744429915226434,-682.6667045006623,73.68036815621169,-89.97894287109375,3744.24755859375,True
1598628923.8960643,0,5,0.5,0.5,-0.00315853271484375,-0.14,-0.011,-0.56,-0.0002615625006548064,10,1,100,0.01949014938922987,-10,-1,-100,10893.552540872013,-0.0017763174636173567,-2.2319386827770652e-05,0.9999984220978118,45.6579680896784,-0.7440295705486706,-682.3094397936369,73.6807361517665,-89.97897338867188,3743.76416015625,True
1598628923.9480014,0,5,0.5,0.5,-0.0031755218505859378,-0.14,-0.011,-0.56,-0.00024103917184918627,10,1,100,0.019433308893093117,-10,-1,-100,10896.487080809893,-0.001775319464811431,-2.227980908715934e-05,0.9999984238709618,45.63974287166879,-0.7436288433160043,-681.951224293037,73.68110462146353,-89.97897338867188,3743.28076171875,True
1598628923.9995127,0,5,0.5,0.5,-0.0031540924072265626,-0.14,-0.011,-0.56,-0.00021776320309971678,10,1,100,0.019433924762427387,-10,-1,-100,10899.416738178232,-0.0017744254744531769,-2.2032100681397764e-05,0.9999984254631714,45.62156390410319,-0.7432286762767624,-681.5937919789515,73.68147330564416,-89.97900390625,3742.7978515625,True
1598628924.0585623,0,5,0.5,0.5,-0.0031497192382812502,-0.14,-0.011,-0.56,-0.00026932338289668574,10,1,100,0.019427290818852375,-10,-1,-100,10902.394246666925,-0.0017735602127136867,-2.2275626048470046e-05,0.9999984269927469,45.603371192934695,-0.7428281864979761,-681.2362481972584,73.6818421479756,-89.97903442382812,3742.31494140625,True
1598628924.1120634,0,5,0.5,0.5,-0.0031666748046875,-0.14,-0.011,-0.56,-0.0002266863004044108,10,1,100,0.019421202045802326,-10,-1,-100,10905.327810173621,-0.0017727259036208996,-2.2109456574404092e-05,0.9999984284757865,45.585216258374565,-0.7424280678004844,-680.8793835516025,73.68221394461796,-89.97903442382812,3741.831787109375,True
1598628924.1633124,0,5,0.5,0.5,-0.00314517822265625,-0.14,-0.011,-0.56,-0.00025780702811093554,10,1,100,0.01943345711370824,-10,-1,-100,10908.28481152188,-0.0017720863570035435,-2.2241464534524738e-05,0.9999984296063972,45.567029069380695,-0.7420275190396878,-680.5223932572427,73.6826161698298,-89.97906494140625,3741.348876953125,True
1598628924.2089708,0,5,0.5,0.5,-0.0031621002197265626,-0.14,-0.011,-0.56,-0.0002459939483296476,10,1,100,0.019390207301343908,-10,-1,-100,10911.218374623568,-0.0017711191469221507,-2.2254126988919554e-05,0.9999984313196302,45.54888100435212,-0.7416284430902619,-680.166042243909,73.68301459475137,-89.97906494140625,3740.865966796875,True
1598628924.2608628,0,5,0.5,0.5,-0.003161932373046875,-0.14,-0.011,-0.56,-0.0002584106780012997,10,1,100,0.019381886052060954,-10,-1,-100,10914.166586591164,-0.001770171817106098,-2.23784088330374e-05,0.9999984329942445,45.53075445798731,-0.7412295530224389,-679.810083560742,73.6834110129629,-89.97906494140625,3740.383056640625,True
1598628924.3141842,0,5,0.5,0.5,-0.003161798095703125,-0.14,-0.011,-0.56,-0.0002081124578370261,10,1,100,0.019382995071958606,-10,-1,-100,10917.124563839054,-0.0017693284956182094,-2.203379009851084e-05,0.9999984344943679,45.51262798361855,-0.740830426671119,-679.453887350339,73.68377054947274,-89.97906494140625,3739.900634765625,True
1598628924.3651881,0,5,0.5,0.5,-0.003140301513671875,-0.14,-0.011,-0.56,-0.00027915702930098176,10,1,100,0.019382471221179736,-10,-1,-100,10920.057150838431,-0.0017685648168310087,-2.2366616855124667e-05,0.9999984358378883,45.49448771196155,-0.7404312476530711,-679.0976061421217,73.68413334573754,-89.97909545898438,3739.41796875,True
1598628924.4192057,0,5,0.5,0.5,-0.0031572235107421875,-0.14,-0.011,-0.56,-0.00024073735796341472,10,1,100,0.01934599863368432,-10,-1,-100,10923.005362681462,-0.0017675465309228676,-2.2319726952935905e-05,0.9999984376393249,45.47633759231615,-0.7400321234453414,-678.7412033642767,73.68448832435287,-89.97909545898438,3738.935546875,True
1598628924.4780397,0,5,0.5,0.5,-0.003157089233398438,-0.14,-0.011,-0.56,-0.00024273639424511302,10,1,100,0.01937657317181229,-10,-1,-100,10925.967246562126,-0.0017669067403827158,-2.2295272517029592e-05,0.9999984387705271,45.45820793531501,-0.7396331007070754,-678.3851657063192,73.6848406887897,-89.97909545898438,3738.453125,True
1598628924.621991,0,5,0.5,0.5,-0.0031355926513671876,-0.14,-0.011,-0.56,-0.0002490403651779867,10,1,100,0.019365920347197075,-10,-1,-100,10928.89983322355,-0.001766235916690102,-2.2330335980659186e-05,0.9999984399548045,45.44007823164448,-0.7392344548208507,-678.0292638214487,73.68519827471762,-89.9791259765625,3737.970703125,True
1598628924.6760964,0,5,0.5,0.5,-0.0031098236083984374,-0.14,-0.011,-0.56,-0.00024731385926572447,10,1,100,0.019146744161024437,-10,-1,-100,10937.739586129319,-0.0017636410112386682,-2.2346245225393468e-05,0.9999984445343046,45.385755545534096,-0.7380388225117885,-676.9640251677205,73.68637826147419,-89.97918701171875,3736.52392578125,True
1598628924.73105,0,5,0.5,0.5,-0.00314383544921875,-0.14,-0.011,-0.56,-0.0002307349769649407,10,1,100,0.01934604445787174,-10,-1,-100,10940.696587089566,-0.0017631028446191358,-2.220992686407485e-05,0.999998445486331,45.36764888501398,-0.737640386561094,-676.6097376643118,73.6868389203706,-89.97918701171875,3736.041748046875,True
1598628924.785031,0,5,0.5,0.5,-0.0031223052978515626,-0.14,-0.011,-0.56,-0.000260512242546136,10,1,100,0.01928904731656817,-10,-1,-100,10943.645775290322,-0.0017621041946431664,-2.2356612158805455e-05,0.999998447243289,45.34965866452739,-0.7372438979112339,-676.2569405616468,73.68726175073125,-89.97921752929688,3735.5595703125,True
1598628924.836975,0,5,0.5,0.5,-0.003139227294921875,-0.14,-0.011,-0.56,-0.00025790403370965837,10,1,100,0.019305087007168886,-10,-1,-100,10946.578362130444,-0.001761351221090801,-2.2466146757661407e-05,0.9999984485673706,45.33159030302444,-0.7368457018524172,-675.9024345184737,73.68761418692334,-89.97921752929688,3735.077880859375,True
1598628924.937931,0,5,0.5,0.5,-0.0031390594482421878,-0.14,-0.011,-0.56,-0.0002737801985320684,10,1,100,0.019314595137616873,-10,-1,-100,10949.537315928028,-0.001760762017161661,-2.270985969158078e-05,0.9999984495994887,45.313465587402256,-0.7364471114594651,-675.5471241275259,73.68796051005394,-89.97921752929688,3734.595947265625,True
1598628925.0388231,0,5,0.5,0.5,-0.0031175292968750002,-0.14,-0.011,-0.56,-0.0002497743267760056,10,1,100,0.01919228793208388,-10,-1,-100,10955.44545858819,-0.0017591230479030013,-2.2712880387490054e-05,0.9999984524839164,45.277293388867655,-0.7356517621468928,-674.8381409843114,73.68867883615862,-89.979248046875,3733.6328125,True
1598628925.0920389,0,5,0.5,0.5,-0.003113055419921875,-0.14,-0.011,-0.56,-0.00025314518391911185,10,1,100,0.01914223036426782,-10,-1,-100,10961.326257285895,-0.0017571872847310876,-2.274565327571856e-05,0.9999984558865486,45.241210673837706,-0.7348574960124237,-674.1319592808367,73.68952361884566,-89.97927856445312,3732.66943359375,True
1598628925.1530397,0,5,0.5,0.5,-0.00312994384765625,-0.14,-0.011,-0.56,-0.00020543330364782337,10,1,100,0.01926204240460034,-10,-1,-100,10964.288140967488,-0.001756527043607007,-2.234135786580495e-05,0.9999984570556141,45.22317532653602,-0.734460530958575,-673.7785859075526,73.68988906269465,-89.97927856445312,3732.18798828125,True
1598628925.205047,0,5,0.5,0.5,-0.003129742431640625,-0.14,-0.011,-0.56,-0.00028414928191103757,10,1,100,0.019247515167188586,-10,-1,-100,10967.21779788041,-0.0017558047763243869,-2.2689396721991916e-05,0.9999984583162009,45.205173459944035,-0.734064502094103,-673.4257970654751,73.69025479457228,-89.97927856445312,3731.70654296875,True
1598628925.2579415,0,5,0.5,0.5,-0.003129541015625,-0.14,-0.011,-0.56,-0.00021716763561206015,10,1,100,0.01923235982338098,-10,-1,-100,10970.166986475,-0.0017550204865456251,-2.239651333016667e-05,0.9999984596995576,45.18706444730449,-0.7336663946040589,-673.0714904554244,73.69062071943378,-89.97927856445312,3731.22509765625,True
1598628925.303055,0,5,0.5,0.5,-0.0031293731689453126,-0.14,-0.011,-0.56,-0.00025196808994698084,10,1,100,0.019239218593342728,-10,-1,-100,10973.124963907758,-0.0017543800441374435,-2.24465633066889e-05,0.9999984608222218,45.169022581892435,-0.7332701437551941,-672.7182749440387,73.69098734322964,-89.97927856445312,3730.744140625,True
1598628925.3569958,0,5,0.5,0.5,-0.0031079101562500005,-0.14,-0.011,-0.56,-0.0002754127926623818,10,1,100,0.019257694663554745,-10,-1,-100,10976.056574093061,-0.0017539742071020251,-2.270510574813885e-05,0.9999984615282961,45.15099470124477,-0.7328735800172133,-672.3653024653584,73.69134893640926,-89.97930908203125,3730.262939453125,True
1598628925.4109116,0,5,0.5,0.5,-0.0031248657226562505,-0.14,-0.011,-0.56,-0.00024361514699644435,10,1,100,0.019187460392070012,-10,-1,-100,10979.03603595635,-0.0017529750697267991,-2.2650624662599314e-05,0.9999984632814962,45.132955204542746,-0.7324774652340985,-672.0120144874583,73.69168584478044,-89.97930908203125,3729.781982421875,True
1598628925.465773,0,5,0.5,0.5,-0.003124765014648438,-0.14,-0.011,-0.56,-0.00024804770458053106,10,1,100,0.0191721687002184,-10,-1,-100,10981.96569274494,-0.0017519360468460485,-2.2641125096960713e-05,0.9999984651025556,45.11493903933615,-0.7320815095713871,-671.6590969846949,73.69201612667548,-89.97930908203125,3729.301025390625,True
1598628925.5202105,0,5,0.5,0.5,-0.0031033020019531252,-0.14,-0.011,-0.56,-0.0002454860816367482,10,1,100,0.019236074602460383,-10,-1,-100,10984.899256363162,-0.0017515810025877884,-2.2609042575673686e-05,0.9999984657252342,45.096905766100626,-0.731685578708204,-671.3059861385586,73.69234418164301,-89.97933959960938,3728.820068359375,True
1598628925.5761945,0,5,0.5,0.5,-0.0031202575683593756,-0.14,-0.011,-0.56,-0.00023943382835226796,10,1,100,0.01919118023747861,-10,-1,-100,10987.87383514538,-0.0017508584508664211,-2.252494781475012e-05,0.9999984669924807,45.07887158960253,-0.7312895919966702,-670.9530443211727,73.69268339884556,-89.97933959960938,3728.33935546875,True
1598628925.6311996,0,5,0.5,0.5,-0.003120156860351563,-0.14,-0.011,-0.56,-0.0002770839988442926,10,1,100,0.019179714619967397,-10,-1,-100,10990.805445405771,-0.001750104866048746,-2.2790943157085956e-05,0.9999984683055922,45.06086972253049,-0.7308945385670378,-670.6007546559538,73.69303196634642,-89.97933959960938,3727.858642578125,True
1598628925.6850047,0,5,0.5,0.5,-0.003098727416992188,-0.14,-0.011,-0.56,-0.00022729271385676936,10,1,100,0.019162456575642046,-10,-1,-100,10993.739008732955,-0.0017492693361921582,-2.2580067886703445e-05,0.9999984697722941,45.04287641321038,-0.7304992535036533,-670.2487167752959,73.69338430832764,-89.9793701171875,3727.3779296875,True
1598628925.7384584,0,5,0.5,0.5,-0.0031157165527343753,-0.14,-0.011,-0.56,-0.00025553336374632696,10,1,100,0.019176990691712144,-10,-1,-100,10996.713587435544,-0.001748648489839002,-2.2644879267150868e-05,0.999998470856665,45.02486989488657,-0.7301041034431002,-669.8965803348182,73.69373912757248,-89.9793701171875,3726.8974609375,True
1598628925.7950253,0,5,0.5,0.5,-0.003115615844726563,-0.14,-0.011,-0.56,-0.00024387810563400583,10,1,100,0.019137432842900634,-10,-1,-100,10999.649104337208,-0.0017477309729710148,-2.2597882282404552e-05,0.9999984724617241,45.00689253297985,-0.729709340845961,-669.5450014590045,73.69409712633225,-89.9793701171875,3726.416748046875,True
1598628925.8479545,0,5,0.5,0.5,-0.0030941528320312505,-0.14,-0.011,-0.56,-0.0002426314984386903,10,1,100,0.019143351952275983,-10,-1,-100,11002.60610513622,-0.001746957303643143,-2.2543641895448454e-05,0.9999984738148171,44.98889645578653,-0.7293147335805732,-669.1932466216135,73.6944579472498,-89.97940063476562,3725.9365234375,True
1598628925.900644,0,5,0.5,0.5,-0.0031111083984375005,-0.14,-0.011,-0.56,-0.0002568526439845689,10,1,100,0.019158488198332317,-10,-1,-100,11005.555293622543,-0.0017463983180733117,-2.2623527340824752e-05,0.9999984747893821,44.97093116475036,-0.7289211315624452,-668.8420163606182,73.69481601023112,-89.97940063476562,3725.4560546875,True
1598628925.9579196,0,5,0.5,0.5,-0.003089645385742188,-0.14,-0.011,-0.56,-0.0002535325482763914,10,1,100,0.019101487755585112,-10,-1,-100,11008.48690355278,-0.0017453788507021532,-2.266604194691733e-05,0.9999984765682987,44.95298092721513,-0.7285278200212932,-668.4910674903596,73.6951720011355,-89.97943115234375,3724.975830078125,True
1598628926.0049617,0,5,0.5,0.5,-0.003106600952148438,-0.14,-0.011,-0.56,-0.00021379255576792582,10,1,100,0.019148969626454376,-10,-1,-100,11011.444881191012,-0.0017448906212081156,-2.234340491393879e-05,0.9999984774275871,44.93501074643669,-0.7281344464488457,-668.1398922309041,73.69552592524404,-89.97943115234375,3724.495361328125,True
1598628926.064229,0,5,0.5,0.5,-0.0030851043701171877,-0.14,-0.011,-0.56,-0.0002687314288078214,10,1,100,0.019099547735272168,-10,-1,-100,11014.396998925367,-0.0017440038912260958,-2.254981347539646e-05,0.9999984789698099,44.91703799444389,-0.727740674583738,-667.7889907399971,73.69590656286402,-89.97946166992188,3724.015380859375,True
1598628926.110015,0,5,0.5,0.5,-0.0030806976318359376,-0.14,-0.011,-0.56,-0.0002445806001222283,10,1,100,0.01911134653714213,-10,-1,-100,11017.327632763307,-0.0017433119231788608,-2.251795847876193e-05,0.9999984801770851,44.89911610297546,-0.7273478810239788,-667.4387139152924,73.69626214757933,-89.9794921875,3723.53515625,True
1598628926.1641946,0,5,0.5,0.5,-0.0030976196289062502,-0.14,-0.011,-0.56,-0.0002581425397845771,10,1,100,0.01907761284822354,-10,-1,-100,11020.28658702888,-0.0017423830518981942,-2.261229610542097e-05,0.9999984817938399,44.88118364174599,-0.7269553534066213,-667.0886807739035,73.69665379970992,-89.9794921875,3723.05517578125,True
1598628926.223854,0,5,0.5,0.5,-0.003097451782226563,-0.14,-0.011,-0.56,-0.00023044049320509438,10,1,100,0.019088001867166526,-10,-1,-100,11023.236751602613,-0.001741640088919025,-2.2446383203526316e-05,0.9999984830918297,44.8632703837344,-0.7265624249602418,-666.7387542770736,73.69701598407707,-89.9794921875,3722.575439453125,True
1598628926.2682147,0,5,0.5,0.5,-0.0030759552001953126,-0.14,-0.011,-0.56,-0.0002721799832056802,10,1,100,0.019078587118860214,-10,-1,-100,11026.194728810806,-0.0017408860150872438,-2.267512473333939e-05,0.9999984843997122,44.845365714690814,-0.726170092532139,-666.3890347435479,73.69737730373906,-89.97952270507812,3722.095458984375,True
1598628926.3218849,0,5,0.5,0.5,-0.003071514892578125,-0.14,-0.011,-0.56,-0.00024823691207803445,10,1,100,0.019052246578923994,-10,-1,-100,11029.129268848686,-0.0017399680907632515,-2.266537979976705e-05,0.9999984859975158,44.82745980221182,-0.7257777315164194,-666.0393898791754,73.69773877526437,-89.97955322265625,3721.61572265625,True
1598628926.380868,0,5,0.5,0.5,-0.0030884033203125005,-0.14,-0.011,-0.56,-0.00022604455867232277,10,1,100,0.019067123867817268,-10,-1,-100,11032.075527373469,-0.001739275919351568,-2.245471074054267e-05,0.999998487206387,44.80956289445498,-0.7253855005552383,-665.6899458177649,73.6980982369013,-89.97955322265625,3721.135986328125,True
1598628926.4738405,0,5,0.5,0.5,-0.003066873168945313,-0.14,-0.011,-0.56,-0.00026324517557548336,10,1,100,0.01904360174130792,-10,-1,-100,11035.034481300856,-0.0017384398181765812,-2.260146168687188e-05,0.9999984886569442,44.79164510620463,-0.7249937643330958,-665.3402562951212,73.69845612465288,-89.97958374023438,3720.656494140625,True
1598628926.5322664,0,5,0.5,0.5,-0.003083761596679688,-0.14,-0.011,-0.56,-0.0002628301757186322,10,1,100,0.01896047956952565,-10,-1,-100,11040.915279711946,-0.0017369313050921151,-2.273111897179429e-05,0.9999984912753307,44.755847823400046,-0.7242103036785544,-664.6420685994827,73.69921181972362,-89.97958374023438,3719.697265625,True
1598628926.6262407,0,5,0.5,0.5,-0.0030835937500000004,-0.14,-0.011,-0.56,-0.00024471645454165526,10,1,100,0.01900730050930169,-10,-1,-100,11043.876186866895,-0.0017359932540547554,-2.2684259877364984e-05,0.9999984929052875,44.73798433314864,-0.7238195592938094,-664.2937598230153,73.69960482192421,-89.97958374023438,3719.218017578125,True
1598628926.6833162,0,5,0.5,0.5,-0.003062063598632813,-0.14,-0.011,-0.56,-0.0002522363717308476,10,1,100,0.018923051440831472,-10,-1,-100,11049.784329118673,-0.001734382668277566,-2.2709713716000612e-05,0.9999984956993829,44.70232161015806,-0.7230388431124577,-663.5988798114043,73.70045061630779,-89.9796142578125,3718.25927734375,True
1598628926.7695916,0,5,0.5,0.5,-0.0030789855957031255,-0.14,-0.011,-0.56,-0.00026830446658779826,10,1,100,0.018982140308330706,-10,-1,-100,11052.714962681755,-0.001733464417478249,-2.2878781795059277e-05,0.9999984972877083,44.68450625663014,-0.722649067638641,-663.2517807587066,73.70087054038001,-89.9796142578125,3717.780029296875,True
1598628926.820971,0,5,0.5,0.5,-0.0030788513183593754,-0.14,-0.011,-0.56,-0.00024195922249292125,10,1,100,0.018902607372930105,-10,-1,-100,11058.622128291638,-0.001731915569616774,-2.2792649808508e-05,0.9999984999733524,44.64882740246079,-0.7218694006916025,-662.5569307787816,73.70168987987081,-89.9796142578125,3716.82177734375,True
1598628926.8784883,0,5,0.5,0.5,-0.0030787170410156253,-0.14,-0.011,-0.56,-0.00023395969761952915,10,1,100,0.01900607294886396,-10,-1,-100,11061.554715139675,-0.0017314576381441786,-2.2641461091245926e-05,0.999998500769782,44.631001075243915,-0.7214802079329747,-662.2094234949349,73.7020531158037,-89.9796142578125,3716.343017578125,True
1598628926.9664807,0,5,0.5,0.5,-0.0030999450683593752,-0.14,-0.011,-0.56,-0.00023573836558456732,10,1,100,0.018944221835043185,-10,-1,-100,11064.48925479129,-0.001730488310725971,-2.252000916806464e-05,0.9999985024504066,44.61317581859238,-0.721090945876439,-661.861967079399,73.70241175057402,-89.97958374023438,3715.864013671875,True
1598628927.018875,0,5,0.5,0.5,-0.00306142578125,-0.14,-0.011,-0.56,-0.00025229917485995404,10,1,100,0.018883098319364598,-10,-1,-100,11070.395443847054,-0.0017290608881163055,-2.2560292154553602e-05,0.9999985049186214,44.577476322623134,-0.7203127511334437,-661.1664602801962,73.70311685090073,-89.9796142578125,3714.90673828125,True
1598628927.0695877,0,5,0.5,0.5,-0.0030570861816406254,-0.14,-0.011,-0.56,-0.000258663896726572,10,1,100,0.018947330621662067,-10,-1,-100,11073.327053756686,-0.0017283570768580837,-2.2654869693463015e-05,0.9999985061331701,44.559665250536895,-0.7199242950165003,-660.8196708231422,73.70349938411225,-89.97964477539062,3714.427978515625,True
1598628927.1224577,0,5,0.5,0.5,-0.0030740753173828126,-0.14,-0.011,-0.56,-0.00023013697468695068,10,1,100,0.018927995089327583,-10,-1,-100,11076.30456271628,-0.00172755139709529,-2.2481331656699632e-05,0.9999985075292663,44.54186742442888,-0.7195364393820093,-660.4729329289968,73.70385665621023,-89.97964477539062,3713.949462890625,True
1598628927.172678,0,5,0.5,0.5,-0.003074008178710938,-0.14,-0.011,-0.56,-0.0002537939890041727,10,1,100,0.018933455043115215,-10,-1,-100,11079.23519612581,-0.0017268784954554389,-2.2538742780735095e-05,0.9999985086902216,44.52401402602668,-0.7191479950418965,-660.125205485073,73.70418528077798,-89.97964477539062,3713.470947265625,True
1598628927.2251828,0,5,0.5,0.5,-0.003052578735351563,-0.14,-0.011,-0.56,-0.00025434682851299326,10,1,100,0.01894032639484373,-10,-1,-100,11082.195126626058,-0.001726338372443685,-2.2596135412839394e-05,0.9999985096215085,44.50619328475018,-0.7187600854243121,-659.7780202090185,73.70451149103614,-89.97967529296875,3712.99267578125,True
1598628927.2743008,0,5,0.5,0.5,-0.00306956787109375,-0.14,-0.011,-0.56,-0.00024342883773578153,10,1,100,0.018892316388853032,-10,-1,-100,11085.146268008626,-0.0017254196740890944,-2.2549136184472764e-05,0.9999985112081341,44.488381481982856,-0.7183726653977313,-659.4310667773855,73.70483971426405,-89.97967529296875,3712.514404296875,True
1598628927.3697815,0,5,0.5,0.5,-0.003048138427734375,-0.14,-0.011,-0.56,-0.00026672103813147913,10,1,100,0.01894748712394101,-10,-1,-100,11088.076901411754,-0.0017250941940804376,-2.2718302869129012e-05,0.9999985117658428,44.47057743190422,-0.7179852649993678,-659.0843305323323,73.70517027159711,-89.97970581054688,3712.0361328125,True
1598628927.42859,0,5,0.5,0.5,-0.0030224029541015625,-0.14,-0.011,-0.56,-0.0002484922105208131,10,1,100,0.01878728894605,-10,-1,-100,11093.983090477996,-0.0017233495653857385,-2.2706520039561302e-05,0.9999985147742417,44.43492858807394,-0.7172102854279093,-658.3908379327538,73.70587085183745,-89.97976684570312,3711.080078125,True
1598628927.4716196,0,5,0.5,0.5,-0.003035052490234375,-0.14,-0.011,-0.56,-0.0002182887243928032,10,1,100,0.018875648071903534,-10,-1,-100,11096.91763072065,-0.0017225745913567088,-2.242130952948961e-05,0.99999851611593,44.417206286250334,-0.7168244270953592,-658.0461647580328,73.70627200253546,-89.97979736328125,3710.601806640625,True
1598628927.5222547,0,5,0.5,0.5,-0.00303057861328125,-0.14,-0.011,-0.56,-0.00028751878515095386,10,1,100,0.018883807093857258,-10,-1,-100,11099.894162493525,-0.0017219523179360678,-2.2791591574100127e-05,0.9999985171792798,44.39945175810645,-0.716437933378607,-657.7008747406954,73.70664733158438,-89.97982788085938,3710.123779296875,True
1598628927.5759318,0,5,0.5,0.5,-0.00304739990234375,-0.14,-0.011,-0.56,-0.00022324237921270335,10,1,100,0.018859924648103654,-10,-1,-100,11102.826748857624,-0.001721177261676625,-2.2543633758483743e-05,0.9999985185192117,44.38169880268717,-0.7160516559392656,-657.355414115407,73.70699176114769,-89.97982788085938,3709.64599609375,True
1598628927.6279168,0,5,0.5,0.5,-0.0030258026123046876,-0.14,-0.011,-0.56,-0.00025106387357646046,10,1,100,0.01885917334126565,-10,-1,-100,11105.783749927068,-0.0017204730019480948,-2.257115538249943e-05,0.9999985197305006,44.363945106283204,-0.7156659175369351,-657.0100177771092,73.70733389427473,-89.9798583984375,3709.168212890625,True
1598628927.6839666,0,5,0.5,0.5,-0.003042657470703125,-0.14,-0.011,-0.56,-0.00024232909568129557,10,1,100,0.018825526552951517,-10,-1,-100,11108.73196135799,-0.0017195340532783117,-2.2516844072840342e-05,0.9999985213467224,44.34619082519847,-0.7152797839832266,-656.6646951373941,73.70767584494938,-89.9798583984375,3708.6904296875,True
1598628927.7281606,0,5,0.5,0.5,-0.0030210601806640626,-0.14,-0.011,-0.56,-0.0002671881674878488,10,1,100,0.01883554151709777,-10,-1,-100,11111.665524460375,-0.0017187787972014902,-2.2693429432831527e-05,0.999998522641136,44.32847040870672,-0.7148944275973547,-656.3199489867396,73.70801728321295,-89.97988891601562,3708.212890625,True
1598628927.7839186,0,5,0.5,0.5,-0.0030378814697265624,-0.14,-0.011,-0.56,-0.00022717178737734325,10,1,100,0.01882717465247967,-10,-1,-100,11114.625455108238,-0.001718023501724446,-2.249003568031701e-05,0.9999985239436334,44.31073415002059,-0.7145088123980639,-655.9753067098089,73.70838725189694,-89.97988891601562,3707.7353515625,True
1598628927.8759022,0,5,0.5,0.5,-0.0030590087890625004,-0.14,-0.011,-0.56,-0.00023416754096385566,10,1,100,0.018781773162887556,-10,-1,-100,11117.573666758952,-0.001716931687631495,-2.2368826483119857e-05,0.9999985258215213,44.293012164625246,-0.7141241541141712,-655.6307452837319,73.708732996672,-89.9798583984375,3707.2578125,True
1598628927.9340997,0,5,0.5,0.5,-0.003020355224609375,-0.14,-0.011,-0.56,-0.0002826431458314466,10,1,100,0.01874071982900656,-10,-1,-100,11123.465207288857,-0.0017155736335903102,-2.2699487538738138e-05,0.9999985281448373,44.25759500055028,-0.7133549416927157,-654.9427772907948,73.70948288634199,-89.97988891601562,3706.30322265625,True
1598628928.0259929,0,5,0.5,0.5,-0.00303724365234375,-0.14,-0.011,-0.56,-0.00024359134458510777,10,1,100,0.018768852925383606,-10,-1,-100,11126.413418949349,-0.0017146034494840154,-2.2645089228270213e-05,0.9999985298100249,44.23989934889338,-0.7129707844852267,-654.5993904947346,73.70989065507905,-89.97988891601562,3705.82568359375,True
1598628928.0771348,0,5,0.5,0.5,-0.0030371093750000003,-0.14,-0.011,-0.56,-0.00024854220063106843,10,1,100,0.01871680127729529,-10,-1,-100,11132.320584517438,-0.0017132562181464916,-2.2640699847182007e-05,0.9999985321191874,44.204572721481,-0.7122035422636309,-653.9133776112191,73.71065281444652,-89.97988891601562,3704.871337890625,True
1598628928.1272578,0,5,0.5,0.5,-0.0030370086669921875,-0.14,-0.011,-0.56,-0.00023319401179967782,10,1,100,0.01874726786239891,-10,-1,-100,11135.255124143674,-0.0017123169025889666,-2.2496981065618548e-05,0.9999985337312806,44.18691407133607,-0.7118199129426467,-653.5707962461138,73.71106027861718,-89.97988891601562,3704.394287109375,True
1598628928.1769593,0,5,0.5,0.5,-0.0030369415283203124,-0.14,-0.011,-0.56,-0.00025139280636797925,10,1,100,0.01876612690444649,-10,-1,-100,11138.212124950136,-0.0017116431846601467,-2.2532039042553126e-05,0.9999985348838846,44.16924908988392,-0.711436808343916,-653.2278660309229,73.7114287898854,-89.97988891601562,3703.917236328125,True
1598628928.2299905,0,5,0.5,0.5,-0.003036874389648438,-0.14,-0.011,-0.56,-0.0002427348296088978,10,1,100,0.018738221075941638,-10,-1,-100,11141.161312844255,-0.001710785691808463,-2.2485211591698304e-05,0.999998536352295,44.151572077203916,-0.7110538903639179,-652.8845197930309,73.71176038049362,-89.97988891601562,3703.4404296875,True
1598628928.2795627,0,5,0.5,0.5,-0.0030368408203125,-0.14,-0.011,-0.56,-0.0002733918119369996,10,1,100,0.01872526392338507,-10,-1,-100,11144.094876024057,-0.0017098971672019996,-2.2721419151895573e-05,0.9999985378666385,44.133895439258104,-0.7106709108130879,-652.5412463904736,73.71208926579557,-89.97988891601562,3702.963623046875,True
1598628928.3288753,0,5,0.5,0.5,-0.0030154449462890627,-0.14,-0.011,-0.56,-0.0002487172206130166,10,1,100,0.018726611780859076,-10,-1,-100,11147.052853372763,-0.0017091104316150478,-2.2711652853603196e-05,0.9999985392117897,44.116234493705285,-0.7102879570861141,-652.1982884892877,73.71241853018351,-89.97991943359375,3702.48681640625,True
1598628928.378938,0,5,0.5,0.5,-0.003011138916015625,-0.14,-0.011,-0.56,-0.00024206862053144005,10,1,100,0.018726782669732964,-10,-1,-100,11150.001065257704,-0.0017084055604035691,-2.2642316014940545e-05,0.9999985404178182,44.098546410286545,-0.709904963412948,-651.8550444681741,73.71275142060178,-89.97994995117188,3702.01025390625,True
1598628928.4298618,0,5,0.5,0.5,-0.00302816162109375,-0.14,-0.011,-0.56,-0.00022829104593921666,10,1,100,0.018692956343570107,-10,-1,-100,11152.961972035817,-0.001707465999920127,-2.2453893410468266e-05,0.9999985420267781,44.080896902163964,-0.7095228944160675,-651.512507702519,73.71309062259863,-89.97994995117188,3701.53369140625,True
1598628928.5232513,0,5,0.5,0.5,-0.0030280609130859375,-0.14,-0.011,-0.56,-0.0002633031316467116,10,1,100,0.01870062864274859,-10,-1,-100,11155.908230466535,-0.0017066902073710852,-2.2600814488354922e-05,0.9999985433478088,44.06325059714565,-0.7091407641475723,-651.1701465415036,73.71343415465743,-89.97994995117188,3701.05712890625,True
1598628928.5727236,0,5,0.5,0.5,-0.0030066314697265624,-0.14,-0.011,-0.56,-0.00021531490243371633,10,1,100,0.018598596799465072,-10,-1,-100,11161.801724352408,-0.00170506545504776,-2.2298212178179546e-05,0.9999985461262352,44.02799441378616,-0.708377796981011,-650.486222181392,73.71412249991292,-89.97998046875,3700.1044921875,True
1598628928.6249175,0,5,0.5,0.5,-0.00298089599609375,-0.14,-0.011,-0.56,-0.00027399143148567603,10,1,100,0.018665758004299347,-10,-1,-100,11164.747983026318,-0.001704207634792718,-2.2556857503083465e-05,0.999998547582708,44.010345184739215,-0.7079965247180041,-650.1443835667282,73.71450240334784,-89.98004150390625,3699.628173828125,True
1598628928.673789,0,5,0.5,0.5,-0.0030149078369140626,-0.14,-0.011,-0.56,-0.0002413167559560017,10,1,100,0.018667471774890743,-10,-1,-100,11167.68447543995,-0.0017034516039147415,-2.249502333213008e-05,0.9999985488722507,43.99276755120667,-0.7076165512883709,-649.8037125397179,73.71488519757123,-89.98004150390625,3699.15185546875,True
1598628928.7252486,0,5,0.5,0.5,-0.002993377685546875,-0.14,-0.011,-0.56,-0.0002587496574554183,10,1,100,0.018651228069204776,-10,-1,-100,11170.641475971905,-0.0017026246924273214,-2.259729315192487e-05,0.9999985502782086,43.9751620222059,-0.7072355411861153,-649.4624535992738,73.71523852990552,-89.98007202148438,3698.67578125,True
1598628928.77594,0,5,0.5,0.5,-0.0029889038085937503,-0.14,-0.011,-0.56,-0.00025237221789683724,10,1,100,0.01864643606209184,-10,-1,-100,11173.590664341464,-0.001701837589639761,-2.2632229670197238e-05,0.9999985516172515,43.957576507537766,-0.7068550622174558,-649.1215565761156,73.7155895338672,-89.9801025390625,3698.19970703125,True
1598628928.8313196,0,5,0.5,0.5,-0.003005758666992188,-0.14,-0.011,-0.56,-0.0002486554831694718,10,1,100,0.01865909372658144,-10,-1,-100,11176.523251078208,-0.001701245245966583,-2.26300679910338e-05,0.999998552625199,43.93996821921066,-0.7064744183009146,-648.7803758682029,73.71593679169673,-89.9801025390625,3697.723876953125,True
1598628928.8903735,0,5,0.5,0.5,-0.0030055236816406254,-0.14,-0.011,-0.56,-0.0002428843403816177,10,1,100,0.018605061235413233,-10,-1,-100,11179.49978296063,-0.001700223412636015,-2.257572094023278e-05,0.9999985543642971,43.922354310096594,-0.7060936603996838,-648.4391966892741,73.71628426190422,-89.9801025390625,3697.247802734375,True
1598628928.9358742,0,5,0.5,0.5,-0.0029839599609375,-0.14,-0.011,-0.56,-0.0002603631179848361,10,1,100,0.018626578899041103,-10,-1,-100,11182.430416077608,-0.0016994981674766422,-2.268533608309145e-05,0.999998555594634,43.90475072996419,-0.7057132960734155,-648.0982838555924,73.71663573604755,-89.98013305664062,3696.77197265625,True
1598628928.9879267,0,5,0.5,0.5,-0.0030008483886718755,-0.14,-0.011,-0.56,-0.00025244087782744164,10,1,100,0.018600412162615498,-10,-1,-100,11185.388393634115,-0.0016986090719032767,-2.2712926738742884e-05,0.9999985571046309,43.88720764898868,-0.7053335183651915,-647.7586024341488,73.71701731911402,-89.98013305664062,3696.29638671875,True
1598628929.0850368,0,5,0.5,0.5,-0.00297928466796875,-0.14,-0.011,-0.56,-0.0002510920060439703,10,1,100,0.018601832270030802,-10,-1,-100,11188.338558153133,-0.0016978217650203717,-2.272551119736874e-05,0.9999985584413635,43.86963846642125,-0.7049535761575028,-647.4183840117433,73.71737111139217,-89.98016357421875,3695.820556640625,True
1598628929.1349535,0,5,0.5,0.5,-0.0029961395263671878,-0.14,-0.011,-0.56,-0.0002387316628433335,10,1,100,0.018508889524634965,-10,-1,-100,11194.246700306074,-0.0016962691596617238,-2.2624471497287355e-05,0.9999985610785005,43.83448947449011,-0.7041945984709109,-646.7381935575418,73.71809583703583,-89.98016357421875,3694.869384765625,True
1598628929.2300012,0,5,0.5,0.5,-0.002995938110351563,-0.14,-0.011,-0.56,-0.00024042557538138783,10,1,100,0.018556442433289133,-10,-1,-100,11197.1783105043,-0.0016952979960465236,-2.2547719829996492e-05,0.9999985627271197,43.8169625687812,-0.7038156741520823,-646.3993291315388,73.71850547585818,-89.98016357421875,3694.393798828125,True
1598628929.3249176,0,5,0.5,0.5,-0.002995803833007813,-0.14,-0.011,-0.56,-0.0002697390510359504,10,1,100,0.018509857379773165,-10,-1,-100,11203.08742865012,-0.001693999719217784,-2.2744440036294536e-05,0.999998564922791,43.78195393556457,-0.703059091908276,-645.7217540007908,73.71923610671493,-89.98016357421875,3693.443115234375,True
1598628929.3739834,0,5,0.5,0.5,-0.0029743072509765627,-0.14,-0.011,-0.56,-0.00026189671491177877,10,1,100,0.01845768159199229,-10,-1,-100,11208.994594091666,-0.0016923537348342826,-2.285175588025105e-05,0.9999985677072909,43.74684077364568,-0.7023009038558711,-645.0436051857106,73.7200418917817,-89.98019409179688,3692.49267578125,True
1598628929.4249406,0,5,0.5,0.5,-0.002991262817382813,-0.14,-0.011,-0.56,-0.00024193001506942282,10,1,100,0.018538022191649177,-10,-1,-100,11211.92522730655,-0.0016915970917167013,-2.2767568955527982e-05,0.9999985689894347,43.72940388495865,-0.7019237263606436,-644.7066826852,73.7204759112075,-89.98019409179688,3692.017333984375,True
1598628929.4738238,0,5,0.5,0.5,-0.0029911621093750003,-0.14,-0.011,-0.56,-0.00026322986210013956,10,1,100,0.018529427161977214,-10,-1,-100,11214.861720190616,-0.0016908404072472668,-2.28845473248905e-05,0.9999985702664852,43.71192141487773,-0.701545854912585,-644.3685929171885,73.72084291204852,-89.98019409179688,3691.54248046875,True
1598628929.524977,0,5,0.5,0.5,-0.002991061401367188,-0.14,-0.011,-0.56,-0.0002488398211049084,10,1,100,0.018546626843389123,-10,-1,-100,11217.833369104424,-0.0016903183319594522,-2.2859841397687183e-05,0.9999985711496615,43.69438315903281,-0.7011671036805927,-644.0294123485794,73.72116933188799,-89.98019409179688,3691.0673828125,True
1598628929.5738585,0,5,0.5,0.5,-0.0029695983886718754,-0.14,-0.011,-0.56,-0.00027406225417578463,10,1,100,0.018506807156960008,-10,-1,-100,11220.76790869853,-0.0016894907255308803,-2.30664180186399e-05,0.9999985725434956,43.67689062635189,-0.7007888391845213,-643.6909680785275,73.72149391362994,-89.980224609375,3690.592529296875,True
1598628929.62598,0,5,0.5,0.5,-0.0029865875244140627,-0.14,-0.011,-0.56,-0.00024257357893475284,10,1,100,0.01850093481987504,-10,-1,-100,11223.715143624926,-0.0016886940688422658,-2.296760782464613e-05,0.9999985738913987,43.659346022003156,-0.7004100205512472,-643.3518442987122,73.72181937804115,-89.980224609375,3690.11767578125,True
1598628929.6764662,0,5,0.5,0.5,-0.0029864868164062503,-0.14,-0.011,-0.56,-0.0002547008386936816,10,1,100,0.01851437477784802,-10,-1,-100,11226.675074095954,-0.0016881010305642443,-2.2987796663291233e-05,0.9999985748922204,43.64183867154344,-0.7000317996275656,-643.0133692801661,73.72214766162594,-89.980224609375,3689.64306640625,True
1598628929.728007,0,5,0.5,0.5,-0.002965057373046875,-0.14,-0.011,-0.56,-0.00024260318782465246,10,1,100,0.01848823174029988,-10,-1,-100,11229.61059030681,-0.0016873330779105654,-2.289593306737204e-05,0.9999985761904167,43.62431620625927,-0.6996537096204648,-642.6747867125943,73.72247961331962,-89.98025512695312,3689.16845703125,True
1598628929.776872,0,5,0.5,0.5,-0.002982046508789063,-0.14,-0.011,-0.56,-0.000268774276710649,10,1,100,0.01850108198368279,-10,-1,-100,11232.581262746942,-0.0016867598832395667,-2.3050092914072667e-05,0.9999985771538825,43.60682109145517,-0.6992759075894299,-642.3367205824794,73.72281633042459,-89.98025512695312,3688.69384765625,True
1598628929.8290327,0,5,0.5,0.5,-0.0029605834960937504,-0.14,-0.011,-0.56,-0.00027202255517298703,10,1,100,0.018477689725768437,-10,-1,-100,11235.517755648121,-0.0016860339022056255,-2.3219311330654422e-05,0.9999985783742616,43.589337479586895,-0.6988986047724832,-641.9989009953738,73.7231531187223,-89.98028564453125,3688.219482421875,True
1598628929.8885326,0,5,0.5,0.5,-0.0029775390625000004,-0.14,-0.011,-0.56,-0.0002508049416036098,10,1,100,0.018466220033971935,-10,-1,-100,11238.464013704564,-0.0016852768911739036,-2.3179827157557715e-05,0.9999985796512391,43.57185541470993,-0.6985212324594958,-641.6611875810494,73.72349045653738,-89.98028564453125,3687.7451171875,True
1598628929.9879055,0,5,0.5,0.5,-0.002956076049804688,-0.14,-0.011,-0.56,-0.0002553793241663753,10,1,100,0.01846475549116385,-10,-1,-100,11241.422967778752,-0.0016845818187955924,-2.3185219504151935e-05,0.9999985808222638,43.55438952664416,-0.6981441169085247,-641.3238528656653,73.72383357392064,-89.98031616210938,3687.270751953125,True
1598628930.0802605,0,5,0.5,0.5,-0.0029516693115234378,-0.14,-0.011,-0.56,-0.00023964284688221071,10,1,100,0.018337775994920567,-10,-1,-100,11247.302789496374,-0.0016828019532793897,-2.304668307070098e-05,0.9999985838222154,43.519477190970285,-0.6973907820505127,-640.6502800862584,73.72458866848037,-89.9803466796875,3686.322265625,True
1598628930.1320217,0,5,0.5,0.5,-0.0029685913085937504,-0.14,-0.011,-0.56,-0.00021942544730655907,10,1,100,0.01834277521386824,-10,-1,-100,11253.211907858145,-0.0016812366488496097,-2.2736798920743452e-05,0.9999985864621852,43.484636688776774,-0.6966396482660016,-639.9788725235298,73.72543739146201,-89.9803466796875,3685.3740234375,True
1598628930.182842,0,5,0.5,0.5,-0.002968423461914063,-0.14,-0.011,-0.56,-0.0002886717585005461,10,1,100,0.01840608969042376,-10,-1,-100,11256.14547067252,-0.001680397487048596,-2.3084709833888257e-05,0.9999985878646938,43.467244947732716,-0.6962648225191335,-639.6432527656691,73.72580731670186,-89.9803466796875,3684.89990234375,True
1598628930.234797,0,5,0.5,0.5,-0.0029469268798828128,-0.14,-0.011,-0.56,-0.00025857341888118257,10,1,100,0.018412611526026385,-10,-1,-100,11259.103447639616,-0.001679702168679046,-2.312735458401182e-05,0.9999985890318794,43.44989623168,-0.6958903920714532,-639.3082778958048,73.72616973787358,-89.98037719726562,3684.426025390625,True
1598628930.2849293,0,5,0.5,0.5,-0.0029638488769531254,-0.14,-0.011,-0.56,-0.0002172011157652102,10,1,100,0.018383326901983812,-10,-1,-100,11262.050682941335,-0.0016788120116701254,-2.2789865467834072e-05,0.9999985905344325,43.432469238406455,-0.6955148833397371,-638.9719138937046,73.72649323998135,-89.98037719726562,3683.9521484375,True
1598628930.3341634,0,5,0.5,0.5,-0.002963681030273438,-0.14,-0.011,-0.56,-0.00023593056390318914,10,1,100,0.018402712258820248,-10,-1,-100,11265.010613118415,-0.001678187453104978,-2.2653504828195433e-05,0.9999985915858537,43.415027527177955,-0.6951395943799159,-638.6354296892046,73.72681864232094,-89.98037719726562,3683.478515625,True
1598628930.3839426,0,5,0.5,0.5,-0.0029421844482421878,-0.14,-0.011,-0.56,-0.00028700251625282756,10,1,100,0.01837533660413681,-10,-1,-100,11267.958824378555,-0.0016773791172075452,-2.299405147555627e-05,0.9999985929342953,43.39759452843976,-0.6947644036922174,-638.2991850785917,73.72714723326631,-89.98040771484375,3683.0048828125,True
1598628930.4356718,0,5,0.5,0.5,-0.0029591064453125004,-0.14,-0.011,-0.56,-0.0002592474402525326,10,1,100,0.018377512057166093,-10,-1,-100,11270.894340541796,-0.001676672571206538,-2.305137141082573e-05,0.9999985941178734,43.38019066822033,-0.694389466390811,-637.9634586230462,73.72747722267486,-89.98040771484375,3682.53125,True
1598628930.4850326,0,5,0.5,0.5,-0.0029589721679687503,-0.14,-0.011,-0.56,-0.0002393283487084376,10,1,100,0.018343694591460444,-10,-1,-100,11273.866966508795,-0.001675731335454661,-2.29225504651424e-05,0.9999985956985381,43.36279687479709,-0.6940149584053874,-637.6279932057331,73.72781157769442,-89.98040771484375,3682.057861328125,True
1598628930.5440512,0,5,0.5,0.5,-0.002958837890625,-0.14,-0.011,-0.56,-0.00024293724896198567,10,1,100,0.018365952291727293,-10,-1,-100,11276.798575978028,-0.0016750866870969435,-2.283848258654655e-05,0.9999985967805126,43.345383977617885,-0.6936400385549735,-637.2923746212635,73.72815135844132,-89.98040771484375,3681.58447265625,True
1598628930.5949569,0,5,0.5,0.5,-0.0029373748779296877,-0.14,-0.011,-0.56,-0.00024778555615220533,10,1,100,0.018346133482758716,-10,-1,-100,11279.733116031857,-0.0016743291040826665,-2.2806447977659235e-05,0.9999985980499758,43.32800366253711,-0.693266200996261,-636.9573428711716,73.72849432106557,-89.98043823242188,3681.111083984375,True
1598628930.6549504,0,5,0.5,0.5,-0.0029543640136718754,-0.14,-0.011,-0.56,-0.00025236230299653813,10,1,100,0.018346715336552043,-10,-1,-100,11282.707694775192,-0.0016736533844216239,-2.2819150790976557e-05,0.9999985991808364,43.31062372892172,-0.6928921692638144,-636.6226551570047,73.72886845000713,-89.98043823242188,3680.6376953125,True
1598628930.7037973,0,5,0.5,0.5,-0.0029329010009765625,-0.14,-0.011,-0.56,-0.00028363344201278254,10,1,100,0.018321176209306633,-10,-1,-100,11285.641257591546,-0.0016728138138133795,-2.3114907019712497e-05,0.9999986005788435,43.293288619370514,-0.6925191311501434,-636.2884137162408,73.7292069754917,-89.98046875,3680.16455078125,True
1598628930.7560592,0,5,0.5,0.5,-0.002949856567382813,-0.14,-0.011,-0.56,-0.00023004622078063802,10,1,100,0.018297407593524825,-10,-1,-100,11288.617789496202,-0.0016718413837289912,-2.289659230992038e-05,0.99999860221009,43.27588073839169,-0.6921450769169332,-635.9534419621131,73.7295766414595,-89.98046875,3679.69140625,True
1598628930.8529248,0,5,0.5,0.5,-0.0029283935546875,-0.14,-0.011,-0.56,-0.00023195279545110858,10,1,100,0.018322930747028756,-10,-1,-100,11291.548422717722,-0.0016711965312159011,-2.271566667281736e-05,0.9999986032921009,43.258564757636634,-0.6917728256356872,-635.6196892032665,73.72992070888067,-89.98049926757812,3679.21826171875,True
1598628930.950878,0,5,0.5,0.5,-0.0029239868164062503,-0.14,-0.011,-0.56,-0.00026593799471781273,10,1,100,0.01821993661381931,-10,-1,-100,11297.455587851931,-0.0016696809145206918,-2.2860212631325576e-05,0.9999986058205553,43.2238598904909,-0.6910271805569784,-634.9515725372705,73.73063362509924,-89.98052978515625,3678.2724609375,True
1598628930.994816,0,5,0.5,0.5,-0.002919546508789063,-0.14,-0.011,-0.56,-0.00025757339427614286,10,1,100,0.018174691436952897,-10,-1,-100,11303.33736249071,-0.0016678994945886108,-2.2915388309769566e-05,0.9999986087921128,43.1892110637609,-0.690282863742891,-634.2856552636893,73.73147156354622,-89.98056030273438,3677.32666015625,True
1598628931.0470057,0,5,0.5,0.5,-0.002915106201171875,-0.14,-0.011,-0.56,-0.0002460769449350125,10,1,100,0.018257309407410383,-10,-1,-100,11306.296316115768,-0.0016670397122205314,-2.286110635358636e-05,0.999998610227018,43.171974666330236,-0.6899123078396306,-633.9542444220713,73.73190737280623,-89.9805908203125,3676.853759765625,True
1598628931.0960758,0,5,0.5,0.5,-0.0029319946289062503,-0.14,-0.011,-0.56,-0.0002618985432701988,10,1,100,0.018267954661140236,-10,-1,-100,11309.24550392956,-0.0016663636240643544,-2.2955764801064445e-05,0.9999986113516883,43.15471276601648,-0.689541425210789,-633.621951679288,73.73227240960713,-89.9805908203125,3676.381103515625,True
1598628931.145838,0,5,0.5,0.5,-0.002931793212890625,-0.14,-0.011,-0.56,-0.00025301571625703067,10,1,100,0.018245642393681982,-10,-1,-100,11312.176137276809,-0.0016655546757740186,-2.2961034767437612e-05,0.9999986126992442,43.13739248683987,-0.6891696086381952,-633.2885148834674,73.73259389707509,-89.9805908203125,3675.90869140625,True
1598628931.1969845,0,5,0.5,0.5,-0.0029315917968750003,-0.14,-0.011,-0.56,-0.00024078317112511972,10,1,100,0.01826581558681109,-10,-1,-100,11315.13802063989,-0.0016650113263669988,-2.285450927914049e-05,0.9999986136065162,43.12006527901491,-0.6887978617480103,-632.9550291335619,73.73291311168353,-89.9805908203125,3675.43603515625,True
1598628931.2493877,0,5,0.5,0.5,-0.002931423950195313,-0.14,-0.011,-0.56,-0.0002847778896733571,10,1,100,0.018229008416974855,-10,-1,-100,11318.085255454993,-0.0016641912324327566,-2.315757622085301e-05,0.999998614964675,43.10274629495151,-0.6884257369469449,-632.6217628019608,73.73323322998144,-89.9805908203125,3674.9638671875,True
1598628931.3010209,0,5,0.5,0.5,-0.002931256103515625,-0.14,-0.011,-0.56,-0.0002624682717143298,10,1,100,0.018239092733754188,-10,-1,-100,11321.044208981912,-0.0016635459700559748,-2.322996925420971e-05,0.9999986160366293,43.085454130331854,-0.6880546323672008,-632.2889710383304,73.7335535782243,-89.9805908203125,3674.491455078125,True
1598628931.356024,0,5,0.5,0.5,-0.0029311218261718753,-0.14,-0.011,-0.56,-0.00021403024696853778,10,1,100,0.01819347907561307,-10,-1,-100,11323.994374055415,-0.001662553123588306,-2.285533082117724e-05,0.9999986176964171,43.06813852207191,-0.6876830934075336,-631.9559558076415,73.7338801900564,-89.9805908203125,3674.019287109375,True
1598628931.4068668,0,5,0.5,0.5,-0.002909625244140625,-0.14,-0.011,-0.56,-0.00028157012827532014,10,1,100,0.018193818485254552,-10,-1,-100,11326.92500706506,-0.0016616620653054758,-2.3128786858926418e-05,0.9999986191711666,43.05085404058751,-0.68731246295464,-631.6235482157932,73.73421498697883,-89.98062133789062,3673.547119140625,True
1598628931.4592574,0,5,0.5,0.5,-0.002926580810546875,-0.14,-0.011,-0.56,-0.00025729839951396443,10,1,100,0.01819856023313763,-10,-1,-100,11329.89958613168,-0.001660903786816304,-2.3156355613425974e-05,0.9999986204302453,43.03353792979235,-0.6869415301297078,-631.2910118991093,73.73458079091958,-89.98062133789062,3673.074951171875,True
1598628931.5499594,0,5,0.5,0.5,-0.0029051177978515626,-0.14,-0.011,-0.56,-0.0002453102543417163,10,1,100,0.018190095243750877,-10,-1,-100,11332.833148990525,-0.0016601454674932722,-2.3072165758694133e-05,0.9999986216914011,43.01627559631232,-0.6865714723186759,-630.9593665285341,73.73494955610576,-89.98065185546875,3672.60302734375,True
1598628931.6020384,0,5,0.5,0.5,-0.0029434692382812504,-0.14,-0.011,-0.56,-0.00023603488958746037,10,1,100,0.018118518925871043,-10,-1,-100,11338.740314070135,-0.0016588124416071497,-2.29111655044002e-05,0.9999986239072344,42.9817958104305,-0.6858318272601505,-630.296980778763,73.73568640070528,-89.98062133789062,3671.6591796875,True
1598628931.6531355,0,5,0.5,0.5,-0.0029049835205078125,-0.14,-0.011,-0.56,-0.0002642185399135718,10,1,100,0.01812495634717226,-10,-1,-100,11341.672900359845,-0.0016576666012412433,-2.302097113150599e-05,0.9999986258047928,42.96459370912213,-0.6854627709243486,-629.966661238732,73.73607772000821,-89.98065185546875,3671.18701171875,True
1598628931.7520037,0,5,0.5,0.5,-0.0029220062255859375,-0.14,-0.011,-0.56,-0.00026037078318869315,10,1,100,0.018184457900494232,-10,-1,-100,11344.648455488146,-0.001657173757777731,-2.3085755543802866e-05,0.9999986266201492,42.947378624606685,-0.6850939371030855,-629.6359863735402,73.73643958273405,-89.98065185546875,3670.71533203125,True
1598628931.8082886,0,5,0.5,0.5,-0.0028792144775390623,-0.14,-0.011,-0.56,-0.00024195475956840677,10,1,100,0.018063832457187352,-10,-1,-100,11350.52925338829,-0.001655636742342654,-2.2977118685000725e-05,0.9999986291685751,42.912865486534145,-0.6843545819507197,-628.9734248139472,73.73713507707501,-89.980712890625,3669.772216796875,True
1598628931.8538134,0,5,0.5,0.5,-0.0029132598876953127,-0.14,-0.011,-0.56,-0.00026897448867628683,10,1,100,0.018109530157227164,-10,-1,-100,11353.489183671307,-0.0016546634115693316,-2.3123880342155997e-05,0.999998630776203,42.8956609717105,-0.683986189441063,-628.6433767927304,73.7375259552165,-89.980712890625,3669.300537109375,True
1598628931.902011,0,5,0.5,0.5,-0.0029131256103515626,-0.14,-0.011,-0.56,-0.0002548476864468004,10,1,100,0.01813025197918259,-10,-1,-100,11356.439347957377,-0.001653975607266691,-2.3128905188282456e-05,0.9999986319139363,42.878439519093966,-0.68361776133289,-628.3134012028861,73.73794624777676,-89.980712890625,3668.8291015625,True
1598628931.9519925,0,5,0.5,0.5,-0.0029129913330078125,-0.14,-0.011,-0.56,-0.00020578274619837805,10,1,100,0.01813166364918807,-10,-1,-100,11359.369981180644,-0.0016533718643214213,-2.2687520195289877e-05,0.999998632922443,42.861274556948594,-0.6832500620563372,-627.9835414338944,73.73827146241098,-89.980712890625,3668.357666015625,True
1598628932.0013714,0,5,0.5,0.5,-0.0028914947509765627,-0.14,-0.011,-0.56,-0.0002594648824307699,10,1,100,0.018097433366994403,-10,-1,-100,11362.346513151191,-0.0016525201693142037,-2.2774433086160083e-05,0.9999986343282751,42.844059446228705,-0.6828818719494952,-627.6529855088163,73.73859141158468,-89.98074340820312,3667.886474609375,True
1598628932.0528352,0,5,0.5,0.5,-0.0028870880126953126,-0.14,-0.011,-0.56,-0.0002455865515214471,10,1,100,0.018087022596390143,-10,-1,-100,11365.276169798337,-0.001651659568571232,-2.2727600300296215e-05,0.9999986357511321,42.826826077585785,-0.6825134969807466,-627.3222007834557,73.73890669551066,-89.98077392578125,3667.4150390625,True
1598628932.1018443,0,5,0.5,0.5,-0.002904010009765625,-0.14,-0.011,-0.56,-0.0002917863592147053,10,1,100,0.018106707908295973,-10,-1,-100,11368.21168566274,-0.0016510645654751698,-2.3105413069734254e-05,0.999998636725041,42.80962798355704,-0.6821460543128556,-626.9919855023511,73.739218854137,-89.98077392578125,3666.944091796875,True
1598628932.158962,0,5,0.5,0.5,-0.002882513427734375,-0.14,-0.011,-0.56,-0.00022425086333097388,10,1,100,0.018063807591801574,-10,-1,-100,11371.18626436952,-0.0016501419060579079,-2.283488994545215e-05,0.9999986382542018,42.79240775196637,-0.6817783350416395,-626.6615960961796,73.73953947480001,-89.98080444335938,3666.47314453125,True
1598628932.2088718,0,5,0.5,0.5,-0.00289940185546875,-0.14,-0.011,-0.56,-0.0002330404382058451,10,1,100,0.01806393565538981,-10,-1,-100,11374.120804096456,-0.0016493121712889713,-2.2668934400020836e-05,0.9999986396268152,42.77523342173537,-0.6814114292414158,-626.332043360644,73.73986904850372,-89.98080444335938,3666.001953125,True
1598628932.3001146,0,5,0.5,0.5,-0.0028778717041015624,-0.14,-0.011,-0.56,-0.0002681933756028354,10,1,100,0.018073792438090572,-10,-1,-100,11377.09342950175,-0.001648655069005356,-2.2837957913902722e-05,0.9999986407065217,42.75802087201474,-0.6810439522905546,-626.0022332290508,73.74022659401436,-89.9808349609375,3665.53125,True
1598628932.3941069,0,5,0.5,0.5,-0.002873397827148438,-0.14,-0.011,-0.56,-0.0002483216953824878,10,1,100,0.01796607123784713,-10,-1,-100,11382.975203790935,-0.0016470861639169222,-2.2811189286001186e-05,0.9999986432924887,42.72368734515892,-0.6803117550624254,-625.3443257157929,73.74095772666044,-89.98086547851562,3664.589599609375,True
1598628932.4449332,0,5,0.5,0.5,-0.0028903198242187502,-0.14,-0.011,-0.56,-0.00023903921513883028,10,1,100,0.0179709368281531,-10,-1,-100,11388.884322264348,-0.00164571189245606,-2.2702618830601993e-05,0.9999986455575619,42.689382392941674,-0.6795802936352576,-624.6878640848322,73.74177566988075,-89.98086547851562,3663.64794921875,True
1598628932.4940042,0,5,0.5,0.5,-0.0028687896728515627,-0.14,-0.011,-0.56,-0.00024470448953887167,10,1,100,0.017998151971444068,-10,-1,-100,11391.815931771416,-0.0016447181029025698,-2.2655803876159062e-05,0.9999986471936233,42.67231613148043,-0.6792164360539048,-624.36113119201,73.74219892713577,-89.98089599609375,3663.177490234375,True
1598628932.5451736,0,5,0.5,0.5,-0.002885678100585938,-0.14,-0.011,-0.56,-0.00025316005346916935,10,1,100,0.01801747949453361,-10,-1,-100,11394.790510007297,-0.00164399877852236,-2.2690543681770124e-05,0.9999986483756642,42.655227994579214,-0.6788524091960276,-624.0336109499395,73.74255586694022,-89.98089599609375,3662.70703125,True
1598628932.5938635,0,5,0.5,0.5,-0.002885476684570313,-0.14,-0.011,-0.56,-0.00025600279523991235,10,1,100,0.017999359693184475,-10,-1,-100,11397.723096390488,-0.0016431886427879037,-2.2747965681617408e-05,0.9999986497058956,42.638063869007574,-0.6784872703192737,-623.7047000014932,73.74287017012578,-89.98089599609375,3662.236572265625,True
1598628932.6419294,0,5,0.5,0.5,-0.0028853088378906254,-0.14,-0.011,-0.56,-0.00023937104160599688,10,1,100,0.018008339652667515,-10,-1,-100,11400.6566593264,-0.0016425422749578131,-2.264899380062893e-05,0.9999986507700388,42.62091940192292,-0.678122602784442,-623.3760951767396,73.74317713948906,-89.98089599609375,3661.766357421875,True
1598628932.6962996,0,5,0.5,0.5,-0.0029065368652343754,-0.14,-0.011,-0.56,-0.0002203393290347335,10,1,100,0.017991950276792498,-10,-1,-100,11403.630261199782,-0.0016418139619621519,-2.238607525499125e-05,0.9999986519719805,42.603770492891194,-0.6777577473228402,-623.0475104480626,73.74348563091351,-89.98086547851562,3661.2958984375,True
1598628932.742177,0,5,0.5,0.5,-0.002889346313476563,-0.14,-0.011,-0.56,-0.0002577872534656824,10,1,100,0.017980328793571997,-10,-1,-100,11406.562848023488,-0.0016410546190309217,-2.248814801543357e-05,0.9999986532161034,42.586647342177386,-0.677393398196699,-622.7194494290694,73.74380245276862,-89.98086547851562,3660.825927734375,True
1598628932.7919445,0,5,0.5,0.5,-0.002867916870117188,-0.14,-0.011,-0.56,-0.00028662688205381394,10,1,100,0.017983023537297853,-10,-1,-100,11409.537426430965,-0.0016403970661155174,-2.2843435095664167e-05,0.9999986542869159,42.56950836738572,-0.6770288818345492,-622.3915250719085,73.74415405030226,-89.98089599609375,3660.355712890625,True
1598628932.8367743,0,5,0.5,0.5,-0.0028849060058593755,-0.14,-0.011,-0.56,-0.0002344920579307186,10,1,100,0.017938538937212787,-10,-1,-100,11412.47098916315,-0.0016394029899236252,-2.269231176684962e-05,0.9999986559205446,42.55239720345884,-0.6766650828536667,-622.0641102928912,73.74450906931463,-89.98089599609375,3659.8857421875,True
1598628932.8863676,0,5,0.5,0.5,-0.0028848388671875004,-0.14,-0.011,-0.56,-0.00023051100557925432,10,1,100,0.01797490786998436,-10,-1,-100,11415.4201771121,-0.0016388383219371754,-2.2518867943047678e-05,0.9999986568500255,42.53531396830544,-0.6763018819001304,-621.7369678550378,73.74483803749382,-89.98089599609375,3659.415771484375,True
1598628932.9362025,0,5,0.5,0.5,-0.002863442993164063,-0.14,-0.011,-0.56,-0.0002656086090581486,10,1,100,0.01796161432706472,-10,-1,-100,11418.380107213161,-0.001638211635052024,-2.268052660880218e-05,0.9999986578732155,42.51819718978519,-0.6759379666049941,-621.4093882916468,73.74516502635316,-89.98092651367188,3658.94580078125,True
1598628932.9871974,0,5,0.5,0.5,-0.002880465698242188,-0.14,-0.011,-0.56,-0.00025572803542943384,10,1,100,0.017962385761731977,-10,-1,-100,11421.33027177467,-0.001637655751160138,-2.2737685719428687e-05,0.9999986587824197,42.50110632048116,-0.6755749640972661,-621.0822747611353,73.74549369636384,-89.98092651367188,3658.47607421875,True
1598628933.0373068,0,5,0.5,0.5,-0.00285906982421875,-0.14,-0.011,-0.56,-0.0002432334977441335,10,1,100,0.017893291279650857,-10,-1,-100,11424.258951939177,-0.0016365286908319972,-2.2675987403001626e-05,0.9999986606289251,42.48402033139638,-0.6752122468652293,-620.7553572820108,73.74582709367583,-89.98095703125,3658.00634765625,True
1598628933.087313,0,5,0.5,0.5,-0.002854730224609375,-0.14,-0.011,-0.56,-0.00027867347733052526,10,1,100,0.01793410914414457,-10,-1,-100,11427.23450690636,-0.0016358819530178943,-2.294209289001583e-05,0.9999986616810524,42.46692063582552,-0.6748494684380923,-620.428348838956,73.74616481718184,-89.98098754882812,3657.53662109375,True
1598628933.1389995,0,5,0.5,0.5,-0.002871719360351563,-0.14,-0.011,-0.56,-0.00022150682599818072,10,1,100,0.017920089371653777,-10,-1,-100,11430.169046600582,-0.0016351731995185843,-2.266413365954525e-05,0.9999986628465785,42.44986934469751,-0.674487400838336,-620.1021176939199,73.74650230153279,-89.98098754882812,3657.067138671875,True
1598628933.188038,0,5,0.5,0.5,-0.0028502563476562504,-0.14,-0.011,-0.56,-0.00027365675704043863,10,1,100,0.01789545799205851,-10,-1,-100,11433.115304697887,-0.0016343116556823813,-2.288551996872078e-05,0.9999986642499404,42.4328057646514,-0.6741250595539622,-619.775797568351,73.74684122501019,-89.98101806640625,3656.59765625,True
1598628933.2433014,0,5,0.5,0.5,-0.002845816040039063,-0.14,-0.011,-0.56,-0.0002529476844392712,10,1,100,0.017923101080880865,-10,-1,-100,11436.076211348642,-0.0016337865550990179,-2.2898061912766346e-05,0.9999986651076946,42.41575988065438,-0.6737631837108117,-619.4498300487655,73.74718199762286,-89.98104858398438,3656.128173828125,True
1598628933.2859387,0,5,0.5,0.5,-0.002862704467773438,-0.14,-0.011,-0.56,-0.00022118376220272058,10,1,100,0.017898124541998635,-10,-1,-100,11439.007821016596,-0.0016330887388187872,-2.2620328101659736e-05,0.9999986662538565,42.398713269968404,-0.6734014179972753,-619.1239276134115,73.7475229357271,-89.98104858398438,3655.65869140625,True
1598628933.338919,0,5,0.5,0.5,-0.0028625366210937504,-0.14,-0.011,-0.56,-0.0002708245675456021,10,1,100,0.01790161243268794,-10,-1,-100,11441.99607160699,-0.0016324927124132954,-2.28193256919472e-05,0.999998667222523,42.38162600682024,-0.6730389157044943,-618.797769171142,73.74789551824188,-89.98104858398438,3655.189453125,True
1598628933.3869092,0,5,0.5,0.5,-0.002841006469726563,-0.14,-0.011,-0.56,-0.0002498740169740351,10,1,100,0.01786232755279354,-10,-1,-100,11444.977486047312,-0.0016316000170251814,-2.2809657574353287e-05,0.9999986686796659,42.36464196930328,-0.6726783280584018,-618.4729768608566,73.74824133156129,-89.9810791015625,3654.72021484375,True
1598628933.4298496,0,5,0.5,0.5,-0.0028578948974609377,-0.14,-0.011,-0.56,-0.0002670077020450435,10,1,100,0.017849263499375594,-10,-1,-100,11447.976478239172,-0.001630676291918471,-2.2956364795703165e-05,0.9999986701830338,42.34758921024993,-0.6723165197276935,-618.1474858065257,73.74861489740249,-89.9810791015625,3654.2509765625,True
1598628933.4841664,0,5,0.5,0.5,-0.0028363647460937502,-0.14,-0.011,-0.56,-0.0002447578251946558,10,1,100,0.017855095134905703,-10,-1,-100,11450.981330450973,-0.0016298964070018565,-2.2887212627211437e-05,0.9999986714560565,42.33060792919269,-0.67195623626992,-617.8228584282473,73.74895804366459,-89.98110961914062,3653.781982421875,True
1598628933.533947,0,5,0.5,0.5,-0.002853253173828125,-0.14,-0.011,-0.56,-0.0002612709961565357,10,1,100,0.017854308614914702,-10,-1,-100,11453.986182207707,-0.0016291873244815237,-2.2974330821956245e-05,0.9999986726095399,42.31360029496699,-0.6715952381153099,-617.497906332394,73.7492983806117,-89.98110961914062,3653.31298828125,True
1598628933.5761313,0,5,0.5,0.5,-0.0028530853271484377,-0.14,-0.011,-0.56,-0.00021465266757111776,10,1,100,0.017844287172143675,-10,-1,-100,11456.965643888921,-0.0016284582739527122,-2.262945497238504e-05,0.9999986738048996,42.29656271953887,-0.6712335358733255,-617.1728115821921,73.74966564542959,-89.98110961914062,3652.843994140625,True
1598628933.6272495,0,5,0.5,0.5,-0.002831588745117188,-0.14,-0.011,-0.56,-0.00028575283884497277,10,1,100,0.01783624960789059,-10,-1,-100,11459.992956640199,-0.0016277291807779148,-2.296258088246229e-05,0.9999986749843391,42.27959266592403,-0.6708730970894061,-616.8487894993094,73.75003415943344,-89.98114013671875,3652.375,True
1598628933.6779811,0,5,0.5,0.5,-0.002869873046875,-0.14,-0.011,-0.56,-0.00025877107593025344,10,1,100,0.01782139249501251,-10,-1,-100,11462.970464820508,-0.0016269380714280625,-2.301986254946878e-05,0.9999986762704227,42.26261514069251,-0.6705129202243034,-616.5245066609481,73.75037403438637,-89.98110961914062,3651.90625,True
1598628933.729041,0,5,0.5,0.5,-0.0028313201904296877,-0.14,-0.011,-0.56,-0.0002544610136369462,10,1,100,0.017804946651728777,-10,-1,-100,11465.974339915556,-0.0016260760767022122,-2.3032632278098482e-05,0.9999986776721711,42.24562880754509,-0.6701523400472954,-616.2001625504383,73.75071211822556,-89.98114013671875,3651.4375,True
1598628933.824028,0,5,0.5,0.5,-0.0028696716308593754,-0.14,-0.011,-0.56,-0.0002250958785345323,10,1,100,0.017810161491552845,-10,-1,-100,11468.978215659736,-0.001625346862293837,-2.2777163011953236e-05,0.9999986788635163,42.22863755673456,-0.6697921280815726,-615.8757967174566,73.7510477496231,-89.98110961914062,3650.968994140625,True
1598628933.8731706,0,5,0.5,0.5,-0.0028311523437500002,-0.14,-0.011,-0.56,-0.0002706517691027741,10,1,100,0.0177060409982329,-10,-1,-100,11474.983036469319,-0.0016237444282347008,-2.295892010706858e-05,0.9999986814625906,42.19466504311811,-0.6690720051287841,-615.2277190781886,73.75175197811329,-89.98114013671875,3650.031982421875,True
1598628933.9223742,0,5,0.5,0.5,-0.002848141479492188,-0.14,-0.011,-0.56,-0.00025468940892391844,10,1,100,0.01776935554964914,-10,-1,-100,11477.988865118474,-0.0016228712098157962,-2.297891456062464e-05,0.9999986828796356,42.17772412667305,-0.668712821665123,-614.904831300147,73.7521493555967,-89.98114013671875,3649.5634765625,True
1598628933.969857,0,5,0.5,0.5,-0.002848074340820313,-0.14,-0.011,-0.56,-0.00024345315986830992,10,1,100,0.017790183062170298,-10,-1,-100,11480.968326106551,-0.00162227465119172,-2.2894789747909824e-05,0.9999986838495263,42.16082874703116,-0.6683542742696382,-614.5824148914138,73.75251379294583,-89.98114013671875,3649.094970703125,True
1598628934.018913,0,5,0.5,0.5,-0.002848007202148438,-0.14,-0.011,-0.56,-0.00024262681350556545,10,1,100,0.017775579840772684,-10,-1,-100,11483.992709350307,-0.0016216072064668787,-2.2810856383096673e-05,0.9999986849340017,42.143850527817015,-0.6679943396896757,-614.2585866001849,73.75284507321742,-89.98114013671875,3648.626708984375,True
1598628934.0669482,0,5,0.5,0.5,-0.0028479736328125005,-0.14,-0.011,-0.56,-0.00027288513578597616,10,1,100,0.017754437259081435,-10,-1,-100,11486.976077004569,-0.0016208157688839524,-2.3009698396037646e-05,0.9999986862125355,42.12689601040328,-0.6676349535958133,-613.935166715815,73.75317363509578,-89.98114013671875,3648.15869140625,True
1598628934.1151228,0,5,0.5,0.5,-0.0028265777587890627,-0.14,-0.011,-0.56,-0.0002494801644062348,10,1,100,0.017749089915041105,-10,-1,-100,11489.977022770094,-0.0016200552784587415,-2.297765924291899e-05,0.9999986874455994,42.1099598473683,-0.6672760633421583,-613.6120626435827,73.75349864797505,-89.98117065429688,3647.6904296875,True
1598628934.1640303,0,5,0.5,0.5,-0.0028436004638671877,-0.14,-0.011,-0.56,-0.00024182601790680028,10,1,100,0.017758659128872943,-10,-1,-100,11492.980897997157,-0.001619458555466561,-2.287863304075214e-05,0.9999986884144175,42.09299249632585,-0.6669168007311891,-613.2886057516017,73.753827309087,-89.98117065429688,3647.222412109375,True
1598628934.2584686,0,5,0.5,0.5,-0.0028222045898437503,-0.14,-0.011,-0.56,-0.00028342962069776925,10,1,100,0.017715822458744656,-10,-1,-100,11495.981843414833,-0.0016185341744955138,-2.3166900107647185e-05,0.9999986899043523,42.07606070353572,-0.6665581722716744,-612.9658076615715,73.7541638612915,-89.981201171875,3646.75439453125,True
1598628934.3059103,0,5,0.5,0.5,-0.002817831420898438,-0.14,-0.011,-0.56,-0.00022709143995451207,10,1,100,0.017628879227812977,-10,-1,-100,11502.014008417143,-0.0016169110750560306,-2.291666212756018e-05,0.9999986925358464,42.042221162373494,-0.6658409836226602,-612.321082059425,73.75487487274229,-89.98123168945312,3645.818603515625,True
1598628934.3551354,0,5,0.5,0.5,-0.002813458251953125,-0.14,-0.011,-0.56,-0.00024695921568042783,10,1,100,0.017713413488149456,-10,-1,-100,11504.95147773088,-0.0016162123552065104,-2.2869894625126263e-05,0.9999986936664422,42.02531721900743,-0.6654828815996929,-611.9991482974325,73.75524002379515,-89.98126220703125,3645.350830078125,True
1598628934.40316,0,5,0.5,0.5,-0.0028090179443359376,-0.14,-0.011,-0.56,-0.00028418914394112504,10,1,100,0.017716709775633076,-10,-1,-100,11507.927032348234,-0.0016156154256905134,-2.3165748305635246e-05,0.9999986946242202,42.00844176603691,-0.6651252030637737,-611.6776594574055,73.75560019041222,-89.98129272460938,3644.883056640625,True
1598628934.457193,0,5,0.5,0.5,-0.0028259399414062502,-0.14,-0.011,-0.56,-0.00025927091170918257,10,1,100,0.01769068780606001,-10,-1,-100,11510.85961866402,-0.0016148435891367103,-2.320798878744524e-05,0.9999986958699355,41.99154233385312,-0.6647669556553253,-611.3556574114401,73.75592996291256,-89.98129272460938,3644.41552734375,True
1598628934.505894,0,5,0.5,0.5,-0.0028044097900390627,-0.14,-0.011,-0.56,-0.0002483035248133533,10,1,100,0.017673393583517296,-10,-1,-100,11513.808806343703,-0.001613991997174391,-2.3146477458922403e-05,0.9999986972461883,41.97462267217675,-0.664408943786716,-611.033455290556,73.756263402816,-89.9813232421875,3643.947998046875,True
1598628934.5561798,0,5,0.5,0.5,-0.0028212982177734376,-0.14,-0.011,-0.56,-0.00024930681014261,10,1,100,0.017670621317285952,-10,-1,-100,11516.766783208936,-0.001613200149928377,-2.3099450038066692e-05,0.999998698524999,41.957731925112284,-0.6640510996622806,-610.711996891694,73.75662620189952,-89.9813232421875,3643.48046875,True
1598628934.6028807,0,5,0.5,0.5,-0.002821096801757813,-0.14,-0.011,-0.56,-0.0002513353189928999,10,1,100,0.01768888593923181,-10,-1,-100,11519.71597145847,-0.001612653973591998,-2.3074876468968708e-05,0.99999869940651,41.94087611105753,-0.6636936632279005,-610.3911152160357,73.75698855831381,-89.9813232421875,3643.01318359375,True
1598628934.6518168,0,5,0.5,0.5,-0.0028208953857421877,-0.14,-0.011,-0.56,-0.0002551884390206909,10,1,100,0.01764997440803792,-10,-1,-100,11522.646604464157,-0.0016118111282710653,-2.308750597179325e-05,0.9999987007650828,41.92399185759132,-0.6633361597482678,-610.0699226887131,73.75735325831612,-89.9813232421875,3642.545654296875,True
1598628934.702985,0,5,0.5,0.5,-0.0028207275390625002,-0.14,-0.011,-0.56,-0.00024958877344570285,10,1,100,0.01764071698771099,-10,-1,-100,11525.623135762522,-0.001610968241567416,-2.3047981426653055e-05,0.9999987021242155,41.90715708280088,-0.6629795231786464,-609.7492431215427,73.757683243173,-89.9813232421875,3642.07861328125,True
1598628934.7578743,0,5,0.5,0.5,-0.002820559692382813,-0.14,-0.011,-0.56,-0.00026560920259002373,10,1,100,0.017649453431219677,-10,-1,-100,11528.554745528498,-0.0016102891216086311,-2.315753633385043e-05,0.9999987032154959,41.890270983142464,-0.6626224649320664,-609.4279059884676,73.75801570160078,-89.9813232421875,3641.611328125,True
1598628934.8103478,0,5,0.5,0.5,-0.0027990631103515626,-0.14,-0.011,-0.56,-0.00023720532853704763,10,1,100,0.017636232467020552,-10,-1,-100,11531.50295681553,-0.0016095590447469136,-2.299892317970626e-05,0.9999987043945263,41.87340637464436,-0.6622657613314634,-609.1069512703538,73.75834762185788,-89.98135375976562,3641.144287109375,True
1598628934.854902,0,5,0.5,0.5,-0.0028160186767578125,-0.14,-0.011,-0.56,-0.00027168645067749883,10,1,100,0.017604572245180576,-10,-1,-100,11534.463863415644,-0.0016086142019743608,-2.3168119367168255e-05,0.9999987059109565,41.85654554796193,-0.6619093052064756,-608.786364552443,73.75870820463251,-89.98135375976562,3640.67724609375,True
1598628934.9038525,0,5,0.5,0.5,-0.0027945556640625,-0.14,-0.011,-0.56,-0.00027337358084291547,10,1,100,0.017627964298827358,-10,-1,-100,11537.411098079057,-0.0016079748164444946,-2.3337000516599273e-05,0.9999987069353512,41.83970322265261,-0.6615528814168123,-608.4661067979936,73.75906736550166,-89.98138427734375,3640.210205078125,True
1598628934.9539545,0,5,0.5,0.5,-0.0028115447998046878,-0.14,-0.011,-0.56,-0.00023332973606811526,10,1,100,0.01759961520040941,-10,-1,-100,11540.37200458406,-0.0016071427838037675,-2.31263381979375e-05,0.9999987082777883,41.8229062952808,-0.6611973221162362,-608.1463868170341,73.75940156812382,-89.98138427734375,3639.7431640625,True
1598628935.005196,0,5,0.5,0.5,-0.002811444091796875,-0.14,-0.011,-0.56,-0.00023859849428570316,10,1,100,0.017608539090758553,-10,-1,-100,11543.320215903339,-0.0016064745175020378,-2.298279902894079e-05,0.9999987093548749,41.80607270644482,-0.6608414721216218,-607.8262000481405,73.75973448699514,-89.98138427734375,3639.2763671875,True
1598628935.0550175,0,5,0.5,0.5,-0.0027900146484375003,-0.14,-0.011,-0.56,-0.00026416170665673395,10,1,100,0.017605484479419703,-10,-1,-100,11546.251825542888,-0.0016058460675607235,-2.3084850513616767e-05,0.999998710361917,41.78920505839224,-0.6604854726594074,-607.5055842845009,73.76006751623918,-89.98141479492188,3638.809814453125,True
1598628935.1028981,0,5,0.5,0.5,-0.0028070037841796875,-0.14,-0.011,-0.56,-0.00026846305834787843,10,1,100,0.017569239563948586,-10,-1,-100,11549.226403750945,-0.0016049519357301254,-2.3216741060082107e-05,0.9999987117943039,41.77239644254184,-0.6601300914282564,-607.1859047503032,73.76039960180084,-89.98141479492188,3638.343017578125,True
1598628935.1538975,0,5,0.5,0.5,-0.002806903076171875,-0.14,-0.011,-0.56,-0.0002386296670149214,10,1,100,0.017581926877719048,-10,-1,-100,11552.158990142983,-0.0016042614296800967,-2.3065299940577248e-05,0.9999987129058003,41.75560640865905,-0.6597752710255386,-606.8665844478303,73.76073312543885,-89.98141479492188,3637.87646484375,True
1598628935.2038713,0,5,0.5,0.5,-0.0027854400634765627,-0.14,-0.011,-0.56,-0.0002486100017305744,10,1,100,0.017551859042260497,-10,-1,-100,11555.110130901798,-0.0016033672163109846,-2.3018376698470782e-05,0.9999987143410355,41.73877918688189,-0.6594200551594765,-606.5467846890988,73.76106636442555,-89.9814453125,3637.41015625,True
1598628935.2578268,0,5,0.5,0.5,-0.0028023956298828126,-0.14,-0.011,-0.56,-0.00025470179647141364,10,1,100,0.017560171112700126,-10,-1,-100,11558.067131408956,-0.0016026367693660216,-2.3031126071225427e-05,0.9999987155116513,41.721978355703406,-0.6590650445859946,-606.2274657189284,73.76140090136107,-89.9814453125,3636.943603515625,True
1598628935.2988732,0,5,0.5,0.5,-0.0028022613525390625,-0.14,-0.011,-0.56,-0.0002744956669492653,10,1,100,0.017555505456514846,-10,-1,-100,11561.015342090162,-0.0016019372683164096,-2.3222775605585232e-05,0.999998716628022,41.70517043514005,-0.6587105202903449,-605.9081695650864,73.76174169832719,-89.9814453125,3636.477294921875,True
1598628935.3448262,0,5,0.5,0.5,-0.00280216064453125,-0.14,-0.011,-0.56,-0.00022886729254841125,10,1,100,0.0175667385237157,-10,-1,-100,11563.949881815002,-0.0016014104059517069,-2.2981995549153765e-05,0.9999987174774474,41.68836604550406,-0.6583556745675264,-605.5892475935582,73.7621142137686,-89.9814453125,3636.0107421875,True
1598628935.3940363,0,5,0.5,0.5,-0.0028020599365234378,-0.14,-0.011,-0.56,-0.00023548492903886366,10,1,100,0.017532740935608908,-10,-1,-100,11566.924460114795,-0.0016006289200882996,-2.282343412396383e-05,0.9999987187322545,41.67160383584209,-0.6580017167564454,-605.2707513228651,73.76245332038232,-89.9814453125,3635.54443359375,True
1598628935.4411986,0,5,0.5,0.5,-0.0027806304931640626,-0.14,-0.011,-0.56,-0.0002715403383285002,10,1,100,0.017506167985176874,-10,-1,-100,11569.85704621009,-0.0015996835842052347,-2.3007530700417526e-05,0.9999987202407231,41.65483253270208,-0.6576476839475109,-604.9522162357456,73.7627949646619,-89.98147583007812,3635.078369140625,True
1598628935.4899614,0,5,0.5,0.5,-0.0027976196289062503,-0.14,-0.011,-0.56,-0.000247966721842984,10,1,100,0.01750497364445581,-10,-1,-100,11572.831624705228,-0.0015988201113955284,-2.2960693626868484e-05,0.999998721622712,41.63805095993636,-0.6572941972450305,-604.6335863628884,73.76313498992172,-89.98147583007812,3634.6123046875,True
1598628935.540112,0,5,0.5,0.5,-0.0027761566162109374,-0.14,-0.011,-0.56,-0.0002433922415423907,10,1,100,0.017539399719986856,-10,-1,-100,11575.763234276441,-0.0015983550589879925,-2.2876548380365845e-05,0.9999987223680683,41.6212755489848,-0.656940789854769,-604.3151168666783,73.76347399959465,-89.98150634765625,3634.146240234375,True
1598628935.5922236,0,5,0.5,0.5,-0.002793145751953125,-0.14,-0.011,-0.56,-0.0002621864957723323,10,1,100,0.017483347587490303,-10,-1,-100,11578.713398462045,-0.0015974295292389665,-2.2971098923938598e-05,0.9999987238447995,41.60450674242374,-0.6565871556262884,-603.9968336796545,73.76381565500849,-89.98150634765625,3633.68017578125,True
1598628935.6468308,0,5,0.5,0.5,-0.0027716827392578127,-0.14,-0.011,-0.56,-0.00023197903634040675,10,1,100,0.017509373305750267,-10,-1,-100,11581.671375524485,-0.0015968315745481163,-2.278266400702009e-05,0.9999987248041232,41.58778165418014,-0.6562346002850321,-603.6792644636342,73.76415645016898,-89.98153686523438,3633.21435546875,True
1598628935.6913822,0,5,0.5,0.5,-0.0027886383056640626,-0.14,-0.011,-0.56,-0.0002792329893388941,10,1,100,0.017446397377169017,-10,-1,-100,11584.621539391344,-0.0015957222253467247,-2.3041197869747292e-05,0.9999987265690307,41.571037499854995,-0.6558820866774195,-603.3614501429921,73.76449223635782,-89.98153686523438,3632.748779296875,True
1598628935.7400305,0,5,0.5,0.5,-0.00276717529296875,-0.14,-0.011,-0.56,-0.00024246194461248496,10,1,100,0.017504177597863088,-10,-1,-100,11587.553149677464,-0.0015952459507981005,-2.294192568273987e-05,0.9999987273312024,41.55426149489491,-0.6555291698996216,-603.0434668011366,73.7648554078417,-89.9815673828125,3632.282958984375,True
1598628935.7909732,0,5,0.5,0.5,-0.002784130859375,-0.14,-0.011,-0.56,-0.00025790148070614356,10,1,100,0.017462873985890963,-10,-1,-100,11590.530657405849,-0.001594444205480121,-2.2992118750301367e-05,0.9999987286087109,41.53756473230904,-0.6551773654434232,-602.7265467869162,73.76519800738104,-89.9815673828125,3631.8173828125,True
1598628935.8400304,0,5,0.5,0.5,-0.00278399658203125,-0.14,-0.011,-0.56,-0.00026161848335336864,10,1,100,0.01745507864338096,-10,-1,-100,11593.461290442967,-0.0015936512912253543,-2.307174943292776e-05,0.9999987298708214,41.520811937624806,-0.6548250600751382,-602.4088555117124,73.76553689357384,-89.9815673828125,3631.3515625,True
1598628935.8892705,0,5,0.5,0.5,-0.0027838623046875,-0.14,-0.011,-0.56,-0.0002583314135626128,10,1,100,0.01747899814705727,-10,-1,-100,11596.411454973044,-0.0015931549638587388,-2.311417691550509e-05,0.9999987306606924,41.50409081335987,-0.6544734205583305,-602.0916985185985,73.76587561407773,-89.9815673828125,3630.88623046875,True
1598628935.9450796,0,5,0.5,0.5,-0.00276236572265625,-0.14,-0.011,-0.56,-0.00022355541766878482,10,1,100,0.01742385146963371,-10,-1,-100,11599.36943169823,-0.0015922092182363554,-2.283633762536646e-05,0.99999873217335,41.487367206341894,-0.654121725109168,-601.7745779363687,73.76621485130272,-89.98159790039062,3630.4208984375,True
1598628935.9970965,0,5,0.5,0.5,-0.0027793212890625,-0.14,-0.011,-0.56,-0.0002551869947536828,10,1,100,0.01744627099753902,-10,-1,-100,11602.318619180238,-0.001591560058256936,-2.287147187426228e-05,0.999998733205936,41.47064233664125,-0.6537705526360743,-601.4575145717346,73.76655411858057,-89.98159790039062,3629.955322265625,True
1598628936.0392566,0,5,0.5,0.5,-0.00275782470703125,-0.14,-0.011,-0.56,-0.000257132176914668,10,1,100,0.01744903426748763,-10,-1,-100,11605.275619626744,-0.0015910016335053045,-2.2921176685406167e-05,0.9999987340934097,41.453942843039506,-0.6534193143730184,-601.1411077205809,73.7669204553172,-89.98162841796875,3629.489990234375,True
1598628936.0942452,0,5,0.5,0.5,-0.0027747802734375,-0.14,-0.011,-0.56,-0.0002675146166929693,10,1,100,0.01739790343952947,-10,-1,-100,11608.223830742994,-0.0015900358338637314,-2.3060708122335132e-05,0.999998735626326,41.43722929616349,-0.6530685982525216,-600.8246281793382,73.7672945962975,-89.98162841796875,3629.02490234375,True
1598628936.1358378,0,5,0.5,0.5,-0.00277464599609375,-0.14,-0.011,-0.56,-0.0002443106358186209,10,1,100,0.017433524606114748,-10,-1,-100,11611.175947966287,-0.001589488384517963,-2.2976528139596118e-05,0.9999987364985792,41.42058785836526,-0.6527188518040112,-600.5090020575101,73.7676344256318,-89.98162841796875,3628.5595703125,True
1598628936.1881707,0,5,0.5,0.5,-0.0027745452880859377,-0.14,-0.011,-0.56,-0.00023939243031645435,10,1,100,0.017412701038779538,-10,-1,-100,11614.132948379614,-0.0015888080737642446,-2.2855113683329522e-05,0.9999987375824775,41.40385204837804,-0.6523682198816229,-600.1922946648822,73.7680018169505,-89.98162841796875,3628.094482421875,True
1598628936.2359948,0,5,0.5,0.5,-0.002774444580078125,-0.14,-0.011,-0.56,-0.0002594665791175777,10,1,100,0.017381582272449427,-10,-1,-100,11617.082135942183,-0.0015879129971593019,-2.2927398334175936e-05,0.9999987390025289,41.38721210190196,-0.6520187786814505,-599.8767783917531,73.76833456693564,-89.98162841796875,3627.629638671875,True
1598628936.2842493,0,5,0.5,0.5,-0.00277437744140625,-0.14,-0.011,-0.56,-0.00022658590072480346,10,1,100,0.01737189380588649,-10,-1,-100,11620.014722442604,-0.0015870178805075443,-2.2694209601691604e-05,0.9999987404288168,41.370553279944474,-0.6516693335823177,-599.5610756278979,73.76866924861777,-89.98162841796875,3627.16455078125,True
1598628936.332921,0,5,0.5,0.5,-0.002774310302734375,-0.14,-0.011,-0.56,-0.0002660426668963551,10,1,100,0.017392632087098264,-10,-1,-100,11622.99125339964,-0.001586399419130574,-2.2841188545673236e-05,0.9999987414067895,41.353856055001415,-0.6513193301201959,-599.2449111192548,73.76900578677856,-89.98162841796875,3626.69970703125,True
1598628936.3825371,0,5,0.5,0.5,-0.0027528808593750005,-0.14,-0.011,-0.56,-0.0002346783333282335,10,1,100,0.017375492232543716,-10,-1,-100,11625.923839549883,-0.001585687957266555,-2.2689885063116572e-05,0.999998742538645,41.33723350309628,-0.6509705866711066,-598.9298810452086,73.76934026502968,-89.98165893554688,3626.23486328125,True
1598628936.4338255,0,5,0.5,0.5,-0.0027485076904296877,-0.14,-0.011,-0.56,-0.0002724696697134466,10,1,100,0.017347415162890328,-10,-1,-100,11628.87009771401,-0.0015847927158538634,-2.289627976597826e-05,0.9999987439531152,41.320546272454465,-0.6506209944330354,-598.6139834017085,73.76967436089151,-89.981689453125,3625.7705078125,True
1598628936.4908044,0,5,0.5,0.5,-0.0027654968261718754,-0.14,-0.011,-0.56,-0.0002425726093985126,10,1,100,0.017366937186544123,-10,-1,-100,11631.830027617281,-0.0015841630752413442,-2.2812065363770746e-05,0.9999987449526929,41.30388322069013,-0.6502717091862131,-598.2985221676727,73.77001019824718,-89.981689453125,3625.3056640625,True
1598628936.5813136,0,5,0.5,0.5,-0.002765396118164063,-0.14,-0.011,-0.56,-0.00023026421320105475,10,1,100,0.017334084568595386,-10,-1,-100,11634.779215520713,-0.0015832987390513524,-2.262366631134202e-05,0.9999987463258504,41.28726350463056,-0.6499235499042177,-597.9837648113157,73.77034561321949,-89.981689453125,3624.841064453125,True
1598628936.6312437,0,5,0.5,0.5,-0.002765328979492188,-0.14,-0.011,-0.56,-0.0002502360180185079,10,1,100,0.017249791434968943,-10,-1,-100,11640.687356388662,-0.0015817536802951685,-2.263422677145099e-05,0.9999987487707106,41.253989025878305,-0.6492271882286903,-597.3544534559067,73.77107735424607,-89.981689453125,3623.912109375,True
1598628936.6787548,0,5,0.5,0.5,-0.002743899536132813,-0.14,-0.011,-0.56,-0.0002685621575690016,10,1,100,0.017343199851419754,-10,-1,-100,11643.619942420046,-0.0015812057780787074,-2.281081616869171e-05,0.9999987496331955,41.23735428468532,-0.6488791095310809,-597.0399143548677,73.7714399997275,-89.98171997070312,3623.44775390625,True
1598628936.732953,0,5,0.5,0.5,-0.0027395263671875004,-0.14,-0.011,-0.56,-0.00027603140071749194,10,1,100,0.017315460657442223,-10,-1,-100,11646.594520683168,-0.0015804630403061645,-2.303940484205219e-05,0.9999987508021019,41.22079080422932,-0.6485325941276577,-596.7264682647856,73.77180040226543,-89.98175048828125,3622.9833984375,True
1598628936.7754078,0,5,0.5,0.5,-0.0027564819335937503,-0.14,-0.011,-0.56,-0.00023573749274230353,10,1,100,0.017314011482161107,-10,-1,-100,11649.52515365323,-0.0015797822362226227,-2.2880736935188438e-05,0.9999987518815002,41.20419550812697,-0.6481852404028146,-596.412371758734,73.77212825094676,-89.98175048828125,3622.519287109375,True
1598628936.823891,0,5,0.5,0.5,-0.0027563476562500002,-0.14,-0.011,-0.56,-0.00025053567449955487,10,1,100,0.01728276612908021,-10,-1,-100,11652.477271007723,-0.0015788866663558826,-2.2871064728013665e-05,0.9999987532961274,41.187546784517195,-0.6478373921225191,-596.0978050855291,73.7724852765617,-89.98175048828125,3622.05517578125,True
1598628936.8708518,0,5,0.5,0.5,-0.0027348510742187505,-0.14,-0.011,-0.56,-0.00025700908049321007,10,1,100,0.01730221328956116,-10,-1,-100,11655.449896013131,-0.0015782566963124473,-2.2920960180409534e-05,0.9999987542894391,41.170966666755426,-0.6474903231467646,-595.7840880795615,73.7728147873861,-89.98178100585938,3621.591064453125,True
1598628936.9188805,0,5,0.5,0.5,-0.002751773071289063,-0.14,-0.011,-0.56,-0.000246873237723866,10,1,100,0.017283893050664332,-10,-1,-100,11658.384435079992,-0.001577524851121915,-2.28741031377438e-05,0.9999987554452853,41.15436033385162,-0.647143109294268,-595.4700706524164,73.77314484025236,-89.98178100585938,3621.126953125,True
1598628936.969075,0,5,0.5,0.5,-0.002751638793945313,-0.14,-0.011,-0.56,-0.000231670956429082,10,1,100,0.01727575381919904,-10,-1,-100,11661.332646592404,-0.0015767929653046054,-2.2693135798027253e-05,0.9999987566037101,41.137781020775364,-0.6467964260392337,-595.1565135645775,73.77347436503544,-89.98178100585938,3620.6630859375,True
1598628937.019141,0,5,0.5,0.5,-0.00273017578125,-0.14,-0.011,-0.56,-0.0002683624326492778,10,1,100,0.017253020084506212,-10,-1,-100,11664.29062300548,-0.0015759282167467066,-2.2862363585712128e-05,0.9999987579630127,41.12119802284302,-0.6464497363894304,-594.842992775531,73.77380660719386,-89.9818115234375,3620.19921875,True
1598628937.068861,0,5,0.5,0.5,-0.0027471313476562505,-0.14,-0.011,-0.56,-0.00023727317626979732,10,1,100,0.01727276522695189,-10,-1,-100,11667.239810928819,-0.0015753290692240272,-2.273353169995588e-05,0.9999987589099851,41.10461313423838,-0.6461031988823196,-594.5295231634058,73.77413836161251,-89.9818115234375,3619.735595703125,True
1598628937.1183074,0,5,0.5,0.5,-0.0027256347656250002,-0.14,-0.011,-0.56,-0.0002818858831210719,10,1,100,0.017233343057546324,-10,-1,-100,11670.172396847629,-0.001574433251454111,-2.302188198847214e-05,0.9999987603141965,41.08803660069107,-0.6457571136874872,-594.216209182361,73.77446534748556,-89.98184204101562,3619.27197265625,True
1598628937.1698494,0,5,0.5,0.5,-0.002742556762695313,-0.14,-0.011,-0.56,-0.00024383173234292243,10,1,100,0.01724726811439365,-10,-1,-100,11673.147951822262,-0.001573752118024473,-2.2937719375306453e-05,0.999998761388299,41.071466709673636,-0.6454110955236879,-593.9030788218599,73.77479519366473,-89.98184204101562,3618.80810546875,True
1598628937.2199044,0,5,0.5,0.5,-0.0027424224853515628,-0.14,-0.011,-0.56,-0.00022169213522714882,10,1,100,0.01725431718049947,-10,-1,-100,11676.079561513034,-0.0015732037642894499,-2.2659823477551872e-05,0.9999987622574582,41.05489090445586,-0.645064803292174,-593.5899637855701,73.7751280056619,-89.98184204101562,3618.3447265625,True
1598628937.2699807,0,5,0.5,0.5,-0.0027209594726562503,-0.14,-0.011,-0.56,-0.00026803773555025205,10,1,100,0.017221074903409135,-10,-1,-100,11679.056093059364,-0.0015724096577168045,-2.2828859556498192e-05,0.9999987635025912,41.03832038364545,-0.6447190304512215,-593.2770231841052,73.77546502838798,-89.98187255859375,3617.88134765625,True
1598628937.3191767,0,5,0.5,0.5,-0.0027379150390625002,-0.14,-0.011,-0.56,-0.00025663845480765384,10,1,100,0.017222617620615905,-10,-1,-100,11682.002350586234,-0.0015717084696967392,-2.287894605549731e-05,0.9999987646037569,41.02177988469866,-0.6443736192925978,-592.964629163575,73.7758064873937,-89.98187255859375,3617.417724609375,True
1598628937.370222,0,5,0.5,0.5,-0.00273778076171875,-0.14,-0.011,-0.56,-0.00025711701330964837,10,1,100,0.0172372868704378,-10,-1,-100,11684.935913211084,-0.0015712109084920235,-2.2928822603398743e-05,0.9999987653845129,41.005256118881476,-0.644028518412866,-592.6525239818169,73.77614471386262,-89.98187255859375,3616.954345703125,True
1598628937.4209597,0,5,0.5,0.5,-0.0027163177490234377,-0.14,-0.011,-0.56,-0.0002699160782213786,10,1,100,0.017187771339608995,-10,-1,-100,11687.912444548216,-0.0015703148441964024,-2.3090512907576695e-05,0.9999987667882987,40.98872153650847,-0.6436831520056139,-592.3403161560861,73.77648108764123,-89.98190307617188,3616.4912109375,True
1598628937.470833,0,5,0.5,0.5,-0.0027332733154296876,-0.14,-0.011,-0.56,-0.0002420463086077962,10,1,100,0.0172073057707771,-10,-1,-100,11690.846007244429,-0.0015696843805809346,-2.2983945815096964e-05,0.9999987677805827,40.97218147666574,-0.6433380097349165,-592.0280994201348,73.77681743264513,-89.98190307617188,3616.028076171875,True
1598628937.516985,0,5,0.5,0.5,-0.002733139038085938,-0.14,-0.011,-0.56,-0.00024839934854823656,10,1,100,0.017174473731018595,-10,-1,-100,11693.793241855805,-0.0015688192211006354,-2.2944557175922058e-05,0.999998769139142,40.955664927226216,-0.6429930619495773,-591.7162947669852,73.77715394360487,-89.98190307617188,3615.56494140625,True
1598628937.5671368,0,5,0.5,0.5,-0.002711676025390625,-0.14,-0.011,-0.56,-0.00026766414146963763,10,1,100,0.01715828963106222,-10,-1,-100,11696.753171771183,-0.0015678920470240745,-2.308380908178469e-05,0.9999987705900777,40.939133821953746,-0.6426478073895858,-591.4043743634294,73.77749328633537,-89.98193359375,3615.101806640625,True
1598628937.6568239,0,5,0.5,0.5,-0.0027286315917968754,-0.14,-0.011,-0.56,-0.00023878285045116006,10,1,100,0.01718430725974662,-10,-1,-100,11699.700406188378,-0.0015672924463263319,-2.294752609841744e-05,0.999998771533145,40.92263886547044,-0.6423035901816926,-591.0930483282123,73.7778322251266,-89.98193359375,3614.638916015625,True
1598628937.7041028,0,5,0.5,0.5,-0.0027285308837890626,-0.14,-0.011,-0.56,-0.00026665878331529096,10,1,100,0.017104810430389236,-10,-1,-100,11705.608547111508,-0.0015660311479752513,-2.3077117644930272e-05,0.999998773506193,40.88960521802204,-0.6416141474824015,-590.4701464303458,73.77853285590865,-89.98193359375,3613.712890625,True
1598628937.7551413,0,5,0.5,0.5,-0.0027284301757812502,-0.14,-0.011,-0.56,-0.00024118313846582692,10,1,100,0.017149588219218467,-10,-1,-100,11708.558711371152,-0.001565298602981852,-2.2963204644701697e-05,0.9999987746557367,40.87314009303808,-0.6412703794310343,-590.1596838791442,73.77890001324283,-89.98193359375,3613.250244140625,True
1598628937.805147,0,5,0.5,0.5,-0.002728329467773438,-0.14,-0.011,-0.56,-0.0002474504034728583,10,1,100,0.017141467706443578,-10,-1,-100,11711.490320440265,-0.0015645660166547243,-2.2916346707133142e-05,0.999998775803261,40.85669415914112,-0.640927126631913,-589.8495708592449,73.77926635815977,-89.98193359375,3612.78759765625,True
1598628937.85409,0,5,0.5,0.5,-0.002728262329101563,-0.14,-0.011,-0.56,-0.00025846241789443357,10,1,100,0.01714796319209387,-10,-1,-100,11714.466851852485,-0.00156396620953694,-2.2973778270311836e-05,0.9999987767402024,40.840226575930714,-0.6405835389171584,-589.5389645259964,73.7796007450191,-89.98193359375,3612.324951171875,True
1598628937.9019573,0,5,0.5,0.5,-0.0027068328857421877,-0.14,-0.011,-0.56,-0.00022546145700251297,10,1,100,0.01712438377323246,-10,-1,-100,11717.398461594013,-0.001563213610403996,-2.2725893835806992e-05,0.9999987779226243,40.82373370331262,-0.6402395196798678,-589.228044124603,73.77993315732058,-89.98196411132812,3611.8623046875,True
1598628937.952168,0,5,0.5,0.5,-0.0027024597167968753,-0.14,-0.011,-0.56,-0.00028682704179574517,10,1,100,0.017124822982596728,-10,-1,-100,11720.374016664922,-0.0015625406924574382,-2.3058597783257057e-05,0.9999987789666973,40.80725329826039,-0.6398957842299602,-588.9173798766071,73.78026572912722,-89.98199462890625,3611.39990234375,True
1598628938.0002608,0,5,0.5,0.5,-0.002719448852539063,-0.14,-0.011,-0.56,-0.00025251793783124404,10,1,100,0.017102941396939148,-10,-1,-100,11723.305625815177,-0.0015617370927743523,-2.3049183985920123e-05,0.9999987802222501,40.79079579975855,-0.6395523833905906,-588.6071095776591,73.78059729266228,-89.98199462890625,3610.9375,True
1598628938.0469284,0,5,0.5,0.5,-0.00271934814453125,-0.14,-0.011,-0.56,-0.0002114195740719099,10,1,100,0.01711310135479062,-10,-1,-100,11726.254813756212,-0.0015611061356682026,-2.266694519219185e-05,0.9999987812161785,40.77432878612537,-0.6392091081907452,-588.2967447913704,73.78092600054835,-89.98199462890625,3610.47509765625,True
1598628938.0940416,0,5,0.5,0.5,-0.0026978851318359377,-0.14,-0.011,-0.56,-0.0002665799589196124,10,1,100,0.017091405505096455,-10,-1,-100,11729.21474317438,-0.0015603423151976036,-2.282116579831229e-05,0.9999987824047857,40.7578713120278,-0.638865607787028,-587.98661082954,73.78125693326227,-89.98202514648438,3610.012939453125,True
1598628938.1433198,0,5,0.5,0.5,-0.0027148742675781254,-0.14,-0.011,-0.56,-0.00025663902585435893,10,1,100,0.017104435021081832,-10,-1,-100,11732.161977451411,-0.0015597732464894957,-2.287123299717718e-05,0.999998783291423,40.74142417474398,-0.6385222603577131,-587.6767200030345,73.78159215861078,-89.98202514648438,3609.55078125,True
1598628938.1910038,0,5,0.5,0.5,-0.0026934112548828125,-0.14,-0.011,-0.56,-0.0002767485087104741,10,1,100,0.01704831651373301,-10,-1,-100,11735.11116525717,-0.0015587525786878963,-2.30996314703838e-05,0.9999987848776645,40.725001628959944,-0.6381795840573341,-587.3672597347924,73.78192691623556,-89.9820556640625,3609.088623046875,True
1598628938.2442317,0,5,0.5,0.5,-0.002710366821289063,-0.14,-0.011,-0.56,-0.00024303656097321002,10,1,100,0.017090457338931445,-10,-1,-100,11738.070118632051,-0.0015582144141603256,-2.3000773726755185e-05,0.9999987857186649,40.708551166775344,-0.6378365329983317,-587.057483508012,73.7822640508524,-89.9820556640625,3608.62646484375,True
1598628938.2868593,0,5,0.5,0.5,-0.0026888702392578127,-0.14,-0.011,-0.56,-0.0002600746200604005,10,1,100,0.017066343974589438,-10,-1,-100,11741.019306025933,-0.0015575124014492628,-2.30657603432654e-05,0.9999987868108091,40.692139902412634,-0.6374944329081388,-586.7483745694299,73.7826045546622,-89.98208618164062,3608.16455078125,True
1598628938.3378868,0,5,0.5,0.5,-0.0027057922363281253,-0.14,-0.011,-0.56,-0.0002442968289879437,10,1,100,0.017032562279834528,-10,-1,-100,11743.950915889931,-0.001556573514137075,-2.298126879067405e-05,0.999998788274644,40.6756892108442,-0.6371514094425854,-586.4389887496087,73.78297419465984,-89.98208618164062,3607.70263671875,True
1598628938.3843858,0,5,0.5,0.5,-0.002705624389648438,-0.14,-0.011,-0.56,-0.0002689159032481243,10,1,100,0.017081110215462915,-10,-1,-100,11746.926470104838,-0.001556168045718435,-2.3128261244755954e-05,0.9999987889023151,40.65930900334159,-0.6368100903836217,-586.1304064063178,73.78330726166759,-89.98208618164062,3607.24072265625,True
1598628938.4349222,0,5,0.5,0.5,-0.0027054901123046877,-0.14,-0.011,-0.56,-0.0002220568777736832,10,1,100,0.017040309146896714,-10,-1,-100,11749.858079577214,-0.0015554349243187837,-2.283553381923645e-05,0.9999987900496353,40.64291043428818,-0.6364682926405346,-585.8216200873585,73.78363909735643,-89.98208618164062,3606.779052734375,True
1598628938.481094,0,5,0.5,0.5,-0.0027053894042968754,-0.14,-0.011,-0.56,-0.00026663068873113144,10,1,100,0.017005234568568083,-10,-1,-100,11752.807267484604,-0.00155445605030533,-2.2974837226526446e-05,0.9999987915685422,40.62649665431239,-0.6361263809490346,-585.5126840827973,73.78397164225657,-89.98208618164062,3606.3173828125,True
1598628938.5302742,0,5,0.5,0.5,-0.0026839263916015625,-0.14,-0.011,-0.56,-0.00024835193642743853,10,1,100,0.017065572133993373,-10,-1,-100,11755.784775163163,-0.0015541213072901195,-2.293537380017414e-05,0.9999987920897359,40.610083813505064,-0.6357849691666987,-585.2038640314132,73.78430754156861,-89.98211669921875,3605.855712890625,True
1598628938.5779057,0,5,0.5,0.5,-0.002700881958007813,-0.14,-0.011,-0.56,-0.0002553642562823727,10,1,100,0.017032301162128092,-10,-1,-100,11758.71540807467,-0.0015535208819214964,-2.2963002294346005e-05,0.9999987930220564,40.59369330457878,-0.635443928030034,-584.895420297386,73.78464185647991,-89.98211669921875,3605.39404296875,True
1598628938.6319406,0,5,0.5,0.5,-0.0026794189453125,-0.14,-0.011,-0.56,-0.00027202896202739785,10,1,100,0.017004182977823273,-10,-1,-100,11761.689986179816,-0.0015527256221229554,-2.313948748991517e-05,0.9999987942531264,40.5773052264449,-0.6351032736847021,-584.5870936574339,73.78497792831308,-89.98214721679688,3604.9326171875,True
1598628938.6733449,0,5,0.5,0.5,-0.0026963745117187504,-0.14,-0.011,-0.56,-0.0002557844824494156,10,1,100,0.017001122041427154,-10,-1,-100,11764.623548691976,-0.0015519812389064684,-2.3152007622002995e-05,0.9999987954083838,40.56093964673341,-0.6347630640638747,-584.2791859871255,73.78531691908607,-89.98214721679688,3604.47119140625,True
1598628938.7238908,0,5,0.5,0.5,-0.0026962738037109375,-0.14,-0.011,-0.56,-0.00025594347328302276,10,1,100,0.017003221863136114,-10,-1,-100,11767.569806439686,-0.0015513297719431812,-2.3164787316795974e-05,0.9999987964189413,40.54455083007384,-0.634422463346852,-583.9709891268891,73.78565415138537,-89.98214721679688,3604.010009765625,True
1598628938.7722158,0,5,0.5,0.5,-0.002696173095703125,-0.14,-0.011,-0.56,-0.00023968314947138262,10,1,100,0.01698359645687733,-10,-1,-100,11770.547314620228,-0.001550565375230765,-2.302843499232919e-05,0.9999987976076312,40.52819022646558,-0.6340824974670631,-583.6632843864286,73.78599180347807,-89.98214721679688,3603.548828125,True
1598628938.8282177,0,5,0.5,0.5,-0.00267474365234375,-0.14,-0.011,-0.56,-0.00025798913633818404,10,1,100,0.016984262511186243,-10,-1,-100,11773.478923822404,-0.0015498828396461207,-2.3070930328285703e-05,0.9999987986647362,40.51182830608432,-0.6337427567985332,-583.355625122875,73.78632904194832,-89.982177734375,3603.08740234375,True
1598628938.8719378,0,5,0.5,0.5,-0.0026917327880859377,-0.14,-0.011,-0.56,-0.00024286088015255757,10,1,100,0.016980172045558357,-10,-1,-100,11776.429087947006,-0.0015492312491311824,-2.2971951339706283e-05,0.9999987996766927,40.495499131869565,-0.6334031178560209,-583.0485001689079,73.78666491355527,-89.982177734375,3602.62646484375,True
1598628938.9228504,0,5,0.5,0.5,-0.0026702697753906253,-0.14,-0.011,-0.56,-0.0002664290671381267,10,1,100,0.016960540086468787,-10,-1,-100,11779.386088107014,-0.001548466727940958,-2.3096368786234756e-05,0.9999988008579562,40.47913340427919,-0.6330631185181954,-582.7411515454164,73.78703056465346,-89.98220825195312,3602.165283203125,True
1598628938.9708657,0,5,0.5,0.5,-0.002687225341796875,-0.14,-0.011,-0.56,-0.0002365654588319619,10,1,100,0.016955602010810793,-10,-1,-100,11782.334299320239,-0.0015477331518042067,-2.293775108487096e-05,0.9999988019972575,40.46282375914125,-0.6327238264857329,-582.4344935544761,73.78737167184673,-89.98220825195312,3601.704345703125,True
1598628939.0188923,0,5,0.5,0.5,-0.002665728759765625,-0.14,-0.011,-0.56,-0.000283322270305357,10,1,100,0.016929570609485536,-10,-1,-100,11785.268838091753,-0.0015468357270301133,-2.3218648811699882e-05,0.999998803379348,40.44647310476889,-0.632384093116423,-582.1272954470255,73.7877108266689,-89.98223876953125,3601.243408203125,True
1598628939.0671449,0,5,0.5,0.5,-0.002682684326171875,-0.14,-0.011,-0.56,-0.0002525649941671317,10,1,100,0.01693788200262013,-10,-1,-100,11788.242439660477,-0.0015461020677005792,-2.319414125755001e-05,0.9999988045144995,40.43016586717959,-0.6320449933748937,-581.8207558743482,73.78804455184647,-89.98223876953125,3600.78271484375,True
1598628939.1171632,0,5,0.5,0.5,-0.0026825500488281253,-0.14,-0.011,-0.56,-0.0002261149948001816,10,1,100,0.016944409379092064,-10,-1,-100,11791.193580496241,-0.001545501188836403,-2.293119699683858e-05,0.9999988054494042,40.41383925936339,-0.6317058411955094,-581.5140242210913,73.78838002255937,-89.98223876953125,3600.32177734375,True
1598628939.166828,0,5,0.5,0.5,-0.0026610870361328124,-0.14,-0.011,-0.56,-0.0002709823418566303,10,1,100,0.016916246321287423,-10,-1,-100,11794.125189767452,-0.0015447054751919157,-2.3100231088062334e-05,0.9999988066749751,40.39752553892177,-0.6313669963267501,-581.2075458822573,73.78871595484634,-89.98226928710938,3599.861083984375,True
1598628939.2149594,0,5,0.5,0.5,-0.0026780426025390628,-0.14,-0.011,-0.56,-0.00023664481482872532,10,1,100,0.016921190856370012,-10,-1,-100,11797.101721192012,-0.001544033663801055,-2.2941786176679285e-05,0.999998807716149,40.381233923885,-0.6310283269140389,-580.9014370203627,73.7890487356137,-89.98226928710938,3599.400390625,True
1598628939.263915,0,5,0.5,0.5,-0.0026779083251953126,-0.14,-0.011,-0.56,-0.0002562970731006994,10,1,100,0.016911306699780613,-10,-1,-100,11800.033330546226,-0.0015433397030295889,-2.297660496984002e-05,0.9999988087866087,40.36491038891166,-0.6306892891705326,-580.5949543206192,73.78938332834883,-89.98226928710938,3598.93994140625,True
1598628939.3129296,0,5,0.5,0.5,-0.0026564117431640624,-0.14,-0.011,-0.56,-0.000269770389549737,10,1,100,0.016886837172319164,-10,-1,-100,11803.007908492466,-0.001542492948144244,-2.3130790231361474e-05,0.9999988100895277,40.34865178278041,-0.6303513383005251,-580.2894887251048,73.78971949120353,-89.9822998046875,3598.4794921875,True
1598628939.3618097,0,5,0.5,0.5,-0.0026733673095703124,-0.14,-0.011,-0.56,-0.00027788626861642725,10,1,100,0.01686642420775256,-10,-1,-100,11805.957095737103,-0.0015415443166537813,-2.334468495162082e-05,0.9999988115473665,40.33236862108261,-0.6300130279354278,-579.9837187334965,73.79005247929932,-89.9822998046875,3598.01904296875,True
1598628939.4089396,0,5,0.5,0.5,-0.0026732330322265627,-0.14,-0.011,-0.56,-0.00023989408939252245,10,1,100,0.016890986242338393,-10,-1,-100,11808.888705481193,-0.0015409122037336658,-2.319341240108299e-05,0.9999988125251181,40.3160772248818,-0.6296745858358812,-579.6778974089534,73.79038494876083,-89.9822998046875,3597.558837890625,True
1598628939.4579866,0,5,0.5,0.5,-0.00267313232421875,-0.14,-0.011,-0.56,-0.00024333324818057812,10,1,100,0.016885121025512286,-10,-1,-100,11811.864260023343,-0.0015402911032207846,-2.3087068759017422e-05,0.9999988134844485,40.299778088846345,-0.6293365864398694,-579.3720587033206,73.79071957452207,-89.9822998046875,3597.098388671875,True
1598628939.5095813,0,5,0.5,0.5,-0.0026730316162109375,-0.14,-0.011,-0.56,-0.00026111766813200236,10,1,100,0.016856734112741828,-10,-1,-100,11814.795869490132,-0.001539475169046237,-2.3151933522448812e-05,0.9999988147393934,40.2835266439866,-0.6289993272679737,-579.0669803195739,73.7910542800984,-89.9822998046875,3596.63818359375,True
1598628939.5660057,0,5,0.5,0.5,-0.0026516021728515624,-0.14,-0.011,-0.56,-0.0002494566802339566,10,1,100,0.016844425785063438,-10,-1,-100,11817.746033380274,-0.001538628208234103,-2.310495315857625e-05,0.999998816043998,40.26724519379527,-0.6286614795396553,-578.7615264532369,73.79138755736008,-89.98233032226562,3596.17822265625,True
1598628939.6521075,0,5,0.5,0.5,-0.00266859130859375,-0.14,-0.011,-0.56,-0.0002571600067702663,10,1,100,0.01686101635853495,-10,-1,-100,11820.721588519402,-0.0015380158616723279,-2.313235505820308e-05,0.9999988169853521,40.25100831250142,-0.6283244797196289,-578.4567621304349,73.79171834490775,-89.98233032226562,3595.71826171875,True
1598628939.7019904,0,5,0.5,0.5,-0.0026471282958984376,-0.14,-0.011,-0.56,-0.0002719883902214723,10,1,100,0.01674196516753321,-10,-1,-100,11826.60140857473,-0.0015363837042681203,-2.3291886491000827e-05,0.9999988194906038,40.218489175681405,-0.6276499169526057,-577.8472288899827,73.79243581111523,-89.98236083984375,3594.79833984375,True
1598628939.7489135,0,5,0.5,0.5,-0.002664117431640625,-0.14,-0.011,-0.56,-0.00024024924705326863,10,1,100,0.016832591985352387,-10,-1,-100,11829.561338323867,-0.0015357313702180366,-2.314820316892153e-05,0.9999988204959641,40.202239127460125,-0.627312727083025,-577.542945945199,73.79282657902787,-89.98236083984375,3594.33837890625,True
1598628939.796934,0,5,0.5,0.5,-0.0026640167236328125,-0.14,-0.011,-0.56,-0.00026093471009542706,10,1,100,0.016800398314022517,-10,-1,-100,11832.510525819147,-0.0015348532170636735,-2.320544397923975e-05,0.9999988218428606,40.1860770238433,-0.6269769411795044,-577.2397579018232,73.79318555047601,-89.98236083984375,3593.87841796875,True
1598628939.8433518,0,5,0.5,0.5,-0.0026425537109375,-0.14,-0.011,-0.56,-0.00026073868207611043,10,1,100,0.016839218724205823,-10,-1,-100,11835.459713194752,-0.0015344155238213425,-2.3255490971163075e-05,0.999998822513398,40.169817843722534,-0.6266401167842329,-576.934949778769,73.79350630125387,-89.98239135742188,3593.4189453125,True
1598628939.893044,0,5,0.5,0.5,-0.0026595428466796877,-0.14,-0.011,-0.56,-0.0002399490686450328,10,1,100,0.016790198683355698,-10,-1,-100,11838.417689881404,-0.0015335793272517886,-2.3111878386501935e-05,0.9999988237994523,40.15360692565134,-0.62630386685755,-576.630889670029,73.79382482526088,-89.98239135742188,3592.959228515625,True
1598628939.9468305,0,5,0.5,0.5,-0.002659442138671875,-0.14,-0.011,-0.56,-0.0003015538490201207,10,1,100,0.016796622518217008,-10,-1,-100,11841.367853670148,-0.0015328847879503896,-2.3541576591642715e-05,0.99999882485432,40.137361210581325,-0.6259674662721894,-576.3263968060293,73.79414277292466,-89.98239135742188,3592.49951171875,True
1598628939.9898243,0,5,0.5,0.5,-0.0026593414306640625,-0.14,-0.011,-0.56,-0.00023542635079444488,10,1,100,0.016766466217205275,-10,-1,-100,11844.324853440048,-0.0015319865380451778,-2.3330735735909498e-05,0.9999988262357732,40.121142074140884,-0.6256313402783159,-576.0223732406779,73.79446290843977,-89.98239135742188,3592.040283203125,True
1598628940.0381377,0,5,0.5,0.5,-0.00265924072265625,-0.14,-0.011,-0.56,-0.0002464723151296406,10,1,100,0.016778075770799622,-10,-1,-100,11847.273064789013,-0.0015312830382232753,-2.3239258572856634e-05,0.9999988273154092,40.10494206372396,-0.6252958101208667,-575.7189593206588,73.79481704255133,-89.98239135742188,3591.580810546875,True
1598628940.0881162,0,5,0.5,0.5,-0.0026377777099609377,-0.14,-0.011,-0.56,-0.00028077485022621714,10,1,100,0.0167892123225263,-10,-1,-100,11850.22225219279,-0.0015307521817016273,-2.346785935727708e-05,0.9999988281228223,40.08874228811656,-0.6249600177765805,-575.4154015528821,73.79514323026415,-89.982421875,3591.12158203125,True
1598628940.136874,0,5,0.5,0.5,-0.0026334045410156253,-0.14,-0.011,-0.56,-0.0002495392363992975,10,1,100,0.01675291436976347,-10,-1,-100,11853.183158264146,-0.001529946763499133,-2.33913882117794e-05,0.9999988293571866,40.07254223167139,-0.6246243166902089,-575.1119067178591,73.79546886917815,-89.98245239257812,3590.662109375,True
1598628940.1840796,0,5,0.5,0.5,-0.0026717224121093753,-0.14,-0.011,-0.56,-0.00023073368463362524,10,1,100,0.016754034854471113,-10,-1,-100,11856.130392731284,-0.0015292320869016377,-2.315067394240851e-05,0.9999988304559514,40.05635582300439,-0.6242890177982965,-574.8086661009513,73.79579327422627,-89.982421875,3590.203125,True
1598628940.2328463,0,5,0.5,0.5,-0.0026332031250000006,-0.14,-0.011,-0.56,-0.00027341317103296613,10,1,100,0.01674738409088894,-10,-1,-100,11859.062978574308,-0.0015285284208871373,-2.3319966494382246e-05,0.9999988315278402,40.0401668734718,-0.6239538536004807,-574.5054725886401,73.79611892621632,-89.98245239257812,3589.743896484375,True
1598628940.281148,0,5,0.5,0.5,-0.002650192260742188,-0.14,-0.011,-0.56,-0.0002537860815801559,10,1,100,0.01672939750017883,-10,-1,-100,11862.038533160696,-0.0015277317581850732,-2.329528457994604e-05,0.9999988327458211,40.02396347864258,-0.6236184779564495,-574.2021479333287,73.79644565657202,-89.98245239257812,3589.284912109375,True
1598628940.3291888,0,5,0.5,0.5,-0.0026500915527343754,-0.14,-0.011,-0.56,-0.00023635818145510636,10,1,100,0.01675115060543362,-10,-1,-100,11864.985767721664,-0.001527211748920857,-2.3114329346957488e-05,0.9999988335443205,40.00777664696452,-0.6232833817156422,-573.8991266864953,73.79677271692329,-89.98245239257812,3588.825927734375,True
1598628940.377833,0,5,0.5,0.5,-0.0026286621093750003,-0.14,-0.011,-0.56,-0.00025993548556742534,10,1,100,0.01671259654161754,-10,-1,-100,11867.919330162578,-0.0015263950706231513,-2.3164292046738254e-05,0.9999988347900731,39.99162869838385,-0.6229490263646725,-573.5967445004649,73.7971003203798,-89.98248291015625,3588.366943359375,True
1598628940.4320776,0,5,0.5,0.5,-0.002624288940429688,-0.14,-0.011,-0.56,-0.0002776358726878921,10,1,100,0.01670589934464723,-10,-1,-100,11870.895861296449,-0.0015255982833406237,-2.3370577644306616e-05,0.9999988360011695,39.97543991336964,-0.6226141639919617,-573.2938360093884,73.79742679644342,-89.98251342773438,3587.908203125,True
1598628940.4767365,0,5,0.5,0.5,-0.002641244506835938,-0.14,-0.011,-0.56,-0.00025593506223672174,10,1,100,0.01672763467183215,-10,-1,-100,11873.826493735658,-0.0015250781492441978,-2.3360985364310247e-05,0.999998836794775,39.95928118408313,-0.6222796889284895,-572.9914428046492,73.79775531348824,-89.98251342773438,3587.449462890625,True
1598628940.5252788,0,5,0.5,0.5,-0.0026411102294921877,-0.14,-0.011,-0.56,-0.00023698300619263952,10,1,100,0.016680099734348974,-10,-1,-100,11876.777634644648,-0.0015241794446237825,-2.3179946191523345e-05,0.9999988381691803,39.943152976715524,-0.621945580847474,-572.6898113650593,73.79811736846038,-89.98251342773438,3586.99072265625,True
1598628940.5731845,0,5,0.5,0.5,-0.002619613647460938,-0.14,-0.011,-0.56,-0.0002654959606479587,10,1,100,0.01670302664931409,-10,-1,-100,11879.753189037088,-0.0015235773247354511,-2.327462772256664e-05,0.9999988390845398,39.927000307287145,-0.6216111965070987,-572.3876719126685,73.7984496287719,-89.9825439453125,3586.5322265625,True
1598628940.6254067,0,5,0.5,0.5,-0.002636569213867188,-0.14,-0.011,-0.56,-0.00023525353904678664,10,1,100,0.016671448134961984,-10,-1,-100,11882.683821873157,-0.0015227493882128272,-2.308594640135417e-05,0.9999988403499976,39.91087610434003,-0.621277161161444,-572.085992018163,73.79877989293861,-89.9825439453125,3586.073486328125,True
1598628940.6782207,0,5,0.5,0.5,-0.0026364685058593755,-0.14,-0.011,-0.56,-0.00026123360431429645,10,1,100,0.01668167880702117,-10,-1,-100,11885.632033040398,-0.0015220962678248766,-2.3150878013420582e-05,0.999998841342823,39.894738346515894,-0.6209432993995537,-571.7841441717463,73.79910496297528,-89.9825439453125,3585.615234375,True
1598628940.7348242,0,5,0.5,0.5,-0.0026149719238281253,-0.14,-0.011,-0.56,-0.0002823489095913335,10,1,100,0.01669683329327445,-10,-1,-100,11888.608563849819,-0.0015216467771827483,-2.340186388684401e-05,0.9999988420210487,39.87861244222453,-0.6206095059708212,-571.4825521934439,73.7994319690732,-89.98257446289062,3585.15673828125,True
1598628940.777831,0,5,0.5,0.5,-0.0026319274902343753,-0.14,-0.011,-0.56,-0.00021934406962786771,10,1,100,0.016676058696597593,-10,-1,-100,11891.541150016943,-0.0015210555453962096,-2.3057187138113382e-05,0.9999988429285277,39.862485234649796,-0.6202756536621562,-571.1810212864332,73.79976152748235,-89.98257446289062,3584.6982421875,True
1598628940.8269758,0,5,0.5,0.5,-0.002631793212890625,-0.14,-0.011,-0.56,-0.00024288300750217005,10,1,100,0.016641230351472785,-10,-1,-100,11894.515728139086,-0.0015202075099189389,-2.2958051435799043e-05,0.9999988442203593,39.84633874528743,-0.6199420218182858,-570.879501553114,73.80011964983221,-89.98257446289062,3584.239990234375,True
1598628940.8759966,0,5,0.5,0.5,-0.0026102966308593754,-0.14,-0.011,-0.56,-0.0002886043522088643,10,1,100,0.016644462603234766,-10,-1,-100,11897.447336922633,-0.0015194723201728943,-2.3283718729129737e-05,0.9999988453302018,39.83024934479783,-0.6196091735652027,-570.5786623792912,73.8004500986189,-89.98260498046875,3583.78173828125,True
1598628940.9248674,0,5,0.5,0.5,-0.0026272521972656253,-0.14,-0.011,-0.56,-0.00027299821048152743,10,1,100,0.016635198221257724,-10,-1,-100,11900.398477544426,-0.0015187260376134718,-2.3437797319470585e-05,0.9999988464602808,39.81414483551404,-0.619276404447236,-570.2776682070934,73.80077946466585,-89.98260498046875,3583.32373046875,True
1598628940.9730668,0,5,0.5,0.5,-0.002605789184570313,-0.14,-0.011,-0.56,-0.00021885555230557324,10,1,100,0.01662606683867612,-10,-1,-100,11903.37305550254,-0.0015179708338502796,-2.3085601673021623e-05,0.9999988476151372,39.79806010424896,-0.6189435572752628,-569.9770207718193,73.80110776392411,-89.98263549804688,3582.86572265625,True
1598628941.0258367,0,5,0.5,0.5,-0.002622744750976563,-0.14,-0.011,-0.56,-0.000275103545568784,10,1,100,0.016622184629981895,-10,-1,-100,11906.305641313666,-0.001517255453364152,-2.3277019554725654e-05,0.999998848696372,39.78198184014099,-0.6186110569619986,-569.6765106672952,73.80143322107257,-89.98263549804688,3582.40771484375,True
1598628941.0692647,0,5,0.5,0.5,-0.0026012481689453126,-0.14,-0.011,-0.56,-0.00027785447820095427,10,1,100,0.016632352541735652,-10,-1,-100,11909.253852333175,-0.0015167038375665787,-2.3475956040782502e-05,0.9999988495285126,39.76589540431461,-0.6182783453499724,-569.3759433199942,73.80175853088299,-89.982666015625,3581.94970703125,True
1598628941.122269,0,5,0.5,0.5,-0.002618203735351563,-0.14,-0.011,-0.56,-0.00024707771747714373,10,1,100,0.016617135211369986,-10,-1,-100,11912.228430450195,-0.0015160702779174323,-2.3376835632146616e-05,0.9999988504915571,39.749770519927296,-0.6179449572498273,-569.0751260823523,73.80211444293077,-89.982666015625,3581.49169921875,True
1598628941.1646512,0,5,0.5,0.5,-0.002639431762695313,-0.14,-0.011,-0.56,-0.00025104451818940904,10,1,100,0.016598925208324844,-10,-1,-100,11915.161015994381,-0.0015153348410362484,-2.3322523549652048e-05,0.9999988516075304,39.73368985769526,-0.6176126635193834,-568.7748145462087,73.80244403307896,-89.98263549804688,3581.0341796875,True
1598628941.2108793,0,5,0.5,0.5,-0.0026222412109375005,-0.14,-0.011,-0.56,-0.000246399679460297,10,1,100,0.016598683736688147,-10,-1,-100,11918.111180020263,-0.0015146702136082826,-2.3230767081177575e-05,0.9999988526165795,39.71766483846901,-0.6172816552511239,-568.4753781434387,73.80277522955888,-89.98263549804688,3580.576416015625,True
1598628941.2610304,0,5,0.5,0.5,-0.0026221740722656255,-0.14,-0.011,-0.56,-0.00026924385979699484,10,1,100,0.01658013325402203,-10,-1,-100,11921.069156786427,-0.0015139037084345986,-2.3355182019085005e-05,0.9999988537743916,39.70160736128777,-0.6169495153638458,-568.1754846736443,73.80309886232192,-89.98263549804688,3580.11865234375,True
1598628941.3070972,0,5,0.5,0.5,-0.0026221069335937504,-0.14,-0.011,-0.56,-0.00024104413000645148,10,1,100,0.01656736322658809,-10,-1,-100,11924.01736748754,-0.001513097296060906,-2.321165442374048e-05,0.9999988549982404,39.68552938117327,-0.6166177674354796,-567.8753469793413,73.80342017875763,-89.98263549804688,3579.661376953125,True
1598628941.3618515,0,5,0.5,0.5,-0.0026220397949218753,-0.14,-0.011,-0.56,-0.000265827605610839,10,1,100,0.01657757905620783,-10,-1,-100,11926.966554898769,-0.001512463528912145,-2.330624856711449e-05,0.9999988559547919,39.66947086850675,-0.616286475426726,-567.5756018303844,73.80374658866121,-89.98263549804688,3579.20361328125,True
1598628941.4022276,0,5,0.5,0.5,-0.002600643920898438,-0.14,-0.011,-0.56,-0.00025529817088861185,10,1,100,0.016561526693357507,-10,-1,-100,11929.92550794268,-0.001511747818015778,-2.329650062739972e-05,0.9999988570372507,39.653446593332966,-0.6159560241402224,-567.2764229519042,73.80407428654786,-89.982666015625,3578.746337890625,True
1598628941.45089,0,5,0.5,0.5,-0.002617666625976563,-0.14,-0.011,-0.56,-0.000240434429808338,10,1,100,0.016553667209205418,-10,-1,-100,11932.873718712013,-0.0015110320657264235,-2.315264239664932e-05,0.9999988581223738,39.63739621649175,-0.6156248294409499,-566.9769299836703,73.80440180532153,-89.982666015625,3578.2890625,True
1598628941.4998865,0,5,0.5,0.5,-0.002617633056640625,-0.14,-0.011,-0.56,-0.00026361017810154377,10,1,100,0.016576247484783087,-10,-1,-100,11935.822906329064,-0.0015105929650305562,-2.323248986161117e-05,0.9999988587839215,39.62135095136657,-0.6152937471156098,-566.6776127345497,73.80473334689582,-89.982666015625,3577.831787109375,True
1598628941.546896,0,5,0.5,0.5,-0.002596237182617188,-0.14,-0.011,-0.56,-0.0002578480021185828,10,1,100,0.01653295577884615,-10,-1,-100,11938.78185923677,-0.0015098062784242806,-2.3252735529634216e-05,0.9999988599715061,39.60531518595326,-0.6149633116457301,-566.378526448382,73.80506819883107,-89.98269653320312,3577.37451171875,True
1598628941.5951762,0,5,0.5,0.5,-0.00261329345703125,-0.14,-0.011,-0.56,-0.00027437928424231675,10,1,100,0.016525371529469472,-10,-1,-100,11941.732022781624,-0.001509028431568917,-2.3421627993062884e-05,0.9999988611416616,39.5893108450749,-0.6146333993552999,-566.0799333582221,73.80540013771488,-89.98269653320312,3576.91748046875,True
1598628941.6471198,0,5,0.5,0.5,-0.0025918975830078127,-0.14,-0.011,-0.56,-0.0002589057139647426,10,1,100,0.016524916680620325,-10,-1,-100,11944.662655533291,-0.001508323564753002,-2.343445705514653e-05,0.9999988622047777,39.57329578229655,-0.6143033146324649,-565.7812521710264,73.80573181359954,-89.98272705078125,3576.46044921875,True
1598628941.7021396,0,5,0.5,0.5,-0.0026088867187500004,-0.14,-0.011,-0.56,-0.0002557421313803824,10,1,100,0.01651594669035681,-10,-1,-100,11947.636256893747,-0.001507607605260032,-2.3417258239450666e-05,0.9999988632848241,39.557297362211756,-0.6139736619501124,-565.4828891038588,73.80606403005652,-89.98272705078125,3576.00341796875,True
1598628941.7525856,0,5,0.5,0.5,-0.0026087860107421876,-0.14,-0.011,-0.56,-0.00022445492644249435,10,1,100,0.016511484661926656,-10,-1,-100,11950.58739774581,-0.00150692258965192,-2.3117024279238832e-05,0.9999988643243112,39.541281497653166,-0.6136436897780557,-565.1843148024836,73.80639339785095,-89.98272705078125,3575.54638671875,True
1598628941.8432732,0,5,0.5,0.5,-0.002587322998046875,-0.14,-0.011,-0.56,-0.0002763547507072192,10,1,100,0.016501739028474266,-10,-1,-100,11953.545374055044,-0.0015062175979938715,-2.3316117406670887e-05,0.9999988653818095,39.52525166419791,-0.6133136182319291,-564.885821928765,73.80675092390723,-89.98275756835938,3575.08935546875,True
1598628941.8848424,0,5,0.5,0.5,-0.002582916259765625,-0.14,-0.011,-0.56,-0.0002477757941960208,10,1,100,0.01640621354185615,-10,-1,-100,11959.445702014142,-0.0015047145372428146,-2.323720749697738e-05,0.9999988676464556,39.49331833854653,-0.6126561517789243,-564.2908091616334,73.80745997199443,-89.9827880859375,3574.17578125,True
1598628941.9739377,0,5,0.5,0.5,-0.0025784759521484376,-0.14,-0.011,-0.56,-0.00025704998102522554,10,1,100,0.016485975659593435,-10,-1,-100,11962.402701640734,-0.0015040802730773466,-2.3249844769403448e-05,0.9999988686003484,39.47737520422022,-0.6123277798576254,-563.9939731904418,73.8078445785122,-89.98281860351562,3573.71923828125,True
1598628942.024981,0,5,0.5,0.5,-0.00257403564453125,-0.14,-0.011,-0.56,-0.0002733179530387454,10,1,100,0.016379862888073086,-10,-1,-100,11968.301076446427,-0.0015025459782266803,-2.3409266267966415e-05,0.9999988709031573,39.445436930189004,-0.6116706834633351,-563.399226925892,73.80854369217565,-89.98284912109375,3572.80615234375,True
1598628942.072133,0,5,0.5,0.5,-0.002590924072265625,-0.14,-0.011,-0.56,-0.00023667490276853433,10,1,100,0.016451459111626293,-10,-1,-100,11971.260029211524,-0.001501809754110649,-2.3220842969775087e-05,0.9999988720134914,39.429494306337794,-0.611342888728001,-563.1025282900227,73.80891891520817,-89.98284912109375,3572.349609375,True
1598628942.1188338,0,5,0.5,0.5,-0.0025907226562500003,-0.14,-0.011,-0.56,-0.0002495470897761433,10,1,100,0.016475842833233244,-10,-1,-100,11974.208239736501,-0.001501370114393338,-2.3166579532299267e-05,0.9999988726749092,39.41357218720075,-0.6110153623200101,-562.8059338260964,73.80925980022322,-89.98284912109375,3571.89306640625,True
1598628942.166948,0,5,0.5,0.5,-0.0025691925048828127,-0.14,-0.011,-0.56,-0.00026862929692206527,10,1,100,0.016442354723984993,-10,-1,-100,11977.158403775771,-0.0015006736738062813,-2.329080206864539e-05,0.9999988737173974,39.39759558738434,-0.6106869875718142,-562.5083681202439,73.80956670996079,-89.98287963867188,3571.43701171875,True
1598628942.2158175,0,5,0.5,0.5,-0.0025860809326171876,-0.14,-0.011,-0.56,-0.00024773976030289136,10,1,100,0.016437958623596496,-10,-1,-100,11980.11638037255,-0.0015000081766852094,-2.32139457014443e-05,0.9999988747176581,39.38167400451283,-0.6103594865948018,-562.2116129583197,73.80986825688068,-89.98287963867188,3570.980712890625,True
1598628942.2633183,0,5,0.5,0.5,-0.0025859130859375,-0.14,-0.011,-0.56,-0.00026172232836924476,10,1,100,0.016422673810650674,-10,-1,-100,11983.065567911952,-0.0014992717859011527,-2.3271390996731704e-05,0.9999988758206454,39.3657054501328,-0.6100312951594546,-561.9142474956361,73.81016986355131,-89.98287963867188,3570.524658203125,True
1598628942.314843,0,5,0.5,0.5,-0.0025857452392578128,-0.14,-0.011,-0.56,-0.0002573763583920503,10,1,100,0.016403269717937305,-10,-1,-100,11986.013778507011,-0.0014984335169085786,-2.328423778105732e-05,0.9999988770767895,39.34975826719356,-0.6097037547397013,-561.6172764571609,73.81047314408595,-89.98287963867188,3570.068603515625,True
1598628942.4008265,0,5,0.5,0.5,-0.0025642150878906252,-0.14,-0.011,-0.56,-0.00026241785625913806,10,1,100,0.016401827311316265,-10,-1,-100,11988.97273167409,-0.0014976660587394503,-2.334159646241612e-05,0.999998878225144,39.33381108358947,-0.6093763218599492,-561.3204062700862,73.81078148928117,-89.98291015625,3569.612548828125,True
1598628942.4479034,0,5,0.5,0.5,-0.002581137084960938,-0.14,-0.011,-0.56,-0.000253723940822815,10,1,100,0.016329074751827745,-10,-1,-100,11994.853527805768,-0.001496314756716942,-2.331468196054323e-05,0.9999988802486603,39.30196363186608,-0.6087224956673684,-560.7281059103124,73.81147396701196,-89.98291015625,3568.70068359375,True
1598628942.4968338,0,5,0.5,0.5,-0.0025810028076171877,-0.14,-0.011,-0.56,-0.0002619242509001952,10,1,100,0.016405958773442066,-10,-1,-100,11997.829082535929,-0.0014957928821479974,-2.336469207366809e-05,0.9999988810282465,39.28606753527408,-0.6083961324979905,-560.4326974397394,73.81185333674338,-89.98291015625,3568.244873046875,True
1598628942.5429091,0,5,0.5,0.5,-0.002580902099609375,-0.14,-0.011,-0.56,-0.00023129822334403983,10,1,100,0.016394305787248698,-10,-1,-100,12000.77826978208,-0.0014952200484753164,-2.3131632973903583e-05,0.999998881890342,39.27019789535394,-0.6080701477340859,-560.1374990171275,73.81220173928031,-89.98291015625,3567.7890625,True
1598628942.593863,0,5,0.5,0.5,-0.0025808349609375003,-0.14,-0.011,-0.56,-0.0002780908430420273,10,1,100,0.016372014310982397,-10,-1,-100,12003.710855416139,-0.0014945033007429595,-2.334540091073034e-05,0.9999988829568144,39.25429300367273,-0.6077439795147658,-559.8415492225525,73.81250836333051,-89.98291015625,3567.33349609375,True
1598628942.6441703,0,5,0.5,0.5,-0.0025807678222656253,-0.14,-0.011,-0.56,-0.00024255263580599072,10,1,100,0.016352909689012846,-10,-1,-100,12006.686409883434,-0.0014936846757441552,-2.3216547553026187e-05,0.999998884182918,39.23837818369756,-0.6074177905663208,-559.5454701944799,73.81280784893464,-89.98291015625,3566.8779296875,True
1598628942.6920304,0,5,0.5,0.5,-0.00258070068359375,-0.14,-0.011,-0.56,-0.0002625583795047688,10,1,100,0.016375363621164922,-10,-1,-100,12009.63462077605,-0.001493151584618124,-2.3281233108719735e-05,0.9999988849775431,39.222468118002496,-0.6070919108934997,-559.2495715010234,73.81311373769859,-89.98291015625,3566.42236328125,True
1598628942.7402909,0,5,0.5,0.5,-0.002559304809570313,-0.14,-0.011,-0.56,-0.0002714189326470045,10,1,100,0.01637609245681283,-10,-1,-100,12012.594549919828,-0.0014926804203632476,-2.3420597341515945e-05,0.9999988856776982,39.206589581730405,-0.6067664963455681,-558.9542286706144,73.81342453544633,-89.98294067382812,3565.967041015625,True
1598628942.7878187,0,5,0.5,0.5,-0.002576327514648438,-0.14,-0.011,-0.56,-0.00023677653684668642,10,1,100,0.016341422977184994,-10,-1,-100,12015.541784259723,-0.0014919435737315815,-2.3232173362564088e-05,0.9999988867816998,39.190686917969984,-0.6064410612138331,-558.6585976400822,73.81373469397343,-89.98294067382812,3565.51171875,True
1598628942.8370547,0,5,0.5,0.5,-0.0025548980712890627,-0.14,-0.011,-0.56,-0.0002447343542085486,10,1,100,0.01636034495881637,-10,-1,-100,12018.491948283394,-0.0014914523931832335,-2.3133258282837663e-05,0.9999988875166868,39.17480828866395,-0.6061159151318396,-558.3634010150239,73.8140486278489,-89.98297119140625,3565.056396484375,True
1598628942.8841908,0,5,0.5,0.5,-0.00257188720703125,-0.14,-0.011,-0.56,-0.00023633905655458612,10,1,100,0.01631869332212745,-10,-1,-100,12021.448948204867,-0.0014906335606454954,-2.2967151849412363e-05,0.9999988887414315,39.158923327238355,-0.6057908572195527,-558.0682075793161,73.81436706362862,-89.98297119140625,3564.60107421875,True
1598628942.9319086,0,5,0.5,0.5,-0.0025718200683593753,-0.14,-0.011,-0.56,-0.0002780600507580247,10,1,100,0.01632660014167201,-10,-1,-100,12024.397158485604,-0.0014899674407871332,-2.3195768170523353e-05,0.9999988897288744,39.143067609265515,-0.6054663719181009,-557.7734861098797,73.8146840107164,-89.98297119140625,3564.14599609375,True
1598628942.9799974,0,5,0.5,0.5,-0.002550390625,-0.14,-0.011,-0.56,-0.00023774763489671182,10,1,100,0.01631491422538399,-10,-1,-100,12027.348299191683,-0.0014892614119641216,-2.3037232785330518e-05,0.9999988907842512,39.12719733067218,-0.6051421182503599,-557.4786334673248,73.81500169841398,-89.98300170898438,3563.69091796875,True
1598628943.0298023,0,5,0.5,0.5,-0.0025460174560546873,-0.14,-0.011,-0.56,-0.0002631445232702406,10,1,100,0.01631158165990898,-10,-1,-100,12030.30432248523,-0.00148859520922996,-2.3124288201540328e-05,0.9999988917741711,39.11135218586419,-0.6048179651686192,-557.1842474567342,73.81532503782432,-89.9830322265625,3563.23583984375,True
1598628943.0841727,0,5,0.5,0.5,-0.002584335327148438,-0.14,-0.011,-0.56,-0.00025174944667667547,10,1,100,0.01631447735939659,-10,-1,-100,12033.255462502246,-0.0014880219175026509,-2.309984456067353e-05,0.9999988926279721,39.09550139295282,-0.6044940005983508,-556.8898652008307,73.8156513825603,-89.98300170898438,3562.78076171875,True
1598628943.1708102,0,5,0.5,0.5,-0.002545782470703125,-0.14,-0.011,-0.56,-0.00027602551903851524,10,1,100,0.016285449403612144,-10,-1,-100,12036.202696819557,-0.0014872427448645478,-2.329853786894776e-05,0.9999988937824861,39.079671532650316,-0.604170343578142,-556.595815772955,73.81597411357421,-89.9830322265625,3562.326171875,True
1598628943.226916,0,5,0.5,0.5,-0.002541375732421875,-0.14,-0.011,-0.56,-0.0002302789779740419,10,1,100,0.016191529095557083,-10,-1,-100,12042.11279019108,-0.0014856864414211168,-2.306321596650556e-05,0.9999988961013336,39.04801985240996,-0.6035238127510025,-556.0085060161143,73.81668147951193,-89.98306274414062,3561.41650390625,True
1598628943.2729352,0,5,0.5,0.5,-0.0025582977294921878,-0.14,-0.011,-0.56,-0.00026173957523360796,10,1,100,0.016285525305616055,-10,-1,-100,12045.060024507344,-0.0014851329176032585,-2.3135490591319808e-05,0.9999988969218747,39.032254589521834,-0.603201612933575,-555.7160522641897,73.81706797177348,-89.98306274414062,3560.961669921875,True
1598628943.3218534,0,5,0.5,0.5,-0.0025368011474609375,-0.14,-0.011,-0.56,-0.0002689828175814272,10,1,100,0.01626121216872118,-10,-1,-100,12048.020930470433,-0.0014844155469813975,-2.3267301641358568e-05,0.999998897983951,39.01643381499775,-0.6028787995447984,-555.4230840182794,73.81748242512184,-89.98309326171875,3560.5068359375,True
1598628943.3663354,0,5,0.5,0.5,-0.00255372314453125,-0.14,-0.011,-0.56,-0.000199858397876067,10,1,100,0.016243294684330466,-10,-1,-100,12050.968164509512,-0.001483607349309563,-2.2758694118364353e-05,0.9999988991950317,39.00069959805691,-0.6025571836820867,-555.1309619020512,73.81783519052846,-89.98309326171875,3560.05224609375,True
1598628943.4130313,0,5,0.5,0.5,-0.0025535888671875,-0.14,-0.011,-0.56,-0.0002971360481319033,10,1,100,0.016264621314568822,-10,-1,-100,12053.916375012253,-0.001483073634468129,-2.3181006430844918e-05,0.9999988999770127,38.98488759071415,-0.6022344872223853,-554.8377007484296,73.81817469370007,-89.98309326171875,3559.597900390625,True
1598628943.468191,0,5,0.5,0.5,-0.00253209228515625,-0.14,-0.011,-0.56,-0.0002383068291382105,10,1,100,0.01623952784880221,-10,-1,-100,12056.876304309117,-0.0014823671894018356,-2.3029921219901468e-05,0.9999989010279654,38.96914735318002,-0.6019127445896553,-554.545214258491,73.81847202235,-89.98312377929688,3559.1435546875,True
1598628943.510166,0,5,0.5,0.5,-0.0025490142822265625,-0.14,-0.011,-0.56,-0.0002482362600927442,10,1,100,0.01621027197431435,-10,-1,-100,12059.823538700584,-0.0014814659134383932,-2.298298935222193e-05,0.9999989023646624,38.95335437398389,-0.6015904732301247,-554.2520448596671,73.81876865409502,-89.98312377929688,3558.689208984375,True
1598628943.5599782,0,5,0.5,0.5,-0.0025488800048828124,-0.14,-0.011,-0.56,-0.00026580686908790797,10,1,100,0.01623651217269769,-10,-1,-100,12062.772725772695,-0.0014808922057283176,-2.3100106139226666e-05,0.9999989032117286,38.937529044885956,-0.6012680755274179,-553.9586932948855,73.81909465478482,-89.98312377929688,3558.23486328125,True
1598628943.6140652,0,5,0.5,0.5,-0.0025274169921875,-0.14,-0.011,-0.56,-0.00023253495088547779,10,1,100,0.01622318380078075,-10,-1,-100,12065.732655155938,-0.0014802564889776417,-2.2904125945629163e-05,0.9999989041574635,38.92176280572554,-0.6009468444589346,-553.6660955753274,73.81939861223701,-89.983154296875,3557.78076171875,True
1598628943.7001193,0,5,0.5,0.5,-0.0025443389892578125,-0.14,-0.011,-0.56,-0.0002715051616577134,10,1,100,0.01620582072884892,-10,-1,-100,12068.6808659815,-0.0014795277780308516,-2.3080414702665433e-05,0.9999989052318249,38.90598039183538,-0.6006253796209814,-553.3733419298404,73.81970437977527,-89.983154296875,3557.32666015625,True
1598628943.749097,0,5,0.5,0.5,-0.0025228424072265623,-0.14,-0.011,-0.56,-0.00023125845462955048,10,1,100,0.016133654146627777,-10,-1,-100,12074.588029465289,-0.001478216267301608,-2.287499634804809e-05,0.9999989071761036,38.874450147796935,-0.5999832168456765,-552.7889235264306,73.820368321136,-89.98318481445312,3556.418701171875,True
1598628943.796825,0,5,0.5,0.5,-0.0025397979736328127,-0.14,-0.011,-0.56,-0.0002630122191993236,10,1,100,0.016150280027202778,-10,-1,-100,12077.538193363347,-0.0014771819202567225,-2.2977094085047042e-05,0.9999989087022184,38.85869667636017,-0.5996623314946806,-552.497003180425,73.82070402627176,-89.98318481445312,3555.96484375,True
1598628943.8450222,0,5,0.5,0.5,-0.0025396636962890626,-0.14,-0.011,-0.56,-0.0002623758917708018,10,1,100,0.016191977145686036,-10,-1,-100,12080.511794525199,-0.0014766278976542622,-2.3064269411610684e-05,0.999998909518451,38.84301718055013,-0.5993432363153917,-552.2062268073706,73.82104234074627,-89.98318481445312,3555.5107421875,True
1598628943.8998268,0,5,0.5,0.5,-0.00253956298828125,-0.14,-0.011,-0.56,-0.00024192073655547272,10,1,100,0.016171043245337195,-10,-1,-100,12083.461958237225,-0.0014759410122391517,-2.2957748326738047e-05,0.9999989105349417,38.827256388618,-0.5990228844336147,-551.9141185410953,73.82134739648035,-89.98318481445312,3555.05712890625,True
1598628943.943871,0,5,0.5,0.5,-0.0025394622802734374,-0.14,-0.011,-0.56,-0.00023678541138148507,10,1,100,0.016143191870170492,-10,-1,-100,12086.39356726699,-0.001475070346030327,-2.2814045244173603e-05,0.9999989118229047,38.811515313809416,-0.5987032874628175,-551.6223515775627,73.82165234440947,-89.98318481445312,3554.603515625,True
1598628943.9923668,0,5,0.5,0.5,-0.0025179992675781254,-0.14,-0.011,-0.56,-0.0002377510322309038,10,1,100,0.016165093758172686,-10,-1,-100,12089.370098552085,-0.0014744852150845407,-2.2692518050643073e-05,0.9999989126886091,38.79577516012619,-0.5983833954840313,-551.3309306722252,73.82199330771,-89.98321533203125,3554.14990234375,True
1598628944.0393999,0,5,0.5,0.5,-0.002534988403320313,-0.14,-0.011,-0.56,-0.00024717769347258454,10,1,100,0.016112425868172003,-10,-1,-100,12092.318309178809,-0.0014734816442922899,-2.2668042434329922e-05,0.9999989141684124,38.78007469034605,-0.5980647471453151,-551.039905976051,73.82230206147287,-89.98321533203125,3553.6962890625,True
1598628944.0853674,0,5,0.5,0.5,-0.0025348876953125003,-0.14,-0.011,-0.56,-0.00028048963240932226,10,1,100,0.01616562940087448,-10,-1,-100,12095.250894567114,-0.0014730602341140354,-2.294891399794094e-05,0.9999989147828582,38.7643373738976,-0.5977451519284622,-550.7484484914296,73.82261437045027,-89.98321533203125,3553.242919921875,True
1598628944.135167,0,5,0.5,0.5,-0.002534786987304688,-0.14,-0.011,-0.56,-0.00023901561124998853,10,1,100,0.016133599862462652,-10,-1,-100,12098.224495746079,-0.001472393076304255,-2.282735267444909e-05,0.9999989157681826,38.74863164836723,-0.597426057300452,-550.4575034617556,73.82292638692029,-89.98321533203125,3552.78955078125,True
1598628944.1824615,0,5,0.5,0.5,-0.002534719848632813,-0.14,-0.011,-0.56,-0.00022636054675934908,10,1,100,0.016110549579607336,-10,-1,-100,12101.173683162779,-0.001471584169735473,-2.2601866133424486e-05,0.999998916964007,38.73291492408262,-0.5971067952198225,-550.1664807449301,73.82324032117516,-89.98321533203125,3552.3359375,True
1598628944.2311707,0,5,0.5,0.5,-0.0025346527099609378,-0.14,-0.011,-0.56,-0.00027071176234607595,10,1,100,0.016110432845472072,-10,-1,-100,12104.106268939096,-0.0014708549603701646,-2.2800506281980764e-05,0.999998918032326,38.71722896477488,-0.5967884857793428,-549.8759807940919,73.82355595323583,-89.98321533203125,3551.8828125,True
1598628944.2789128,0,5,0.5,0.5,-0.0025132568359375004,-0.14,-0.011,-0.56,-0.00023504790927141928,10,1,100,0.01612284940239808,-10,-1,-100,12107.081823133514,-0.0014703116126527857,-2.265693910732238e-05,0.9999989188346279,38.7015093988692,-0.5964698623488577,-549.58505528622,73.82387027382273,-89.98324584960938,3551.4296875,True
1598628944.3333182,0,5,0.5,0.5,-0.0025302795410156254,-0.14,-0.011,-0.56,-0.0002540407456165279,10,1,100,0.0161064996529802,-10,-1,-100,12110.030033872346,-0.0014696752718310095,-2.2699376692568225e-05,0.9999989197690834,38.68582134965974,-0.5961518211529476,-549.2946572180202,73.82418580660723,-89.98324584960938,3550.9765625,True
1598628944.3769646,0,5,0.5,0.5,-0.0025088500976562502,-0.14,-0.011,-0.56,-0.00026425963629834835,10,1,100,0.01609042706466543,-10,-1,-100,12112.964572496363,-0.0014689569863045543,-2.2831187042371035e-05,0.9999989208214723,38.670121220728284,-0.5958337589882753,-549.0041759173333,73.82450595561241,-89.9832763671875,3550.5234375,True
1598628944.4248545,0,5,0.5,0.5,-0.002525839233398438,-0.14,-0.011,-0.56,-0.0002598396823019555,10,1,100,0.016071339146588162,-10,-1,-100,12115.940126846544,-0.0014681368220488332,-2.2910948288846715e-05,0.9999989220240992,38.65444159137639,-0.5955159863588312,-548.7142826412804,73.82485717713953,-89.9832763671875,3550.0703125,True
1598628944.4717152,0,5,0.5,0.5,-0.0025257385253906256,-0.14,-0.011,-0.56,-0.0002508006905961309,10,1,100,0.01607364172395205,-10,-1,-100,12118.887360774446,-0.0014674184539051052,-2.2901197767367407e-05,0.9999989230787283,38.63880001552201,-0.5951989547426444,-548.4247825769253,73.82517878485397,-89.9832763671875,3549.617431640625,True
1598628944.519893,0,5,0.5,0.5,-0.0025043090820312504,-0.14,-0.011,-0.56,-0.00021387429860324875,10,1,100,0.01606136113349064,-10,-1,-100,12121.834595037973,-0.0014666601745531391,-2.255644947543572e-05,0.9999989241989908,38.62315305585033,-0.5948817915483511,-548.1352627621974,73.82549844810467,-89.98330688476562,3549.16455078125,True
1598628944.5669377,0,5,0.5,0.5,-0.0025426605224609378,-0.14,-0.011,-0.56,-0.00024154374909886875,10,1,100,0.01605528442905364,-10,-1,-100,12124.79550089594,-0.0014659217882562329,-2.2494683844511547e-05,0.9999989252830725,38.607480747196476,-0.5945646003930432,-547.8454309805469,73.82581624939684,-89.9832763671875,3548.7119140625,True
1598628944.6138482,0,5,0.5,0.5,-0.002504141235351563,-0.14,-0.011,-0.56,-0.00026054440226424083,10,1,100,0.016052783139032033,-10,-1,-100,12127.74273505027,-0.001465234278482356,-2.2611679418041525e-05,0.9999989262880342,38.591831655780496,-0.5942478497608151,-547.5559990287454,73.8261351090315,-89.98330688476562,3548.259033203125,True
1598628944.662965,0,5,0.5,0.5,-0.00249976806640625,-0.14,-0.011,-0.56,-0.00024202530963829015,10,1,100,0.016030577278990807,-10,-1,-100,12130.690945682232,-0.0014644139061401132,-2.2549879709429597e-05,0.9999989274911321,38.57617462720888,-0.5939310294460878,-547.2665395862515,73.82645547730687,-89.98333740234375,3547.806396484375,True
1598628944.713302,0,5,0.5,0.5,-0.0025167236328125005,-0.14,-0.011,-0.56,-0.0002577740305557687,10,1,100,0.016053065459865738,-10,-1,-100,12133.650874724146,-0.0014638790695311148,-2.2636915606690372e-05,0.9999989282722456,38.560542511916196,-0.5936145679590537,-546.977506119339,73.82677731037434,-89.98333740234375,3547.353759765625,True
1598628944.7605183,0,5,0.5,0.5,-0.0025165893554687504,-0.14,-0.011,-0.56,-0.00025536131533730814,10,1,100,0.016035812782820673,-10,-1,-100,12136.60006231966,-0.0014632423536323784,-2.2694254093737153e-05,0.9999989292028195,38.544903181358066,-0.593298443078466,-546.6884222680184,73.82709706913775,-89.98333740234375,3546.9013671875,True
1598628944.8079593,0,5,0.5,0.5,-0.0024951263427734375,-0.14,-0.011,-0.56,-0.0002657752056974902,10,1,100,0.016014123767483658,-10,-1,-100,12139.550225953339,-0.0014624727747295728,-2.2841017798884596e-05,0.9999989303252633,38.529284124058364,-0.5929820868482857,-546.3996943376792,73.82741711399676,-89.98336791992188,3546.448974609375,True
1598628944.8539233,0,5,0.5,0.5,-0.002512081909179688,-0.14,-0.011,-0.56,-0.0002295781757323587,10,1,100,0.0159979092768336,-10,-1,-100,12142.508202062687,-0.0014616323008093868,-2.2645246675602607e-05,0.9999989315585344,38.5136649982256,-0.592665555354914,-546.1110478407035,73.82773885554992,-89.98336791992188,3545.99658203125,True
1598628944.9039748,0,5,0.5,0.5,-0.0024906188964843754,-0.14,-0.011,-0.56,-0.0002611883426114158,10,1,100,0.016029190219397423,-10,-1,-100,12145.456412664847,-0.0014611592646193389,-2.275480711730747e-05,0.999998932247341,38.49806577823026,-0.5923493231180539,-545.8227564109685,73.82806173855197,-89.9833984375,3545.544189453125,True
1598628944.9528532,0,5,0.5,0.5,-0.0025075744628906254,-0.14,-0.011,-0.56,-0.0002687983168063818,10,1,100,0.015998922631818083,-10,-1,-100,12148.405600039056,-0.0014604604150662373,-2.2923731048967527e-05,0.9999989332643703,38.48244524955796,-0.5920327530829573,-545.5342157398829,73.82838254135179,-89.9833984375,3545.092041015625,True
1598628945.0031464,0,5,0.5,0.5,-0.002486077880859375,-0.14,-0.011,-0.56,-0.0002484152623599655,10,1,100,0.015964443679053107,-10,-1,-100,12151.381154202973,-0.0014595179777554077,-2.2891977279798704e-05,0.9999989346410475,38.46683331934052,-0.5917163808274523,-545.2458525817294,73.82870189334557,-89.98342895507812,3544.6396484375,True
1598628945.05225,0,5,0.5,0.5,-0.002503033447265625,-0.14,-0.011,-0.56,-0.00026201019008106316,10,1,100,0.015981090584703126,-10,-1,-100,12154.313739673351,-0.0014588190449758335,-2.298639544365124e-05,0.9999989356587433,38.4512458310978,-0.5914003812886238,-544.9579062414806,73.82902269594483,-89.98342895507812,3544.187744140625,True
1598628945.1028848,0,5,0.5,0.5,-0.0025028656005859377,-0.14,-0.011,-0.56,-0.00024499967630984084,10,1,100,0.01599822132956631,-10,-1,-100,12157.289294264163,-0.0014583458426234135,-2.2917142093234125e-05,0.9999989363505383,38.4356631156447,-0.5910846007346646,-544.6700970023104,73.829343272293,-89.98342895507812,3543.73583984375,True
1598628945.153101,0,5,0.5,0.5,-0.0025027313232421876,-0.14,-0.011,-0.56,-0.00023696770139161225,10,1,100,0.01594896486071419,-10,-1,-100,12160.235551488004,-0.0014574741348006115,-2.2780888854802677e-05,0.9999989376245245,38.42005435502998,-0.5907686718655207,-544.3820129542854,73.82966819061343,-89.98342895507812,3543.28369140625,True
1598628945.204963,0,5,0.5,0.5,-0.002502630615234375,-0.14,-0.011,-0.56,-0.00024219022583059065,10,1,100,0.015972178066876445,-10,-1,-100,12163.169113826589,-0.0014568990111734842,-2.270428976099628e-05,0.9999989384643299,38.404492478528994,-0.5904534546360771,-544.0946581892131,73.82999294671535,-89.98342895507812,3542.83203125,True
1598628945.2539835,0,5,0.5,0.5,-0.002502529907226563,-0.14,-0.011,-0.56,-0.00026926756091794985,10,1,100,0.015955499636287902,-10,-1,-100,12166.144667808781,-0.0014562308949237978,-2.288075056364436e-05,0.9999989394334636,38.38891795042216,-0.5901378500274367,-543.8071543412696,73.83031249086906,-89.98342895507812,3542.380126953125,True
1598628945.302721,0,5,0.5,0.5,-0.0025024291992187505,-0.14,-0.011,-0.56,-0.0002604138093302193,10,1,100,0.015931309519772806,-10,-1,-100,12169.093855353189,-0.0014554099804182262,-2.2960511282099693e-05,0.9999989406267409,38.373370700585326,-0.5898224819525238,-543.5201096241401,73.83063311230752,-89.98342895507812,3541.92822265625,True
1598628945.3498936,0,5,0.5,0.5,-0.0024809997558593753,-0.14,-0.011,-0.56,-0.0002686069133930885,10,1,100,0.015940408020405153,-10,-1,-100,12172.026440538233,-0.0014547528288682836,-2.3107395159918612e-05,0.9999989415795675,38.357787525556255,-0.589506583907343,-543.2326482483345,73.83095776228853,-89.98345947265625,3541.4765625,True
1598628945.3988998,0,5,0.5,0.5,-0.002497988891601563,-0.14,-0.011,-0.56,-0.00026189202182907485,10,1,100,0.015928520553241617,-10,-1,-100,12175.00101841567,-0.001454053604550432,-2.317946135418631e-05,0.9999989425948548,38.34223325258163,-0.589191504487407,-542.9456641385136,73.83128179165952,-89.98345947265625,3541.02490234375,True
1598628945.446,0,5,0.5,0.5,-0.002497921752929688,-0.14,-0.011,-0.56,-0.0002782631775687467,10,1,100,0.015910826206126057,-10,-1,-100,12177.95020564145,-0.0014532635480695789,-2.339341871548407e-05,0.9999989437383461,38.32667997395912,-0.588876172687096,-542.658739469015,73.83160329254544,-89.98345947265625,3540.573486328125,True
1598628945.496083,0,5,0.5,0.5,-0.002476492309570313,-0.14,-0.011,-0.56,-0.00022144869266399619,10,1,100,0.015920219964680467,-10,-1,-100,12180.899392740568,-0.0014526372553165677,-2.3071003101469287e-05,0.9999989446558097,38.311151299217876,-0.5885611010449164,-542.3722300112762,73.83192529887933,-89.98348999023438,3540.1220703125,True
1598628945.5449111,0,5,0.5,0.5,-0.002493515014648438,-0.14,-0.011,-0.56,-0.0002534533691550677,10,1,100,0.01587942026141615,-10,-1,-100,12183.85639262991,-0.0014517032470772809,-2.3068686851536798e-05,0.9999989460122036,38.29559528417758,-0.5882463270024342,-542.0854212530214,73.83224941704385,-89.98348999023438,3539.670654296875,True
1598628945.5931218,0,5,0.5,0.5,-0.0024934478759765628,-0.14,-0.011,-0.56,-0.0002550735036864555,10,1,100,0.015898584689871743,-10,-1,-100,12186.80655600084,-0.0014510348396619788,-2.3081234855149073e-05,0.999998946982021,38.280054939725275,-0.587931974152909,-541.7989007491113,73.83257494073573,-89.98348999023438,3539.21923828125,True
1598628945.6409292,0,5,0.5,0.5,-0.0024933807373046877,-0.14,-0.011,-0.56,-0.0002000260567718477,10,1,100,0.015951549910296958,-10,-1,-100,12188.286033411277,-0.0014509153449273528,-2.2592061620334784e-05,0.999998947166576,38.27227009089983,-0.5877745628780957,-541.6555136297999,73.83274513738748,-89.98348999023438,3538.99365234375,True
1598628945.6879199,0,5,0.5,0.5,-0.0024505889892578125,-0.14,-0.011,-0.56,-0.0003235567666284413,10,1,100,0.015848158176039892,-10,-1,-100,12192.729344054009,-0.0014498727510297862,-2.3270536793958526e-05,0.9999989486631913,38.24901744611758,-0.5873039021559782,-541.2267141021971,73.83323199739831,-89.98355102539062,3538.31689453125,True
1598628945.7370617,0,5,0.5,0.5,-0.002484634399414063,-0.14,-0.011,-0.56,-0.00025878932030350756,10,1,100,0.015848955698185774,-10,-1,-100,12195.662906612852,-0.0014489385761061824,-2.3298022669723472e-05,0.999998950016551,38.233504837231706,-0.5869890673384991,-540.9408707965298,73.83356909039966,-89.98355102539062,3537.865478515625,True
1598628945.783867,0,5,0.5,0.5,-0.002484500122070313,-0.14,-0.011,-0.56,-0.0002607752900558006,10,1,100,0.015872724149562985,-10,-1,-100,12198.610140457982,-0.0014483120323870787,-2.3340684761706925e-05,0.9999989509231842,38.21799424286676,-0.5866746662407026,-540.6551224297035,73.83390692459983,-89.98355102539062,3537.41455078125,True
1598628945.832889,0,5,0.5,0.5,-0.0024843658447265627,-0.14,-0.011,-0.56,-0.00024647250987971806,10,1,100,0.015867937277933227,-10,-1,-100,12201.587647615233,-0.0014477053828531059,-2.324909759510967e-05,0.9999989518037526,38.20248511334995,-0.5863606540210367,-540.3693485290835,73.83422873173237,-89.98355102539062,3536.963623046875,True
1598628945.8833072,0,5,0.5,0.5,-0.0024842651367187503,-0.14,-0.011,-0.56,-0.0002652175331612007,10,1,100,0.015845335876595184,-10,-1,-100,12204.519256511703,-0.0014469548227609803,-2.3336117016730017e-05,0.9999989528880351,38.187007429889114,-0.586047045511046,-540.0840222291258,73.8345417118897,-89.98355102539062,3536.5126953125,True
1598628945.9329545,0,5,0.5,0.5,-0.002484164428710938,-0.14,-0.011,-0.56,-0.0002554738766209823,10,1,100,0.015838331037607817,-10,-1,-100,12207.468443742371,-0.0014462152684880623,-2.332650447178058e-05,0.9999989539580887,38.17151299456069,-0.5857333779651522,-539.7985286140091,73.8348551404077,-89.98355102539062,3536.061767578125,True
1598628945.9808698,0,5,0.5,0.5,-0.002462701416015625,-0.14,-0.011,-0.56,-0.0002643784459858227,10,1,100,0.015850437482186567,-10,-1,-100,12210.443021489307,-0.0014456594125357451,-2.3398777256273915e-05,0.9999989547601339,38.15601558631713,-0.5854195042336587,-539.5130952912965,73.83517430768252,-89.98358154296875,3535.61083984375,True
1598628946.0343256,0,5,0.5,0.5,-0.0024796905517578127,-0.14,-0.011,-0.56,-0.00023646859526939008,10,1,100,0.01581276299970717,-10,-1,-100,12213.393185082823,-0.0014448179371408993,-2.3210455895523193e-05,0.9999989559806568,38.140513301510225,-0.5851054265381938,-539.2276616295732,73.83549449398578,-89.98358154296875,3535.160400390625,True
1598628946.0772312,0,5,0.5,0.5,-0.0024582275390625003,-0.14,-0.011,-0.56,-0.0002591558609171473,10,1,100,0.015808040972674808,-10,-1,-100,12216.324793974869,-0.0014440162913634147,-2.324537364705307e-05,0.9999989571377578,38.12503914070931,-0.5847920070629345,-538.9426970340429,73.83581503047226,-89.98361206054688,3534.709716796875,True
1598628946.1261408,0,5,0.5,0.5,-0.00247518310546875,-0.14,-0.011,-0.56,-0.00026363626378488026,10,1,100,0.015820744673022948,-10,-1,-100,12219.30034830037,-0.0014434093911582287,-2.3317698775612433e-05,0.9999989580122643,38.10955237541448,-0.5844784560732719,-538.6576153483264,73.83613572957898,-89.98361206054688,3534.25927734375,True
1598628946.181357,0,5,0.5,0.5,-0.002475048828125,-0.14,-0.011,-0.56,-0.0002480387941093873,10,1,100,0.015828530847492302,-10,-1,-100,12222.250511943246,-0.0014429352706975711,-2.3240994043475305e-05,0.9999989586982881,38.094106166220314,-0.584165412777118,-538.373197253892,73.8364598278173,-89.98361206054688,3533.80859375,True
1598628946.222096,0,5,0.5,0.5,-0.002474981689453125,-0.14,-0.011,-0.56,-0.00027511894129548267,10,1,100,0.01578705428776445,-10,-1,-100,12225.181144239963,-0.0014421334992633858,-2.341747248208831e-05,0.9999989598507552,38.07864476231661,-0.583852144207616,-538.0886212610851,73.83678248129206,-89.98361206054688,3533.3583984375,True
1598628946.2779906,0,5,0.5,0.5,-0.0024749145507812504,-0.14,-0.011,-0.56,-0.00026545033641895387,10,1,100,0.01578857590152473,-10,-1,-100,12228.156698474428,-0.0014414246354272587,-2.3489902427574997e-05,0.9999989608710824,38.06317063630733,-0.5835388863878685,-537.803924353221,73.83710519706274,-89.98361206054688,3532.90771484375,True
1598628946.3639624,0,5,0.5,0.5,-0.0024534851074218753,-0.14,-0.011,-0.56,-0.00024320170951271693,10,1,100,0.015781771802356927,-10,-1,-100,12231.104909155518,-0.0014407246195810358,-2.3353351935537223e-05,0.9999989618830569,38.047730011059365,-0.5832263370352835,-537.5197841472879,73.83742946980045,-89.983642578125,3532.45751953125,True
1598628946.4131303,0,5,0.5,0.5,-0.0024491119384765624,-0.14,-0.011,-0.56,-0.00026458678086963553,10,1,100,0.015726515989239624,-10,-1,-100,12237.013048505993,-0.0014395922621136504,-2.3423530087529026e-05,0.9999989635121913,38.01684535060486,-0.5826014790029886,-536.9520258368227,73.83813338887302,-89.98367309570312,3531.55712890625,True
1598628946.4689853,0,5,0.5,0.5,-0.002466067504882813,-0.14,-0.011,-0.56,-0.00023601795433704547,10,1,100,0.01574519668155164,-10,-1,-100,12239.960283003864,-0.001438739363946725,-2.3227532336251848e-05,0.9999989647442261,38.001418368974534,-0.5822893239927679,-536.6686637575777,73.83851417393197,-89.98367309570312,3531.10693359375,True
1598628946.5188162,0,5,0.5,0.5,-0.0024659332275390627,-0.14,-0.011,-0.56,-0.00024227598756954239,10,1,100,0.01575514907335053,-10,-1,-100,12242.910446567927,-0.0014380612745427295,-2.3106333748236684e-05,0.9999989657223992,37.98602542089916,-0.581978139422115,-536.3856048791645,73.83886115986915,-89.98367309570312,3530.65673828125,True
1598628946.5618124,0,5,0.5,0.5,-0.0024658325195312503,-0.14,-0.011,-0.56,-0.00026149324992946884,10,1,100,0.0157519896840166,-10,-1,-100,12245.886977275251,-0.0014374230153069642,-2.3171121456502264e-05,0.9999989666385531,37.97058040400251,-0.5816661338376202,-536.101846914194,73.8392043757112,-89.98367309570312,3530.206787109375,True
1598628946.609255,0,5,0.5,0.5,-0.0024443695068359374,-0.14,-0.011,-0.56,-0.0002629682936523107,10,1,100,0.015733660807742585,-10,-1,-100,12248.81858635461,-0.0014366828761463537,-2.3243464620077737e-05,0.9999989677004947,37.95516995777519,-0.5813550600852245,-535.8186137848983,73.83954392759577,-89.98370361328125,3529.7568359375,True
1598628946.668804,0,5,0.5,0.5,-0.002461358642578125,-0.14,-0.011,-0.56,-0.0002399221847853405,10,1,100,0.01574013183428685,-10,-1,-100,12251.76679660671,-0.0014360755166191257,-2.3099722787289323e-05,0.9999989685762247,37.93976994308462,-0.5810439773279934,-535.5352890813184,73.83984109305095,-89.98370361328125,3529.30712890625,True
1598628946.7110271,0,5,0.5,0.5,-0.0024398956298828127,-0.14,-0.011,-0.56,-0.000276970870378492,10,1,100,0.015744522430450106,-10,-1,-100,12254.744303769548,-0.00143556995326362,-2.330605278649971e-05,0.9999989692973376,37.924349908523524,-0.5807327556819194,-535.2517249622051,73.8401360395214,-89.98373413085938,3528.857421875,True
1598628946.807968,0,5,0.5,0.5,-0.0024782135009765627,-0.14,-0.011,-0.56,-0.00024872090721177664,10,1,100,0.015709505042630176,-10,-1,-100,12257.689584580716,-0.00143479870606701,-2.3236748521772626e-05,0.9999989704058332,37.90894342224163,-0.5804218611667401,-534.9684487639697,73.84043460964438,-89.98370361328125,3528.40771484375,True
1598628946.8510792,0,5,0.5,0.5,-0.0024610229492187503,-0.14,-0.011,-0.56,-0.00023056855992200249,10,1,100,0.015637634656734366,-10,-1,-100,12263.598701082286,-0.0014334508731012174,-2.3008887600259436e-05,0.9999989723440648,37.87810782661825,-0.5798002238844477,-534.4019989388122,73.84106733085564,-89.98370361328125,3527.508544921875,True
1598628946.9049761,0,5,0.5,0.5,-0.0024395599365234374,-0.14,-0.011,-0.56,-0.00025550971506649653,10,1,100,0.01574521099851797,-10,-1,-100,12266.546911536017,-0.0014332107860233715,-2.3028916368222223e-05,0.9999989726877283,37.8627329867386,-0.5794900442237924,-534.1197912620345,73.84142792367284,-89.98373413085938,3527.05908203125,True
1598628946.9539828,0,5,0.5,0.5,-0.002456549072265625,-0.14,-0.011,-0.56,-0.00025733258562468664,10,1,100,0.015663401225420218,-10,-1,-100,12269.52246556431,-0.0014322556305913117,-2.3063990831051317e-05,0.9999989740554042,37.847404126085415,-0.5791810483916351,-533.8381057425614,73.84176264368327,-89.98373413085938,3526.60986328125,True
1598628946.9970005,0,5,0.5,0.5,-0.00247784423828125,-0.14,-0.011,-0.56,-0.0002106459184292294,10,1,100,0.015733772127738164,-10,-1,-100,12270.976552001084,-0.0014320337126118954,-2.267177931298859e-05,0.9999989743821922,37.83966699042767,-0.5790252764326181,-533.6962243560502,73.84192453667639,-89.98370361328125,3526.385009765625,True
1598628947.0470266,0,5,0.5,0.5,-0.0024393585205078126,-0.14,-0.011,-0.56,-0.00029982412384463894,10,1,100,0.015659411432662005,-10,-1,-100,12275.404238119023,-0.001431162058722038,-2.312643957582007e-05,0.9999989756196401,37.81664094917447,-0.5785613593139605,-533.273399013759,73.8424262027607,-89.98373413085938,3525.711181640625,True
1598628947.0942783,0,5,0.5,0.5,-0.0024563812255859376,-0.14,-0.011,-0.56,-0.00023116695240830686,10,1,100,0.015646407218187733,-10,-1,-100,12278.380768844509,-0.001430257697977693,-2.2915592705493324e-05,0.999998976918373,37.8012778280457,-0.5782523906408058,-532.9912585937012,73.84273857325074,-89.98373413085938,3525.261962890625,True
1598628947.1439805,0,5,0.5,0.5,-0.0024563140869140626,-0.14,-0.011,-0.56,-0.00025200719009895405,10,1,100,0.01566147702429329,-10,-1,-100,12281.328002529102,-0.0014295790640086385,-2.2913602737612173e-05,0.999998977888811,37.78594063866516,-0.5779433861392493,-532.7095401560912,73.8430496874654,-89.98373413085938,3524.81298828125,True
1598628947.1901712,0,5,0.5,0.5,-0.002434918212890625,-0.14,-0.011,-0.56,-0.000260917874241551,10,1,100,0.015666155912363852,-10,-1,-100,12284.259611648391,-0.001429011117393901,-2.2993099769818795e-05,0.9999989786987504,37.7706118373477,-0.5776346094595765,-532.4278732052525,73.8433423286547,-89.9837646484375,3524.36376953125,True
1598628947.2390747,0,5,0.5,0.5,-0.00243057861328125,-0.14,-0.011,-0.56,-0.00026664060499554266,10,1,100,0.015651971236094842,-10,-1,-100,12287.235165980877,-0.0014283722728682625,-2.3117491554149712e-05,0.9999989796085953,37.75522265028539,-0.5773254407569148,-532.1454064404236,73.84363309166453,-89.98379516601562,3523.914794921875,True
1598628947.2859595,0,5,0.5,0.5,-0.002447601318359375,-0.14,-0.011,-0.56,-0.00023837092423626126,10,1,100,0.015648266574150953,-10,-1,-100,12290.182399615296,-0.0014277643697185516,-2.2973749315941033e-05,0.999998980480036,37.73986867176351,-0.5770170970879849,-531.8635577802007,73.8439322025443,-89.98379516601562,3523.4658203125,True
1598628947.332833,0,5,0.5,0.5,-0.0024475006103515627,-0.14,-0.011,-0.56,-0.0002565767000983416,10,1,100,0.015641479503170005,-10,-1,-100,12293.133539577364,-0.0014271564246974861,-2.3008820697411903e-05,0.9999989813470479,37.724545890006404,-0.576708852182525,-531.582246063025,73.84423653959706,-89.98379516601562,3523.01708984375,True
1598628947.3807871,0,5,0.5,0.5,-0.00242603759765625,-0.14,-0.011,-0.56,-0.0002536491538529939,10,1,100,0.01563476596918237,-10,-1,-100,12296.092492272612,-0.0014265484375042697,-2.3014089775521212e-05,0.9999989822144356,37.70919213059433,-0.5764003116804886,-531.3005741863242,73.84454384638032,-89.98382568359375,3522.568359375,True
1598628947.4319305,0,5,0.5,0.5,-0.0024216644287109374,-0.14,-0.011,-0.56,-0.00023568151895894869,10,1,100,0.015616813031677642,-10,-1,-100,12299.039726103889,-0.0014258385700317746,-2.28555511898499e-05,0.9999989832304811,37.69385452268965,-0.5760920887282867,-531.0192109715911,73.84485313634389,-89.98385620117188,3522.11962890625,True
1598628947.4789133,0,5,0.5,0.5,-0.0024386199951171874,-0.14,-0.011,-0.56,-0.00026274095512893755,10,1,100,0.015602251827551681,-10,-1,-100,12301.989889893099,-0.0014250666950743245,-2.2957609567731517e-05,0.9999989843284156,37.678546566761234,-0.5757846310663003,-530.7383101024973,73.84516031201387,-89.98385620117188,3521.6708984375,True
1598628947.573759,0,5,0.5,0.5,-0.00241708984375,-0.14,-0.011,-0.56,-0.00022199990708954574,10,1,100,0.015611850292370263,-10,-1,-100,12304.966420729877,-0.0014244585829909365,-2.267975690157966e-05,0.999998985201172,37.66323987715401,-0.5754774563570995,-530.4575108603653,73.84546921639163,-89.98388671875,3521.222412109375,True
1598628947.6598,0,5,0.5,0.5,-0.0024126495361328124,-0.14,-0.011,-0.56,-0.00026235655623340715,10,1,100,0.0155167659841801,-10,-1,-100,12310.84623997903,-0.001423047445091338,-2.2794448272453292e-05,0.9999989872076781,37.63258997843006,-0.5748627903318393,-529.8958056166229,73.84611901977001,-89.98391723632812,3520.325439453125,True
1598628947.7159557,0,5,0.5,0.5,-0.0024081756591796876,-0.14,-0.011,-0.56,-0.00023893096955972557,10,1,100,0.015526749827493637,-10,-1,-100,12316.770981134381,-0.0014218619094426316,-2.26858634075168e-05,0.9999989888965198,37.60204619221793,-0.5742498829702378,-529.3366484481063,73.84688352884781,-89.98394775390625,3519.4287109375,True
1598628947.801945,0,5,0.5,0.5,-0.0024250305175781252,-0.14,-0.011,-0.56,-0.0002732559663544391,10,1,100,0.01556398386694588,-10,-1,-100,12319.703566404874,-0.0014211296566247972,-2.2899402355099286e-05,0.9999989899325481,37.586825897064486,-0.573944650547302,-529.0580076454474,73.8472827037016,-89.98394775390625,3518.980224609375,True
1598628947.8511243,0,5,0.5,0.5,-0.002403466796875,-0.14,-0.011,-0.56,-0.00025879049734771223,10,1,100,0.015526195891310254,-10,-1,-100,12325.6273308401,-0.0014201276101580504,-2.2962109586853777e-05,0.9999989913546476,37.55629827332338,-0.5733327229710798,-528.4986967392491,73.84794121294264,-89.98397827148438,3518.083984375,True
1598628947.900042,0,5,0.5,0.5,-0.002420355224609375,-0.14,-0.011,-0.56,-0.00023506121977335005,10,1,100,0.015538435366911714,-10,-1,-100,12328.574564698501,-0.0014193354219325758,-2.2803536712288472e-05,0.9999989924829719,37.54105739930164,-0.5730271558451642,-528.2193410635135,73.84825460080792,-89.98397827148438,3517.635986328125,True
1598628947.9480126,0,5,0.5,0.5,-0.00242015380859375,-0.14,-0.011,-0.56,-0.0002555462756087242,10,1,100,0.015568873917817944,-10,-1,-100,12331.53449400561,-0.001418899627597461,-2.2845762072644917e-05,0.999998993100452,37.52578506326952,-0.5727214891395108,-527.9396193715406,73.84857038838327,-89.98397827148438,3517.18798828125,True
1598628948.0060391,0,5,0.5,0.5,-0.002441314697265625,-0.14,-0.011,-0.56,-0.0002600826203864911,10,1,100,0.01554468915799699,-10,-1,-100,12334.483680734993,-0.0014182910956554388,-2.2925536496971172e-05,0.999998993961888,37.510515238523936,-0.5724157862128401,-527.6597671834393,73.84885424744705,-89.98394775390625,3516.740234375,True
1598628948.053889,0,5,0.5,0.5,-0.0024240905761718752,-0.14,-0.011,-0.56,-0.00023300840587899433,10,1,100,0.015523163235699888,-10,-1,-100,12337.431891464628,-0.001417549701270762,-2.2752009981089206e-05,0.9999989950170901,37.49525375916668,-0.5721102471468791,-527.3800565352191,73.8491332477848,-89.98394775390625,3516.29248046875,True
1598628948.1389368,0,5,0.5,0.5,-0.0024239898681640624,-0.14,-0.011,-0.56,-0.0002615920572614163,10,1,100,0.015547544473530628,-10,-1,-100,12340.40744536242,-0.0014171048893274819,-2.2854204107590128e-05,0.9999989956452046,37.479975668512324,-0.5718043794617426,-527.100374587409,73.8494415284711,-89.98394775390625,3515.8447265625,True
1598628948.186922,0,5,0.5,0.5,-0.00242388916015625,-0.14,-0.011,-0.56,-0.0002525234342646463,10,1,100,0.01544270988443576,-10,-1,-100,12346.289217860322,-0.001415754711119771,-2.2864759836675004e-05,0.999998997557398,37.449530977683104,-0.5711946223014415,-526.5429071812786,73.85007894208964,-89.98394775390625,3514.94921875,True
1598628948.234825,0,5,0.5,0.5,-0.002402459716796875,-0.14,-0.011,-0.56,-0.00025779130979682616,10,1,100,0.015521098016532668,-10,-1,-100,12349.262818777002,-0.0014152478083789793,-2.2922077547103713e-05,0.9999989982736079,37.434315100437324,-0.570890025762753,-526.2645850810877,73.85043059963725,-89.98397827148438,3514.501708984375,True
1598628948.2806978,0,5,0.5,0.5,-0.002419482421875,-0.14,-0.011,-0.56,-0.0002624675737541247,10,1,100,0.015497226015771477,-10,-1,-100,12352.212005567038,-0.0014145770600956238,-2.3016580020491934e-05,0.9999989992204882,37.41911528110712,-0.570585681551502,-525.9863678658807,73.85075712041419,-89.98397827148438,3514.05419921875,True
1598628948.3300416,0,5,0.5,0.5,-0.0024194488525390626,-0.14,-0.011,-0.56,-0.0002585378037693856,10,1,100,0.015493193499490777,-10,-1,-100,12355.16021586943,-0.001413937252280337,-2.3066465526789984e-05,0.9999990001241925,37.40392197795382,-0.5702815852497948,-525.7080513109848,73.8510467561225,-89.98397827148438,3513.60693359375,True
1598628948.379011,0,5,0.5,0.5,-0.002398052978515625,-0.14,-0.011,-0.56,-0.00023036867268573242,10,1,100,0.015486071617574726,-10,-1,-100,12358.119168416713,-0.0014132974029802433,-2.285558110159892e-05,0.9999990010335376,37.388707434091216,-0.569976954209629,-525.4294559407454,73.85133006372978,-89.9840087890625,3513.15966796875,True
1598628948.4259958,0,5,0.5,0.5,-0.002415109252929688,-0.14,-0.011,-0.56,-0.00026105069815876136,10,1,100,0.01548580157198028,-10,-1,-100,12361.068355543306,-0.0014127194761176431,-2.2942892336166626e-05,0.9999990018481547,37.3734932601653,-0.5696723171140637,-525.1509310075893,73.851615039748,-89.9840087890625,3512.71240234375,True
1598628948.476267,0,5,0.5,0.5,-0.0023937133789062506,-0.14,-0.011,-0.56,-0.0002537346331407242,10,1,100,0.01546133763743882,-10,-1,-100,12364.017542359885,-0.001411977703152007,-2.295562981686068e-05,0.9999990028955053,37.35828862393474,-0.5693678492939649,-524.8726584397642,73.85190761622518,-89.98403930664062,3512.26513671875,True
1598628948.5321946,0,5,0.5,0.5,-0.0024107360839843756,-0.14,-0.011,-0.56,-0.0002555118054471298,10,1,100,0.015491453050419664,-10,-1,-100,12366.993096461985,-0.0014115834332325684,-2.2983265576873308e-05,0.9999990034514936,37.343084404588446,-0.5690635680854184,-524.5944997125979,73.85220738130198,-89.98403930664062,3511.818115234375,True
1598628948.5758324,0,5,0.5,0.5,-0.0023892730712890627,-0.14,-0.011,-0.56,-0.0002901931071058358,10,1,100,0.0154327796617563,-10,-1,-100,12369.924705136335,-0.0014106977094656145,-2.332362107461857e-05,0.9999990046934952,37.32791369738403,-0.5687597226912277,-524.3168909260592,73.85250813720418,-89.98406982421875,3511.370849609375,True
1598628948.6227067,0,5,0.5,0.5,-0.002406228637695313,-0.14,-0.011,-0.56,-0.00024123206660950206,10,1,100,0.015457076400293646,-10,-1,-100,12372.87584525405,-0.0014101196145658189,-2.3187415148880747e-05,0.9999990055120137,37.31271989142194,-0.5684555478127875,-524.0392156119605,73.85283813021366,-89.98406982421875,3510.923828125,True
1598628948.6721199,0,5,0.5,0.5,-0.002406094360351563,-0.14,-0.011,-0.56,-0.00025871521322223427,10,1,100,0.015436960125707045,-10,-1,-100,12375.848469910445,-0.0014094175487740915,-2.322222635737912e-05,0.9999990065009572,37.29756974441754,-0.5681521934808395,-523.7620444836463,73.85314339714112,-89.98406982421875,3510.47705078125,True
1598628948.7180035,0,5,0.5,0.5,-0.0023845977783203127,-0.14,-0.011,-0.56,-0.00024109520433537879,10,1,100,0.015454135656786754,-10,-1,-100,12378.796680169879,-0.0014089412093935601,-2.3093366042023766e-05,0.9999990071751896,37.282413252875976,-0.5678487121349248,-523.4848527783239,73.85344984860288,-89.98410034179688,3510.0302734375,True
1598628948.7690625,0,5,0.5,0.5,-0.0024015533447265627,-0.14,-0.011,-0.56,-0.0002562190318029673,10,1,100,0.015419516198062765,-10,-1,-100,12381.745866908226,-0.0014081991845128457,-2.3113553924592505e-05,0.9999990082199185,37.26726229566782,-0.5675454113577512,-523.2077959856672,73.85375519803974,-89.98410034179688,3509.58349609375,True
1598628948.816921,0,5,0.5,0.5,-0.002380056762695313,-0.14,-0.011,-0.56,-0.0002359530779591191,10,1,100,0.01540025125530618,-10,-1,-100,12384.704819484614,-0.0014073552786649389,-2.294758244297992e-05,0.9999990094117734,37.2521017447983,-0.5672418679743455,-522.9306888561679,73.85406402644222,-89.984130859375,3509.13671875,True
1598628948.8649497,0,5,0.5,0.5,-0.0023969787597656255,-0.14,-0.011,-0.56,-0.0002654017743662286,10,1,100,0.015413554004036698,-10,-1,-100,12387.654006331228,-0.0014067150092222241,-2.306452277529112e-05,0.9999990103099655,37.23695868954816,-0.56693920032648,-522.6539005003364,73.85437470786042,-89.984130859375,3508.68994140625,True
1598628948.9131997,0,5,0.5,0.5,-0.0023968444824218754,-0.14,-0.011,-0.56,-0.0002567725979962152,10,1,100,0.0154042953206838,-10,-1,-100,12390.602216562023,-0.0014060547602381462,-2.3092195163416005e-05,0.999999011237892,37.22182668592703,-0.5666362260292431,-522.3773438720324,73.85468758666,-89.984130859375,3508.243408203125,True
1598628948.962101,0,5,0.5,0.5,-0.002375347900390625,-0.14,-0.011,-0.56,-0.00023656364323924856,10,1,100,0.015408224137603389,-10,-1,-100,12393.578747316264,-0.001405496309239053,-2.293349837953234e-05,0.9999990120266016,37.20669919897507,-0.56633351769637,-522.1009122950927,73.85499977350283,-89.98416137695312,3507.796875,True
1598628949.01179,0,5,0.5,0.5,-0.002392303466796875,-0.14,-0.011,-0.56,-0.00027756895012855825,10,1,100,0.015386161457636195,-10,-1,-100,12396.511332764407,-0.0014047939488710055,-2.316202421266576e-05,0.9999990130082539,37.19156884131033,-0.5660307676104789,-521.8244839881904,73.85530941965793,-89.98416137695312,3507.3505859375,True
1598628949.0579345,0,5,0.5,0.5,-0.0023921691894531255,-0.14,-0.011,-0.56,-0.0002422027644552151,10,1,100,0.01537406813295263,-10,-1,-100,12399.458566562273,-0.0014040516723887132,-2.3048101683360483e-05,0.9999990140533571,37.17644525250152,-0.5657282965089802,-521.5482245815615,73.85562077737681,-89.98416137695312,3506.904052734375,True
1598628949.1058764,0,5,0.5,0.5,-0.0023920684814453127,-0.14,-0.011,-0.56,-0.00027708519800736565,10,1,100,0.015377178426180688,-10,-1,-100,12402.433144099428,-0.0014034111928314997,-2.326189925209456e-05,0.9999990149474687,37.16134476765155,-0.5654260315530216,-521.2723540918857,73.85593197578567,-89.98416137695312,3506.457763671875,True
1598628949.1548173,0,5,0.5,0.5,-0.00237060546875,-0.14,-0.011,-0.56,-0.00022189179988700396,10,1,100,0.01536571196534176,-10,-1,-100,12405.381354500889,-0.0014027307967007102,-2.2954434800664786e-05,0.9999990159092187,37.14622525833178,-0.5651237994940421,-520.9962693981023,73.85624265528209,-89.98419189453125,3506.01171875,True
1598628949.2032843,0,5,0.5,0.5,-0.00238756103515625,-0.14,-0.011,-0.56,-0.0002605612464193896,10,1,100,0.015371630081393445,-10,-1,-100,12408.331517856335,-0.0014021721346841654,-2.3026705532892782e-05,0.9999990166910543,37.131124319546274,-0.5648218390210594,-520.7205541372988,73.8565602151843,-89.98419189453125,3505.5654296875,True
1598628949.2508144,0,5,0.5,0.5,-0.0023874603271484378,-0.14,-0.011,-0.56,-0.0002768608263820535,10,1,100,0.01531592963641763,-10,-1,-100,12411.29047028895,-0.0014011640461463531,-2.3240644798678024e-05,0.9999990180991121,37.11604207428328,-0.5645201304565496,-520.44516988248,73.85687776978995,-89.98419189453125,3505.119140625,True
1598628949.3000135,0,5,0.5,0.5,-0.0023873596191406254,-0.14,-0.011,-0.56,-0.000267517683004537,10,1,100,0.015351164890691224,-10,-1,-100,12414.239656906575,-0.0014005743180947987,-2.335008183607438e-05,0.9999990189226955,37.10095104163882,-0.5642184799004242,-520.1696952374031,73.85719056591074,-89.98419189453125,3504.67333984375,True
1598628949.3478906,0,5,0.5,0.5,-0.0023872924804687503,-0.14,-0.011,-0.56,-0.0002375282562946355,10,1,100,0.015313171073453438,-10,-1,-100,12417.188843772397,-0.0013996989678553785,-2.3176572991441878e-05,0.9999990201523428,37.08589674469151,-0.5639174481475286,-519.8948076841267,73.85750479744358,-89.98419189453125,3504.22705078125,True
1598628949.3952532,0,5,0.5,0.5,-0.0023872253417968753,-0.14,-0.011,-0.56,-0.00025299382186089257,10,1,100,0.0153497355868625,-10,-1,-100,12420.164397994755,-0.0013992419777972306,-2.3159331864909075e-05,0.9999990207922871,37.07081208979497,-0.5636159727063402,-519.619564727492,73.85781984476887,-89.98419189453125,3503.78125,True
1598628949.4428089,0,5,0.5,0.5,-0.0023871582031250002,-0.14,-0.011,-0.56,-0.0002839738384523678,10,1,100,0.015291639413231226,-10,-1,-100,12423.112608132302,-0.0013983045786953945,-2.342523359461858e-05,0.9999990220973037,37.0557484544072,-0.5633145023102076,-519.3446596332652,73.85813169190521,-89.98419189453125,3503.33544921875,True
1598628949.490043,0,5,0.5,0.5,-0.002365762329101563,-0.14,-0.011,-0.56,-0.00022851179428442847,10,1,100,0.015326587733719695,-10,-1,-100,12426.044217044604,-0.0013977766476350238,-2.3162315006268604e-05,0.9999990228414979,37.04068456730273,-0.5630133762486766,-519.0698179109153,73.85844439001802,-89.98422241210938,3502.8896484375,True
1598628949.5378363,0,5,0.5,0.5,-0.002382785034179688,-0.14,-0.011,-0.56,-0.0002758531844622571,10,1,100,0.015304776706438303,-10,-1,-100,12429.0197708942,-0.0013971048076059796,-2.3353674117754702e-05,0.9999990237759047,37.0256025310897,-0.5627121574583492,-518.7947960637873,73.85875894379691,-89.98422241210938,3502.444091796875,True
1598628949.584897,0,5,0.5,0.5,-0.0023827178955078128,-0.14,-0.011,-0.56,-0.0002442220861945016,10,1,100,0.015283963561004353,-10,-1,-100,12431.96993458469,-0.001396311148861797,-2.3239803714458473e-05,0.999999024887068,37.01056331872981,-0.5624111085458486,-518.5204355113809,73.85907328093349,-89.98422241210938,3501.998291015625,True
1598628949.6340163,0,5,0.5,0.5,-0.0023612884521484376,-0.14,-0.011,-0.56,-0.0002668274308433902,10,1,100,0.015283106586598164,-10,-1,-100,12434.916191381752,-0.001395588304821547,-2.3341808386031467e-05,0.9999990258937472,36.995505982389524,-0.5621102126925799,-518.2458732925451,73.85938554781963,-89.9842529296875,3501.552734375,True
1598628949.6832685,0,5,0.5,0.5,-0.0023783111572265626,-0.14,-0.011,-0.56,-0.00024495374203742707,10,1,100,0.015272966212213336,-10,-1,-100,12437.892722090823,-0.0013948454818286206,-2.3235336031420554e-05,0.9999990269326272,36.98048340456159,-0.5618101216608081,-517.9718374551894,73.8596942086654,-89.9842529296875,3501.107421875,True
1598628949.7320573,0,5,0.5,0.5,-0.0023568817138671875,-0.14,-0.011,-0.56,-0.00026111320742900766,10,1,100,0.015246782249395699,-10,-1,-100,12440.82530755573,-0.0013939388127665777,-2.328525754851725e-05,0.9999990281957194,36.96543283155721,-0.5615095810909045,-517.6974821751012,73.86000458195186,-89.98428344726562,3500.661865234375,True
1598628949.7810557,0,5,0.5,0.5,-0.002373870849609375,-0.14,-0.011,-0.56,-0.0002272122469029089,10,1,100,0.015258414876000909,-10,-1,-100,12443.77547095879,-0.0013932268877096586,-2.3022409638595313e-05,0.9999990291939328,36.950384109746125,-0.5612091423454536,-517.4232472520853,73.86031909239938,-89.98428344726562,3500.216552734375,True
1598628949.8282757,0,5,0.5,0.5,-0.0023524078369140627,-0.14,-0.011,-0.56,-0.00027207409170598013,10,1,100,0.015261758498751082,-10,-1,-100,12446.750048382673,-0.0013926167591650838,-2.3191589829782816e-05,0.9999990300398859,36.935355551381505,-0.5609091480539666,-517.1493736512203,73.86063669434405,-89.98431396484375,3499.771240234375,True
1598628949.876805,0,5,0.5,0.5,-0.0023693634033203127,-0.14,-0.011,-0.56,-0.00026226497790032106,10,1,100,0.015244720435074178,-10,-1,-100,12449.698258685647,-0.0013919136437353988,-2.325620259004879e-05,0.9999990310173091,36.92034167456623,-0.5606095583718157,-516.8757672988816,73.86095369814777,-89.98431396484375,3499.325927734375,True
1598628949.9252427,0,5,0.5,0.5,-0.0023692291259765626,-0.14,-0.011,-0.56,-0.0002654080135191788,10,1,100,0.015247175764715347,-10,-1,-100,12452.64549234882,-0.001391303431190661,-2.33434264498028e-05,0.9999990318644547,36.90531546185697,-0.5603099781571679,-516.6020220347309,73.86126577908789,-89.98431396484375,3498.880859375,True
1598628949.9739947,0,5,0.5,0.5,-0.002369094848632813,-0.14,-0.011,-0.56,-0.00024088870665669613,10,1,100,0.015217964214341179,-10,-1,-100,12455.60639786045,-0.0013904894976443205,-2.319989244823371e-05,0.9999990329998933,36.890309155125294,-0.5600106245197228,-516.3286322863263,73.86158034875848,-89.98431396484375,3498.435791015625,True
1598628950.021534,0,5,0.5,0.5,-0.0023476318359375,-0.14,-0.011,-0.56,-0.00023695632935804835,10,1,100,0.015224680298680023,-10,-1,-100,12458.55363184947,-0.0013898172380507191,-2.303362394641777e-05,0.9999990339382818,36.875314069419964,-0.5597116262519769,-516.0554647090535,73.86189581291163,-89.98434448242188,3497.99072265625,True
1598628950.0699046,0,5,0.5,0.5,-0.0023645874023437504,-0.14,-0.011,-0.56,-0.0002869015673003937,10,1,100,0.015235242593321693,-10,-1,-100,12461.503795085824,-0.001389308738889238,-2.3336809335307636e-05,0.9999990346378446,36.860331721575584,-0.5594127935682418,-515.7825461045852,73.86221173277019,-89.98434448242188,3497.545654296875,True
1598628950.1188715,0,5,0.5,0.5,-0.0023644531250000002,-0.14,-0.011,-0.56,-0.00023339158287202322,10,1,100,0.015205833269857654,-10,-1,-100,12464.478372586309,-0.001388585475265466,-2.3125889825294282e-05,0.9999990356473206,36.84532951039348,-0.5591141281195549,-515.5094304856625,73.8625304470657,-89.98434448242188,3497.100830078125,True
1598628950.1669688,0,5,0.5,0.5,-0.002364352416992188,-0.14,-0.011,-0.56,-0.0002714254420503523,10,1,100,0.015154064544475902,-10,-1,-100,12467.426582633867,-0.0013874637043127084,-2.328010346195853e-05,0.9999990372007895,36.83033021465392,-0.5588154481707347,-515.2364035265184,73.86284778484398,-89.98434448242188,3496.656005859375,True
1598628950.2159624,0,5,0.5,0.5,-0.002342889404296875,-0.14,-0.011,-0.56,-0.0002574092509153773,10,1,100,0.015221971879168014,-10,-1,-100,12470.361120914691,-0.0013870679626505988,-2.329283706003486e-05,0.9999990377494925,36.81534814003446,-0.5585169867899209,-514.9636669741955,73.86316262308696,-89.984375,3496.211181640625,True
1598628950.2629132,0,5,0.5,0.5,-0.0023598785400390627,-0.14,-0.011,-0.56,-0.0002501653330166173,10,1,100,0.015188102008809688,-10,-1,-100,12473.333745073644,-0.0013864065358182563,-2.3238552368741414e-05,0.9999990386679813,36.80038643943224,-0.5582188317497769,-514.691270411853,73.86347620452169,-89.984375,3495.7666015625,True
1598628950.3118362,0,5,0.5,0.5,-0.0023597778320312503,-0.14,-0.011,-0.56,-0.00026354983991147616,10,1,100,0.015194196684655121,-10,-1,-100,12476.283908731886,-0.0013858668451618955,-2.3310683491400503e-05,0.9999990394143883,36.785391833642755,-0.5579205492120016,-514.4184882704503,73.86379158910121,-89.984375,3495.32177734375,True
1598628950.3588107,0,5,0.5,0.5,-0.0023597106933593752,-0.14,-0.011,-0.56,-0.00023890172410003137,10,1,100,0.015151105040531864,-10,-1,-100,12479.232118729851,-0.0013849906113586317,-2.315207519220325e-05,0.9999990406320339,36.77044372028326,-0.5576229503556801,-514.1464053143777,73.86410492952747,-89.984375,3494.87744140625,True
1598628950.4071536,0,5,0.5,0.5,-0.00233828125,-0.14,-0.011,-0.56,-0.00025615313755039275,10,1,100,0.01515625609886052,-10,-1,-100,12482.206696118927,-0.0013842471566426313,-2.316481152193435e-05,0.9999990416611413,36.755480473492135,-0.5573252259284999,-513.8741437400863,73.86441417991928,-89.98440551757812,3494.432861328125,True
1598628950.4608507,0,5,0.5,0.5,-0.0023552703857421878,-0.14,-0.011,-0.56,-0.0002488981110498718,10,1,100,0.015136908854352916,-10,-1,-100,12485.139281598502,-0.00138340181947306,-2.3110597594346855e-05,0.999999042832195,36.74052156000108,-0.5570278384849532,-513.601998921,73.86472258535805,-89.98440551757812,3493.988525390625,True
1598628950.50488,0,5,0.5,0.5,-0.002333807373046875,-0.14,-0.011,-0.56,-0.00025978255853888427,10,1,100,0.015152340136114606,-10,-1,-100,12488.089444687357,-0.0013827800588605299,-2.3160342905398234e-05,0.9999990436909965,36.72558215503043,-0.5567306830299958,-513.3302212720953,73.86503472587432,-89.98443603515625,3493.5439453125,True
1598628950.5519905,0,5,0.5,0.5,-0.0023507965087890626,-0.14,-0.011,-0.56,-0.00025866883637972046,10,1,100,0.015143220968414754,-10,-1,-100,12491.064999009715,-0.0013821383178511313,-2.3195325969489835e-05,0.9999990445773671,36.710608712176274,-0.5564333025967673,-513.058242572519,73.86537879460904,-89.98443603515625,3493.099853515625,True
1598628950.6009192,0,5,0.5,0.5,-0.00232933349609375,-0.14,-0.011,-0.56,-0.00025656313679367455,10,1,100,0.015119278277753558,-10,-1,-100,12494.012232507695,-0.0013813437746738836,-2.32081146527598e-05,0.9999990456749245,36.69569370973531,-0.5561369653674288,-512.7869325218853,73.86569207949779,-89.98446655273438,3492.655517578125,True
1598628950.6571393,0,5,0.5,0.5,-0.0023462890625,-0.14,-0.011,-0.56,-0.00024437524291930643,10,1,100,0.015114990511834714,-10,-1,-100,12496.96239601355,-0.0013805890663685704,-2.3108866943395087e-05,0.9999990467194506,36.68075580606217,-0.555840205133351,-512.5153460162992,73.86600220630707,-89.98446655273438,3492.21142578125,True
1598628950.7428644,0,5,0.5,0.5,-0.00236751708984375,-0.14,-0.011,-0.56,-0.0002548660222050387,10,1,100,0.015131585581801051,-10,-1,-100,12499.935996577376,-0.0013800600818524742,-2.3114168143405245e-05,0.9999990474494991,36.66583898300381,-0.5555436708746536,-512.2440666511876,73.86630555273743,-89.98443603515625,3491.767333984375,True
1598628950.7898889,0,5,0.5,0.5,-0.0023503601074218753,-0.14,-0.011,-0.56,-0.00023415321339647233,10,1,100,0.015013337852892947,-10,-1,-100,12505.817768836627,-0.001378510578284857,-2.293085158053354e-05,0.999999049590929,36.63596751926799,-0.5549507427979986,-511.701598657131,73.86697538408761,-89.98443603515625,3490.87939453125,True
1598628950.8398094,0,5,0.5,0.5,-0.0023502929687500003,-0.14,-0.011,-0.56,-0.000249776278298972,10,1,100,0.015092492796081648,-10,-1,-100,12508.793322754558,-0.0013778287072137689,-2.2906507750480357e-05,0.999999050531222,36.621082769201664,-0.5546551754161583,-511.43140364517296,73.86734551386218,-89.98443603515625,3490.435546875,True
1598628950.8872023,0,5,0.5,0.5,-0.002350225830078125,-0.14,-0.011,-0.56,-0.0002543867221160373,10,1,100,0.015107270501011238,-10,-1,-100,12511.742509435164,-0.0013773504745920925,-2.2926657553987985e-05,0.9999990511895691,36.60621145680303,-0.5543601151072213,-511.1612492414724,73.86768467984066,-89.98443603515625,3489.991455078125,True
1598628950.9361925,0,5,0.5,0.5,-0.00235015869140625,-0.14,-0.011,-0.56,-0.0002586444691444572,10,1,100,0.01509490360241553,-10,-1,-100,12514.6897431307,-0.0013768102368913043,-2.2983887273469842e-05,0.9999990519322068,36.59130222583566,-0.5540645392162376,-510.8903778584234,73.86798672857185,-89.98443603515625,3489.5478515625,True
1598628950.9841466,0,5,0.5,0.5,-0.002350125122070313,-0.14,-0.011,-0.56,-0.0002641296105928941,10,1,100,0.015062940063184083,-10,-1,-100,12517.664320192533,-0.0013760352949155304,-2.308594369002865e-05,0.9999990529965048,36.57639368908804,-0.5537691066214875,-510.6195395850641,73.86828423682849,-89.98443603515625,3489.104248046875,True
1598628951.0320141,0,5,0.5,0.5,-0.002328729248046875,-0.14,-0.011,-0.56,-0.00023727509646333158,10,1,100,0.015036431094780811,-10,-1,-100,12520.59885874088,-0.0013750965084289404,-2.2934612716544562e-05,0.9999990542913507,36.56151036233554,-0.5534739065094441,-510.34910906457446,73.8685808207389,-89.98446655273438,3488.66064453125,True
1598628951.081107,0,5,0.5,0.5,-0.0023244232177734377,-0.14,-0.011,-0.56,-0.0002628014568810814,10,1,100,0.015085926383807149,-10,-1,-100,12523.548045387026,-0.0013747000083872175,-2.3029302135528438e-05,0.9999990548343224,36.54659622879563,-0.5531784642271784,-510.0783228865343,73.8688797897295,-89.9844970703125,3488.217041015625,True
1598628951.1360366,0,5,0.5,0.5,-0.0023414459228515627,-0.14,-0.011,-0.56,-0.00023423154723431578,10,1,100,0.015051992213760083,-10,-1,-100,12526.5226225144,-0.0013740378234483725,-2.2855807904937693e-05,0.99999905574839,36.53171803391496,-0.5528839214074516,-509.80810749923336,73.86917934021362,-89.9844970703125,3487.7734375,True
1598628951.1828866,0,5,0.5,0.5,-0.002320050048828125,-0.14,-0.011,-0.56,-0.0002578810637231223,10,1,100,0.015057052214775333,-10,-1,-100,12529.470833079424,-0.0013734884789234024,-2.2913401760433277e-05,0.9999990565017421,36.516836210802616,-0.5525891821281177,-509.5378869628292,73.86947742909392,-89.98452758789062,3487.330078125,True
1598628951.2698863,0,5,0.5,0.5,-0.0023370727539062503,-0.14,-0.011,-0.56,-0.0002543111114851883,10,1,100,0.01504062018778655,-10,-1,-100,12532.42001960345,-0.0013728461478257545,-2.2933483395250737e-05,0.9999990573833106,36.50194760111838,-0.5522942677617898,-509.2678289173117,73.86980558938987,-89.98452758789062,3486.88671875,True
1598628951.3172648,0,5,0.5,0.5,-0.0023156097412109374,-0.14,-0.011,-0.56,-0.00025012933922590434,10,1,100,0.014941378979217261,-10,-1,-100,12538.328159046825,-0.0013713665757809235,-2.2913887574316895e-05,0.9999990594138921,36.472228199765134,-0.5517060786845325,-508.72873921674443,73.87046604412151,-89.98455810546875,3486.00048828125,True
1598628951.3669634,0,5,0.5,0.5,-0.0023112030029296877,-0.14,-0.011,-0.56,-0.0002600385922065235,10,1,100,0.015050580214282863,-10,-1,-100,12541.275392589509,-0.0013710207433339499,-2.298617273147923e-05,0.9999990598864367,36.45736714116385,-0.5514121838850633,-508.4594578904123,73.87082606529593,-89.98458862304688,3485.55712890625,True
1598628951.4153214,0,5,0.5,0.5,-0.0023067626953125,-0.14,-0.011,-0.56,-0.0002329178435964199,10,1,100,0.015020623667524755,-10,-1,-100,12544.25094648765,-0.0013704402070151545,-2.2805261827915864e-05,0.9999990606863384,36.44256981367442,-0.5511190770942949,-508.1909207333003,73.87115522050051,-89.984619140625,3485.114013671875,True
1598628951.4670765,0,5,0.5,0.5,-0.002323651123046875,-0.14,-0.011,-0.56,-0.00025730560430449706,10,1,100,0.014992696262336479,-10,-1,-100,12547.20110944903,-0.0013696648432850625,-2.2862614645409936e-05,0.9999990617473188,36.427708707423825,-0.5508255641143439,-507.9213106329632,73.87144863861482,-89.984619140625,3484.671142578125,True
1598628951.5148978,0,5,0.5,0.5,-0.00232344970703125,-0.14,-0.011,-0.56,-0.00024149274179703086,10,1,100,0.015005649783473497,-10,-1,-100,12550.1493196534,-0.0013690842222622301,-2.2771110522725818e-05,0.9999990625444951,36.41288527054724,-0.5505323421374622,-507.65225465711245,73.87173809069418,-89.984619140625,3484.22802734375,True
1598628951.5626419,0,5,0.5,0.5,-0.002323248291015625,-0.14,-0.011,-0.56,-0.0002536344327509623,10,1,100,0.014997929145285395,-10,-1,-100,12553.110225136625,-0.0013684925165058119,-2.2798590177291726e-05,0.9999990633537896,36.39803105375357,-0.5502391422065076,-507.3828131287388,73.87202449685651,-89.984619140625,3483.785400390625,True
1598628951.6108403,0,5,0.5,0.5,-0.0023017181396484373,-0.14,-0.011,-0.56,-0.000260444643199537,10,1,100,0.014973328729068931,-10,-1,-100,12556.056482270942,-0.001367736965663394,-2.288560634237437e-05,0.9999990643854831,36.38318734243934,-0.5499461656668065,-507.11358859746497,73.87231342595521,-89.98464965820312,3483.342529296875,True
1598628951.6588058,0,5,0.5,0.5,-0.00231864013671875,-0.14,-0.011,-0.56,-0.00026788343464577435,10,1,100,0.014989906444867983,-10,-1,-100,12559.004692299059,-0.0013672071378072997,-2.303246795631816e-05,0.9999990651066368,36.36835862877657,-0.5496534079360708,-506.84467438042554,73.87260798452331,-89.98464965820312,3482.89990234375,True
1598628951.7072253,0,5,0.5,0.5,-0.0023184722900390625,-0.14,-0.011,-0.56,-0.0002374240792765625,10,1,100,0.014967116782447127,-10,-1,-100,12561.98122279311,-0.00136652450708488,-2.2888914683772973e-05,0.9999990660429985,36.35353989770986,-0.5493608902637545,-506.57601128024015,73.87290989728885,-89.98464965820312,3482.457275390625,True
1598628951.7548633,0,5,0.5,0.5,-0.0023183380126953123,-0.14,-0.011,-0.56,-0.00025317212361274354,10,1,100,0.014958374814447057,-10,-1,-100,12564.929433126352,-0.0013658307921479873,-2.2901598009130502e-05,0.9999990669904467,36.33874604598732,-0.5490685976659824,-506.3077355379505,73.87320961568103,-89.98464965820312,3482.0146484375,True
1598628951.8041558,0,5,0.5,0.5,-0.0023182037353515626,-0.14,-0.011,-0.56,-0.00023195829937008535,10,1,100,0.014978737661189217,-10,-1,-100,12567.879596518702,-0.0013653916365899935,-2.27203043439642e-05,0.9999990675942987,36.32389222875856,-0.5487758179050461,-506.03866897293267,73.87350759287844,-89.98464965820312,3481.572265625,True
1598628951.8543253,0,5,0.5,0.5,-0.00231810302734375,-0.14,-0.011,-0.56,-0.00024246153052303714,10,1,100,0.01495815491492062,-10,-1,-100,12570.85417358554,-0.0013648107201522763,-2.26511518254129e-05,0.9999990683888779,36.30909596966737,-0.5484839326558262,-505.7705057883572,73.87381193441203,-89.98464965820312,3481.129638671875,True
1598628951.9029875,0,5,0.5,0.5,-0.002318035888671875,-0.14,-0.011,-0.56,-0.00029744774284750427,10,1,100,0.014944904078945644,-10,-1,-100,12573.78480571229,-0.0013641677976301988,-2.3088465121412387e-05,0.9999990692561382,36.294326746155534,-0.548192365235003,-505.50277690867665,73.87411665669192,-89.98464965820312,3480.687255859375,True
1598628951.952161,0,5,0.5,0.5,-0.0023180023193359375,-0.14,-0.011,-0.56,-0.00021579714753193341,10,1,100,0.014923232803126584,-10,-1,-100,12576.734968878678,-0.0013633920132021232,-2.2743487066458098e-05,0.9999990703220438,36.279514656603915,-0.547900335329455,-505.2345053178676,73.87442044160771,-89.98464965820312,3480.244873046875,True
1598628952.0003648,0,5,0.5,0.5,-0.00231796875,-0.14,-0.011,-0.56,-0.00024594297387692314,10,1,100,0.014947471644201366,-10,-1,-100,12579.71052275144,-0.0013629128103046278,-2.270403191743497e-05,0.9999990709761677,36.26476042117116,-0.5476090857603062,-504.96712323569255,73.87472792922722,-89.98464965820312,3479.802734375,True
1598628952.0502377,0,5,0.5,0.5,-0.0022965728759765623,-0.14,-0.011,-0.56,-0.0002750500207472558,10,1,100,0.01491283698966044,-10,-1,-100,12582.657756525092,-0.0013621679211855851,-2.2932834097694508e-05,0.9999990719858892,36.24998659023374,-0.547317405860415,-504.69954263089187,73.87503795673047,-89.98468017578125,3479.3603515625,True
1598628952.0969145,0,5,0.5,0.5,-0.0023135955810546873,-0.14,-0.011,-0.56,-0.0002535953730950017,10,1,100,0.014931778492123474,-10,-1,-100,12585.606942933751,-0.0013616686943682286,-2.2945671788436865e-05,0.9999990726655015,36.235184341472184,-0.5470254453780328,-504.431606703421,73.87534579743435,-89.98468017578125,3478.91845703125,True
1598628952.1458693,0,5,0.5,0.5,-0.00229219970703125,-0.14,-0.011,-0.56,-0.00023403749058080946,10,1,100,0.01491034978781692,-10,-1,-100,12588.582497082767,-0.001361025562014477,-2.2779488879486295e-05,0.9999990735448282,36.22043626654949,-0.5467342720133233,-504.16447452006236,73.87565188871311,-89.98471069335938,3478.476318359375,True
1598628952.193901,0,5,0.5,0.5,-0.002309222412109375,-0.14,-0.011,-0.56,-0.000242181374269213,10,1,100,0.014894286518004923,-10,-1,-100,12591.515082079684,-0.0013603004861271325,-2.27026787949502e-05,0.9999990745331595,36.20568607801947,-0.5464434610527661,-503.8973851288392,73.87596046863919,-89.98471069335938,3478.034423828125,True
1598628952.2438629,0,5,0.5,0.5,-0.00228779296875,-0.14,-0.011,-0.56,-0.0002733803495628839,10,1,100,0.014902233563386056,-10,-1,-100,12594.4652450555,-0.0013597192302975186,-2.291664779884969e-05,0.9999990753187935,36.190938891746875,-0.5461528115578049,-503.63037773745884,73.87626574213786,-89.9847412109375,3477.592529296875,True
1598628952.2911344,0,5,0.5,0.5,-0.0023047821044921875,-0.14,-0.011,-0.56,-0.0002402688123948588,10,1,100,0.014907007806274273,-10,-1,-100,12597.439822538523,-0.0013592397740803538,-2.281013741924016e-05,0.9999990759730402,36.17616615279635,-0.5458617894911346,-503.3630718239253,73.87657053481436,-89.9847412109375,3477.150390625,True
1598628952.33914,0,5,0.5,0.5,-0.0022833190917968755,-0.14,-0.011,-0.56,-0.00027033908140887647,10,1,100,0.014880167113266424,-10,-1,-100,12600.388032653253,-0.0013585654910942323,-2.2986594216926864e-05,0.9999990768852856,36.16145025486347,-0.5455712252881769,-503.096650548166,73.87688076817538,-89.98477172851562,3476.708740234375,True
1598628952.3869739,0,5,0.5,0.5,-0.0023002746582031254,-0.14,-0.011,-0.56,-0.00024101282803865625,10,1,100,0.014879611018708775,-10,-1,-100,12603.336242862628,-0.0013579531286372869,-2.288010223655685e-05,0.9999990777194753,36.1467094137997,-0.5452802733223706,-502.8299447790586,73.87719190449859,-89.98477172851562,3476.26708984375,True
1598628952.437859,0,5,0.5,0.5,-0.002321502685546875,-0.14,-0.011,-0.56,-0.000269397028699293,10,1,100,0.014868238744203559,-10,-1,-100,12606.311796710244,-0.00135729870088001,-2.304151895393977e-05,0.999999078604238,36.13198387403336,-0.5449896001200888,-502.5634730498699,73.87749798348533,-89.9847412109375,3475.825439453125,True
1598628952.4849145,0,5,0.5,0.5,-0.0023043121337890625,-0.14,-0.011,-0.56,-0.00024075724546592734,10,1,100,0.01486010176771728,-10,-1,-100,12609.260983314016,-0.0013566353334165393,-2.292762882045048e-05,0.9999990795070244,36.11723939950923,-0.5446989552346244,-502.2967921381009,73.87780312605535,-89.9847412109375,3475.3837890625,True
1598628952.5330923,0,5,0.5,0.5,-0.0022828491210937505,-0.14,-0.011,-0.56,-0.00025767481935055144,10,1,100,0.014861844789721898,-10,-1,-100,12612.192591868574,-0.00135605382453787,-2.2977685191772238e-05,0.9999990802946025,36.102526797884124,-0.5444087925098587,-502.0306184144569,73.8781098070881,-89.98477172851562,3474.9423828125,True
1598628952.5811422,0,5,0.5,0.5,-0.0022784759521484376,-0.14,-0.011,-0.56,-0.0002712701081920378,10,1,100,0.014839588677155548,-10,-1,-100,12615.168145753792,-0.001355328410076338,-2.3146743745083642e-05,0.9999990812741424,36.08780972014555,-0.544118412674658,-501.7644304581091,73.87841474887107,-89.98480224609375,3474.5009765625,True
1598628952.6308365,0,5,0.5,0.5,-0.002295431518554688,-0.14,-0.011,-0.56,-0.00024922096562486525,10,1,100,0.014849714163501136,-10,-1,-100,12618.116355933365,-0.001354766756154716,-2.309980379570458e-05,0.9999990820362965,36.0731122028345,-0.5438283597939348,-501.49859516127685,73.87872322818605,-89.98480224609375,3474.0595703125,True
1598628952.6788287,0,5,0.5,0.5,-0.0022953308105468752,-0.14,-0.011,-0.56,-0.0002422423723162291,10,1,100,0.014841273815419552,-10,-1,-100,12621.063589388505,-0.0013541851210669177,-2.299339816172127e-05,0.9999990828265601,36.05841301931958,-0.5435386919742802,-501.2327984643796,73.87903164315384,-89.98480224609375,3473.6181640625,True
1598628952.731961,0,5,0.5,0.5,-0.002295230102539063,-0.14,-0.011,-0.56,-0.00025594594896105903,10,1,100,0.014860654083148236,-10,-1,-100,12624.013752618688,-0.001353838105571053,-2.3020979446356014e-05,0.9999990832957891,36.04370740713299,-0.5432486509868031,-500.966967230065,73.87934047299143,-89.98480224609375,3473.177001953125,True
1598628952.7797992,0,5,0.5,0.5,-0.002295162963867188,-0.14,-0.011,-0.56,-0.0002587007032201084,10,1,100,0.01482176911327767,-10,-1,-100,12626.989306297735,-0.0013531744836893767,-2.307100171506304e-05,0.9999990841928534,36.02903590206098,-0.5429588895832708,-500.7016645043962,73.8796486491648,-89.98480224609375,3472.73583984375,True
1598628952.8292503,0,5,0.5,0.5,-0.0022950958251953127,-0.14,-0.011,-0.56,-0.00025511220494135885,10,1,100,0.014793095548859004,-10,-1,-100,12629.93849294749,-0.001352316036202584,-2.3083616643811868e-05,0.9999990853538241,36.01434532783587,-0.5426692651952401,-500.4361455341409,73.87995546194414,-89.98480224609375,3472.294677734375,True
1598628952.8779402,0,5,0.5,0.5,-0.0022736999511718753,-0.14,-0.011,-0.56,-0.00026590002744483006,10,1,100,0.014836721776084102,-10,-1,-100,12632.872054441716,-0.0013519379127847203,-2.3193067672317917e-05,0.999999085862563,35.99966832478427,-0.542379411512046,-500.17088731794735,73.880264634709,-89.98483276367188,3471.853515625,True
1598628952.9249127,0,5,0.5,0.5,-0.0022907226562500003,-0.14,-0.011,-0.56,-0.00023672711505721958,10,1,100,0.01479531899562862,-10,-1,-100,12635.847608356853,-0.0013512232436878422,-2.3027075798858084e-05,0.9999990868323327,35.98500950546914,-0.5420899027819804,-499.9059405167914,73.88057379517934,-89.98483276367188,3471.41259765625,True
1598628952.9734294,0,5,0.5,0.5,-0.002290621948242188,-0.14,-0.011,-0.56,-0.00024077790056206743,10,1,100,0.014786345602889939,-10,-1,-100,12638.79386542004,-0.0013504974913541396,-2.291301254862511e-05,0.9999990878153439,35.97033826451437,-0.5418004900449137,-499.64090215071457,73.88088592830104,-89.98483276367188,3470.9716796875,True
1598628953.0222228,0,5,0.5,0.5,-0.0022691589355468755,-0.14,-0.011,-0.56,-0.00027407645451996257,10,1,100,0.014785285332752742,-10,-1,-100,12641.74402874615,-0.0013498336575423105,-2.3112046099186746e-05,0.9999990887070499,35.95567362201361,-0.5415114509026279,-499.3760208738931,73.8811994721661,-89.98486328125,3470.53076171875,True
1598628953.070945,0,5,0.5,0.5,-0.0022861480712890628,-0.14,-0.011,-0.56,-0.00026703821929209884,10,1,100,0.014791416200381678,-10,-1,-100,12644.719582185848,-0.0013492915621163611,-2.3228879587710005e-05,0.9999990894359352,35.94101072058066,-0.5412224299943177,-499.11122065494345,73.88151298307722,-89.98486328125,3470.090087890625,True
1598628953.1190372,0,5,0.5,0.5,-0.0022860809326171877,-0.14,-0.011,-0.56,-0.00025266038078201327,10,1,100,0.014768583175807507,-10,-1,-100,12647.666815845994,-0.0013485966631856965,-2.3204309558237076e-05,0.9999990903738865,35.92639340737193,-0.5409341271787956,-498.8470962881886,73.8818242666013,-89.98486328125,3469.6494140625,True
1598628953.1661983,0,5,0.5,0.5,-0.0022646514892578126,-0.14,-0.011,-0.56,-0.00025815255674782676,10,1,100,0.014757604603725782,-10,-1,-100,12650.615025802515,-0.0013478707408597758,-2.323180703498496e-05,0.9999990913519616,35.91176338285597,-0.5406455903897343,-498.5828367441157,73.88213241367541,-89.98489379882812,3469.20849609375,True
1598628953.2158267,0,5,0.5,0.5,-0.0022816406250000002,-0.14,-0.011,-0.56,-0.0002453516202904306,10,1,100,0.01476212637829119,-10,-1,-100,12653.5925326664,-0.0013472576588597217,-2.3140215856167378e-05,0.9999990921802534,35.897125660880526,-0.5403568871003283,-498.3185445778022,73.88244240976798,-89.98489379882812,3468.76806640625,True
1598628953.2620385,0,5,0.5,0.5,-0.002281539916992188,-0.14,-0.011,-0.56,-0.00029525099936038106,10,1,100,0.014751924811552127,-10,-1,-100,12656.523164540995,-0.0013466135522954186,-2.3510473470232933e-05,0.9999990930391879,35.88248592496559,-0.5400686142595382,-498.0542690214073,73.88275084678276,-89.98489379882812,3468.327392578125,True
1598628953.3128676,0,5,0.5,0.5,-0.0022814392089843755,-0.14,-0.011,-0.56,-0.00020230270101790753,10,1,100,0.014719010316119755,-10,-1,-100,12659.472351183533,-0.0013457347426706614,-2.300168725103807e-05,0.9999990942340522,35.86785915071341,-0.5397802723959052,-497.79021794507673,73.88305700467293,-89.98489379882812,3467.88720703125,True
1598628953.3598976,0,5,0.5,0.5,-0.0022599761962890626,-0.14,-0.011,-0.56,-0.00027177701560791867,10,1,100,0.014744381322746447,-10,-1,-100,12662.446928468882,-0.0013451724533388811,-2.3170813483854453e-05,0.9999990949866826,35.8532257624842,-0.5394918560098555,-497.5261520202747,73.88336531692761,-89.98492431640625,3467.44677734375,True
1598628953.409835,0,5,0.5,0.5,-0.0022769653320312503,-0.14,-0.011,-0.56,-0.0002464415298351404,10,1,100,0.014730282637150306,-10,-1,-100,12665.39806847449,-0.001344539261767703,-2.3094262237742693e-05,0.9999990958400056,35.83863439600688,-0.5392042905766944,-497.26272421567836,73.88367239549838,-89.98492431640625,3467.00634765625,True
1598628953.458408,0,5,0.5,0.5,-0.002255502319335938,-0.14,-0.011,-0.56,-0.0002620414030208226,10,1,100,0.014742274761007344,-10,-1,-100,12668.345301526366,-0.0013440787287216235,-2.3166426146202854e-05,0.9999990964574357,35.82402881663492,-0.5389161624631215,-496.999153390542,73.88397945528253,-89.98495483398438,3466.566162109375,True
1598628953.5049682,0,5,0.5,0.5,-0.002272457885742188,-0.14,-0.011,-0.56,-0.0002570670341895568,10,1,100,0.014696599629862308,-10,-1,-100,12671.318902486004,-0.0013432506690898985,-2.3186577788520968e-05,0.9999990975696041,35.80942976453273,-0.5386286785213177,-496.7357482467375,73.88428915385114,-89.98495483398438,3466.1259765625,True
1598628953.5524478,0,5,0.5,0.5,-0.0022723571777343754,-0.14,-0.011,-0.56,-0.0002564581527870826,10,1,100,0.014711275604686333,-10,-1,-100,12674.271018322557,-0.0013426372900944147,-2.3199294421797366e-05,0.9999990983930437,35.79482148024687,-0.5383410255216463,-496.4722671120577,73.8845976734714,-89.98495483398438,3465.685791015625,True
1598628953.6023865,0,5,0.5,0.5,-0.0022508941650390625,-0.14,-0.011,-0.56,-0.00023526624681191735,10,1,100,0.014686453523783885,-10,-1,-100,12677.217275373754,-0.0013418600668830634,-2.3018228202425237e-05,0.9999990994404556,35.78024784244917,-0.5380539425434575,-496.20928043600316,73.88490034339276,-89.9849853515625,3465.245849609375,True
1598628953.650347,0,5,0.5,0.5,-0.002267849731445313,-0.14,-0.011,-0.56,-0.00026621542498090283,10,1,100,0.014707223667634082,-10,-1,-100,12680.176227642456,-0.0013413484439952937,-2.313514787849209e-05,0.9999991001241534,35.76564643170045,-0.537766548013207,-495.9459632054714,73.88520250006036,-89.9849853515625,3464.805908203125,True
1598628953.696941,0,5,0.5,0.5,-0.0022677490234375,-0.14,-0.011,-0.56,-0.00026658220600476963,10,1,100,0.014688054575629526,-10,-1,-100,12683.12639092072,-0.0013407149971671566,-2.324486073800301e-05,0.9999991009710822,35.751058272768496,-0.5374792169716612,-495.68293919188307,73.88551194029557,-89.9849853515625,3464.365966796875,True
1598628953.748107,0,5,0.5,0.5,-0.0022676483154296877,-0.14,-0.011,-0.56,-0.0002774865087711657,10,1,100,0.014667429714425716,-10,-1,-100,12686.074600856286,-0.0013399575855503542,-2.3443634594633053e-05,0.9999991019816291,35.73649033190371,-0.537192691711025,-495.4202502161828,73.8858199149836,-89.9849853515625,3463.926025390625,True
1598628953.797944,0,5,0.5,0.5,-0.0022461853027343753,-0.14,-0.011,-0.56,-0.0002294874929997168,10,1,100,0.01467160244824119,-10,-1,-100,12689.049178106361,-0.0013393130143577155,-2.3188044174443192e-05,0.9999991028510797,35.72193591086232,-0.536906060551016,-495.1577996288126,73.88612687529768,-89.98501586914062,3463.486328125,True
1598628953.8499484,0,5,0.5,0.5,-0.002263140869140625,-0.14,-0.011,-0.56,-0.0002540148074108006,10,1,100,0.014671325565617076,-10,-1,-100,12691.99641169433,-0.001338730361366291,-2.3178495417168258e-05,0.9999991036314868,35.7073619380608,-0.5366195828410226,-494.8951481713585,73.88643584136783,-89.98501586914062,3463.04638671875,True
1598628953.905809,0,5,0.5,0.5,-0.002263040161132813,-0.14,-0.011,-0.56,-0.00023259446588291374,10,1,100,0.014643424115746121,-10,-1,-100,12694.947551420657,-0.0013379528837315989,-2.2975077367634515e-05,0.9999991046767125,35.692806468571895,-0.5363333998165755,-494.63279729372994,73.88674246093098,-89.98501586914062,3462.60693359375,True
1598628953.9491386,0,5,0.5,0.5,-0.0022629394531250005,-0.14,-0.011,-0.56,-0.00026826149579433755,10,1,100,0.014647402930193558,-10,-1,-100,12697.922128311126,-0.0013372882445387064,-2.311450594440779e-05,0.9999991055625352,35.67825033898385,-0.5360473251865409,-494.3704864376494,73.88704800487376,-89.98501586914062,3462.167236328125,True
1598628953.9969003,0,5,0.5,0.5,-0.0022628723144531254,-0.14,-0.011,-0.56,-0.00025160867277747713,10,1,100,0.01465127538450146,-10,-1,-100,12700.871315167402,-0.0013367254043881332,-2.3089917096050033e-05,0.9999991063156252,35.663689396314055,-0.535761016978378,-494.1083547820896,73.88738267395105,-89.98501586914062,3461.727783203125,True
1598628954.0459297,0,5,0.5,0.5,-0.0022414428710937503,-0.14,-0.011,-0.56,-0.00026691358362677573,10,1,100,0.01461796238210652,-10,-1,-100,12703.803899946739,-0.0013359168181064779,-2.3206787024075215e-05,0.9999991073934517,35.649170936105364,-0.5354756281091951,-493.8467104889967,73.88769284109003,-89.98504638671875,3461.288330078125,True
1598628954.0948942,0,5,0.5,0.5,-0.002258432006835938,-0.14,-0.011,-0.56,-0.000236148613956948,10,1,100,0.014619423402715163,-10,-1,-100,12706.77945339738,-0.0013352011311941316,-2.303334405927942e-05,0.9999991083533049,35.63463627412447,-0.5351898919096001,-493.5848722029644,73.88799694587632,-89.98504638671875,3460.848876953125,True
1598628954.1439416,0,5,0.5,0.5,-0.002258364868164063,-0.14,-0.011,-0.56,-0.00025896422443259174,10,1,100,0.014636194507909806,-10,-1,-100,12709.726686953916,-0.0013347090248989398,-2.308306953573741e-05,0.9999991090090983,35.62012444093974,-0.534904932893605,-493.32340632210986,73.88830104577035,-89.98504638671875,3460.40966796875,True
1598628954.1928692,0,5,0.5,0.5,-0.002258297729492188,-0.14,-0.011,-0.56,-0.00027505477100780843,10,1,100,0.014617208792493189,-10,-1,-100,12712.677826794912,-0.0013340950939623383,-2.3274599554421875e-05,0.9999991098238904,35.60558568276592,-0.5346196101028275,-493.061613654419,73.88860356412415,-89.98504638671875,3459.97021484375,True
1598628954.241292,0,5,0.5,0.5,-0.0022582305908203128,-0.14,-0.011,-0.56,-0.000244996851919878,10,1,100,0.014597985924168753,-10,-1,-100,12715.651427320554,-0.0013333682396744829,-2.3175436908048004e-05,0.9999991107956229,35.59107595626542,-0.5343346930099443,-492.80026565496826,73.88890335217751,-89.98504638671875,3459.53125,True
1598628954.2889483,0,5,0.5,0.5,-0.0022368011474609376,-0.14,-0.011,-0.56,-0.00021449893513233748,10,1,100,0.014591268255783522,-10,-1,-100,12718.59963753738,-0.0013326523836509993,-2.2808279074809193e-05,0.999999111758309,35.576559263385725,-0.5340497856881818,-492.53888677809573,73.88920488161054,-89.98507690429688,3459.092041015625,True
1598628954.3439255,0,5,0.5,0.5,-0.0022324615478515625,-0.14,-0.011,-0.56,-0.0002927225680364071,10,1,100,0.014605843903430844,-10,-1,-100,12721.547847243724,-0.0013321401664543597,-2.3185968402901484e-05,0.9999991124321002,35.562039175584665,-0.5337650791847617,-492.27751142247365,73.88950460483967,-89.985107421875,3458.653076171875,True
1598628954.3889654,0,5,0.5,0.5,-0.0022494506835937502,-0.14,-0.011,-0.56,-0.00023750931613007433,10,1,100,0.014545024339254451,-10,-1,-100,12724.497033710591,-0.001331127600414822,-2.302737689021351e-05,0.9999991137841331,35.547535177227644,-0.5334805503323925,-492.0164194329429,73.8898052478959,-89.985107421875,3458.214111328125,True
1598628954.4368315,0,5,0.5,0.5,-0.002249349975585938,-0.14,-0.011,-0.56,-0.000244933681389205,10,1,100,0.014607263600824563,-10,-1,-100,12727.472587776021,-0.0013307791021052583,-2.2950649472377834e-05,0.9999991142497322,35.53302994283282,-0.5331965858641639,-491.75538457237406,73.89010833227705,-89.985107421875,3457.775146484375,True
1598628954.4859838,0,5,0.5,0.5,-0.002249249267578125,-0.14,-0.011,-0.56,-0.00027611530417672293,10,1,100,0.014550282521741446,-10,-1,-100,12730.405172458384,-0.0013299501930525662,-2.3164515532842863e-05,0.9999991153475534,35.51851850708561,-0.5329122621184884,-491.4943180440431,73.89041100339826,-89.985107421875,3457.33642578125,True
1598628954.5341976,0,5,0.5,0.5,-0.0022277862548828126,-0.14,-0.011,-0.56,-0.0002569392303717284,10,1,100,0.014567124332537523,-10,-1,-100,12733.355335646891,-0.0013293559060222064,-2.3184543463732218e-05,0.9999991161372854,35.5040396275986,-0.5326285055686258,-491.23375436410083,73.89071281012062,-89.98513793945312,3456.8974609375,True
1598628954.583124,0,5,0.5,0.5,-0.0022447753906250003,-0.14,-0.011,-0.56,-0.00024402802329630778,10,1,100,0.01456952986132171,-10,-1,-100,12736.329912907328,-0.0013288434779945395,-2.3085396285273575e-05,0.9999991168206478,35.48956820827107,-0.5323448187184655,-490.97336429533124,73.89101700416163,-89.98513793945312,3456.458740234375,True
1598628954.6308753,0,5,0.5,0.5,-0.002244674682617188,-0.14,-0.011,-0.56,-0.00023323755424153292,10,1,100,0.014559378175726934,-10,-1,-100,12739.278122740798,-0.0013282911259668894,-2.2897119993244132e-05,0.999999117558814,35.475064905114834,-0.5320606807669999,-490.71261397323354,73.89132472639729,-89.98513793945312,3456.02001953125,True
1598628954.6808167,0,5,0.5,0.5,-0.002244573974609375,-0.14,-0.011,-0.56,-0.00026901534725493645,10,1,100,0.014522772926875881,-10,-1,-100,12742.228285768535,-0.0013274620472239543,-2.3051381436559665e-05,0.9999991186561852,35.460611307153236,-0.5317770774816266,-490.45261839148185,73.89163377252108,-89.98513793945312,3455.58154296875,True
1598628954.7359052,0,5,0.5,0.5,-0.0022231109619140627,-0.14,-0.011,-0.56,-0.00024676800591161334,10,1,100,0.014552044179452812,-10,-1,-100,12745.200909788371,-0.0013269804716144749,-2.298957348019618e-05,0.9999991192967659,35.44616515879868,-0.5314938136809397,-490.19276299896444,73.89193979458935,-89.98516845703125,3455.14306640625,True
1598628954.7794914,0,5,0.5,0.5,-0.0022400665283203126,-0.14,-0.011,-0.56,-0.0002551390470272286,10,1,100,0.014528566702522791,-10,-1,-100,12748.150096153491,-0.0013263350510592752,-2.3009653769487558e-05,0.9999991201525571,35.43170436353704,-0.5312103107513504,-489.93273946531957,73.89224182335751,-89.98516845703125,3454.70458984375,True
1598628954.8279207,0,5,0.5,0.5,-0.0022399658203125002,-0.14,-0.011,-0.56,-0.0002676571654805286,10,1,100,0.01453048519252877,-10,-1,-100,12751.096353214933,-0.0013257714889478678,-2.3141526586878195e-05,0.999999120896828,35.417234493654774,-0.5309270119570089,-489.67283004790477,73.89257208609192,-89.98516845703125,3454.26611328125,True
1598628954.8779423,0,5,0.5,0.5,-0.002218536376953125,-0.14,-0.011,-0.56,-0.00023864014895427532,10,1,100,0.014506189881481115,-10,-1,-100,12754.073859970784,-0.0013250440829984337,-2.2997660308645584e-05,0.9999991218642573,35.40279227131446,-0.530644276886003,-489.4131973817518,73.89287815932869,-89.98519897460938,3453.827880859375,True
1598628954.9252338,0,5,0.5,0.5,-0.002256887817382813,-0.14,-0.011,-0.56,-0.0002454073872580948,10,1,100,0.014510719693975348,-10,-1,-100,12757.024023017497,-0.001324429515446547,-2.2928420146270268e-05,0.9999991226799883,35.38836310739942,-0.530361529076295,-489.15381828666074,73.8931843766581,-89.98516845703125,3453.3896484375,True
1598628954.975033,0,5,0.5,0.5,-0.0022183685302734376,-0.14,-0.011,-0.56,-0.00026600440102428786,10,1,100,0.014482508292267032,-10,-1,-100,12759.955631290562,-0.001323620122735355,-2.3052740332281833e-05,0.999999123748787,35.37389931721245,-0.5300785326465564,-488.89397878942714,73.89348521179238,-89.98519897460938,3452.951416015625,True
1598628955.0287786,0,5,0.5,0.5,-0.0022353576660156253,-0.14,-0.011,-0.56,-0.00025167766768807465,10,1,100,0.01452442360155877,-10,-1,-100,12762.93216177402,-0.0013232711140553938,-2.303561726669092e-05,0.9999991242110761,35.35948477583396,-0.5297961659335729,-488.6348798826995,73.89378706832674,-89.98519897460938,3452.51318359375,True
1598628955.073047,0,5,0.5,0.5,-0.0022352905273437503,-0.14,-0.011,-0.56,-0.00025724033007588475,10,1,100,0.01447088781208036,-10,-1,-100,12765.878418167238,-0.0013224726760710497,-2.3070755888949307e-05,0.9999991252664981,35.34504621519685,-0.5295136750923718,-488.37548596839974,73.89408641917342,-89.98519897460938,3452.0751953125,True
1598628955.121953,0,5,0.5,0.5,-0.0022352233886718752,-0.14,-0.011,-0.56,-0.00022316082437311456,10,1,100,0.014482473448370461,-10,-1,-100,12768.82955822919,-0.0013218579389623955,-2.279289971224659e-05,0.9999991260856546,35.330618026796685,-0.5292313621210072,-488.116450447079,73.89440980595931,-89.98519897460938,3451.63720703125,True
1598628955.1702034,0,5,0.5,0.5,-0.0022137939453125,-0.14,-0.011,-0.56,-0.0002834856436335815,10,1,100,0.014493696161590618,-10,-1,-100,12771.80413494818,-0.0013214069600628973,-2.3088805381503818e-05,0.9999991266748952,35.31621758682357,-0.5289493274690116,-487.8577159352162,73.89471192074797,-89.9852294921875,3451.19921875,True
1598628955.218982,0,5,0.5,0.5,-0.0022307830810546878,-0.14,-0.011,-0.56,-0.0002536279026169782,10,1,100,0.014474945027628174,-10,-1,-100,12774.752345111337,-0.0013208320190156594,-2.3086342504364045e-05,0.9999991274345186,35.301806114698955,-0.5286675439560363,-487.5988899798643,73.89501460880108,-89.9852294921875,3450.761474609375,True
1598628955.265919,0,5,0.5,0.5,-0.0022307159423828127,-0.14,-0.011,-0.56,-0.0002446283122197521,10,1,100,0.014464189126564001,-10,-1,-100,12777.701531374943,-0.0013202171539199495,-2.3002201095149316e-05,0.9999991282484028,35.28738012110738,-0.5283856138940203,-487.3398811105129,73.89531158540926,-89.9852294921875,3450.32373046875,True
1598628955.3149538,0,5,0.5,0.5,-0.0022092864990234376,-0.14,-0.011,-0.56,-0.0002609969658995325,10,1,100,0.014457423983460622,-10,-1,-100,12780.676108333399,-0.0013196022460748547,-2.3074521622656056e-05,0.9999991290583601,35.27298475315288,-0.528104087966712,-487.0813569600591,73.89560959287759,-89.98526000976562,3449.885986328125,True
1598628955.3638232,0,5,0.5,0.5,-0.0022262756347656253,-0.14,-0.011,-0.56,-0.00022156440618484796,10,1,100,0.014454061189735844,-10,-1,-100,12783.624318522634,-0.0013190182764935188,-2.278185065476889e-05,0.9999991298355081,35.25859013603326,-0.5278228878182024,-486.8229296029357,73.89591281644181,-89.98526000976562,3449.4482421875,True
1598628955.413062,0,5,0.5,0.5,-0.00222620849609375,-0.14,-0.011,-0.56,-0.0002628609636957473,10,1,100,0.014458816723302657,-10,-1,-100,12786.57448168099,-0.0013185361051851888,-2.2891405579201346e-05,0.9999991304688833,35.244177385354476,-0.5275415790402778,-486.5642986695567,73.89621323346171,-89.98526000976562,3449.0107421875,True
1598628955.4609334,0,5,0.5,0.5,-0.002226107788085938,-0.14,-0.011,-0.56,-0.0002762102455966715,10,1,100,0.014425159350305042,-10,-1,-100,12789.55003500753,-0.0013177971491596936,-2.311239172284568e-05,0.9999991314378683,35.22978120343419,-0.5272604621091656,-486.3059477793942,73.89651445074007,-89.98526000976562,3448.5732421875,True
1598628955.5098689,0,5,0.5,0.5,-0.0022046783447265627,-0.14,-0.011,-0.56,-0.00023339969277348077,10,1,100,0.014419611493286787,-10,-1,-100,12792.497268402949,-0.0013170802295032371,-2.292404714468374e-05,0.9999991323867021,35.215417978051065,-0.5269802445900748,-486.04813646536974,73.89681905071154,-89.98529052734375,3448.1357421875,True
1598628955.5591633,0,5,0.5,0.5,-0.00222166748046875,-0.14,-0.011,-0.56,-0.00024050500143435506,10,1,100,0.014414012013708847,-10,-1,-100,12795.430829819525,-0.0013163832080780701,-2.2817519943382655e-05,0.9999991333069296,35.20104579127142,-0.5266995326758965,-485.79024109589454,73.89712205523324,-89.98529052734375,3447.698486328125,True
1598628955.6069152,0,5,0.5,0.5,-0.0022002044677734375,-0.14,-0.011,-0.56,-0.0002582697967467223,10,1,100,0.014439056800805594,-10,-1,-100,12798.37806348363,-0.0013159827679997006,-2.288240538680825e-05,0.9999991338324997,35.18667939371011,-0.5264189941018066,-485.53248125668,73.8974245391105,-89.98532104492188,3447.260986328125,True
1598628955.6558673,0,5,0.5,0.5,-0.0022171600341796874,-0.14,-0.011,-0.56,-0.00028431128715849667,10,1,100,0.014418635430682877,-10,-1,-100,12801.35459337465,-0.0013154384238100332,-2.3178051606688958e-05,0.999999134541891,35.172299903955945,-0.5261387883795994,-485.2745853798264,73.89772532321344,-89.98532104492188,3446.82373046875,True
1598628955.702866,0,5,0.5,0.5,-0.002217059326171875,-0.14,-0.011,-0.56,-0.0002463195848516796,10,1,100,0.01440479569906479,-10,-1,-100,12804.302803304512,-0.0013148231756558556,-2.310136065267746e-05,0.9999991353527982,35.15793424959107,-0.525858692075098,-485.0169388265598,73.898026637001,-89.98532104492188,3446.38671875,True
1598628955.7544715,0,5,0.5,0.5,-0.0022169586181640627,-0.14,-0.011,-0.56,-0.00021933970542919738,10,1,100,0.014386835079146062,-10,-1,-100,12807.251013321336,-0.0013141060433740329,-2.278635631960052e-05,0.9999991363026713,35.14360064680317,-0.5255791986039571,-484.75980281234143,73.89832997157781,-89.98532104492188,3445.949462890625,True
1598628955.805734,0,5,0.5,0.5,-0.00221685791015625,-0.14,-0.011,-0.56,-0.00024237677946982428,10,1,100,0.01439585184544972,-10,-1,-100,12810.227543685702,-0.0013135416310938145,-2.2709612912423135e-05,0.999999137045956,35.12923099620683,-0.52529932611552,-484.50221570148204,73.89863176564137,-89.98532104492188,3445.512451171875,True
1598628955.8561006,0,5,0.5,0.5,-0.0022167907714843752,-0.14,-0.011,-0.56,-0.00026042482128400547,10,1,100,0.014374986521337013,-10,-1,-100,12813.175753552932,-0.0013128443539062104,-2.280425102121828e-05,0.9999991379594627,35.11488879259206,-0.5250200733974355,-484.24505742604094,73.89893352549475,-89.98532104492188,3445.075439453125,True
1598628955.9068072,0,5,0.5,0.5,-0.002195361328125,-0.14,-0.011,-0.56,-0.00024498187374332494,10,1,100,0.014405621625974904,-10,-1,-100,12816.123963289196,-0.0013124945791619942,-2.274987486942e-05,0.9999991384198403,35.10056199956759,-0.5247411423642379,-483.9881779543002,73.89923655773265,-89.9853515625,3444.638671875,True
1598628955.9577782,0,5,0.5,0.5,-0.002212350463867188,-0.14,-0.011,-0.56,-0.0002722798962147235,10,1,100,0.014359877229674238,-10,-1,-100,12819.100493372185,-0.0013117662362699945,-2.2948734509079533e-05,0.9999991393709782,35.086243000551384,-0.5244623794197095,-483.7314683036605,73.89953956645283,-89.9853515625,3444.20166015625,True
1598628956.0061643,0,5,0.5,0.5,-0.002190887451171875,-0.14,-0.011,-0.56,-0.0002709796416246195,10,1,100,0.014346384755171221,-10,-1,-100,12822.047726578196,-0.0013109869301571398,-2.3117844282690678e-05,0.9999991403890475,35.071923447392294,-0.5241836902723126,-483.4748030477467,73.8998426291704,-89.98538208007812,3443.764892578125,True
1598628956.0550952,0,5,0.5,0.5,-0.0022292388916015627,-0.14,-0.011,-0.56,-0.0001866472634953949,10,1,100,0.014365005192507802,-10,-1,-100,12824.995936824242,-0.0013104532861206463,-2.250474627830967e-05,0.9999991411024919,35.057601072423815,-0.523905217995722,-483.2181317390521,73.90014252377536,-89.9853515625,3443.328125,True
1598628956.1107955,0,5,0.5,0.5,-0.0021907196044921875,-0.14,-0.011,-0.56,-0.00027227025131417804,10,1,100,0.014364672145929513,-10,-1,-100,12827.972466440871,-0.0013099705183203564,-2.2726059594193213e-05,0.9999991417300155,35.04326675915773,-0.5236265523080061,-482.96135747014404,73.90044369582802,-89.98538208007812,3442.8916015625,True
1598628956.1548622,0,5,0.5,0.5,-0.0022077423095703125,-0.14,-0.011,-0.56,-0.00025396372640202973,10,1,100,0.01432320219594399,-10,-1,-100,12830.906028280267,-0.0013091601046381148,-2.2760972696515644e-05,0.9999991427905118,35.028985497682186,-0.5233483866662485,-482.70539060300337,73.90074748135447,-89.98538208007812,3442.454833984375,True
1598628956.2025733,0,5,0.5,0.5,-0.0021863128662109373,-0.14,-0.011,-0.56,-0.00025756435543245403,10,1,100,0.014350501926862557,-10,-1,-100,12833.853261380922,-0.0013086772518618565,-2.2825824034276415e-05,0.9999991434210493,35.01465788248965,-0.5230698431424774,-482.4490085357149,73.9010779388152,-89.98541259765625,3442.018310546875,True
1598628956.251896,0,5,0.5,0.5,-0.002181939697265625,-0.14,-0.011,-0.56,-0.0002475408211790242,10,1,100,0.014310231972967758,-10,-1,-100,12836.828815142391,-0.0013078777915060272,-2.279390724504448e-05,0.9999991444676941,35.00040764067406,-0.5227924731926198,-482.1935701149924,73.90137946489702,-89.98544311523438,3441.581787109375,True
1598628956.298751,0,5,0.5,0.5,-0.002198895263671875,-0.14,-0.011,-0.56,-0.00023902272668678383,10,1,100,0.014330830731607272,-10,-1,-100,12839.777024818351,-0.0013073439328536943,-2.2687447894971953e-05,0.999999145168195,34.98611907841733,-0.5225145677612101,-481.93761491357185,73.90167496772604,-89.98544311523438,3441.1455078125,True
1598628956.3481843,0,5,0.5,0.5,-0.002198760986328125,-0.14,-0.011,-0.56,-0.0002657942414593555,10,1,100,0.014338263817767514,-10,-1,-100,12842.727187901386,-0.001306931814587794,-2.2834064224672535e-05,0.999999145703554,34.97184898436141,-0.5222371849904246,-481.6819404479685,73.90196517864395,-89.98544311523438,3440.708984375,True
1598628956.3950338,0,5,0.5,0.5,-0.002177264404296875,-0.14,-0.011,-0.56,-0.0002623731289274372,10,1,100,0.014281920549882855,-10,-1,-100,12845.702741046902,-0.0013060503251283136,-2.293622367119794e-05,0.9999991468528749,34.95754914531652,-0.5219591628366188,-481.42594385780075,73.90225989574176,-89.9854736328125,3440.27294921875,True
1598628956.4438744,0,5,0.5,0.5,-0.002194219970703125,-0.14,-0.011,-0.56,-0.0002461964603903149,10,1,100,0.01431628784346278,-10,-1,-100,12748.707592042978,-0.001305567259428634,-2.2881865864245578e-05,0.9999991474849124,34.94329245600091,-0.5216817088076863,-481.17062956201556,73.90256002873929,-89.9854736328125,3439.836669921875,True
1598628956.491675,0,5,0.5,0.5,-0.002194085693359375,-0.14,-0.011,-0.56,-0.0002628475035124613,10,1,100,0.014307424799411385,-10,-1,-100,12751.655801878427,-0.001305053171098314,-2.298388358507643e-05,0.9999991481536181,34.9290098068142,-0.5214041188848992,-480.91502294368433,73.9028613096074,-89.9854736328125,3439.400390625,True
1598628956.5408404,0,5,0.5,0.5,-0.0021939849853515624,-0.14,-0.011,-0.56,-0.0002581213997965221,10,1,100,0.014272465015744015,-10,-1,-100,12754.602059368975,-0.0013042733961820094,-2.3033784170866497e-05,0.9999991491698144,34.91461614281237,-0.5211247547035118,-480.65977465472497,73.90344951778152,-89.9854736328125,3438.964111328125,True
1598628956.5878055,0,5,0.5,0.5,-0.0021938507080078123,-0.14,-0.011,-0.56,-0.00027915660425901416,10,1,100,0.01426964584673931,-10,-1,-100,12757.578589251381,-0.0013035444991670885,-2.326989652770507e-05,0.999999150114764,34.900585454679664,-0.5208506364529993,-480.41138753080907,73.90432156910867,-89.9854736328125,3438.52734375,True
1598628956.6349318,0,5,0.5,0.5,-0.00219375,-0.14,-0.011,-0.56,-0.00022586086994374083,10,1,100,0.014268525233500837,-10,-1,-100,12760.52582270652,-0.0013028775199596773,-2.299954305202537e-05,0.9999991509902342,34.88658198901628,-0.5205768823163881,-480.1632822960955,73.90517117991752,-89.9854736328125,3438.0908203125,True
1598628956.6831384,0,5,0.5,0.5,-0.0021722869873046875,-0.14,-0.011,-0.56,-0.0002633261954349484,10,1,100,0.01428703545088196,-10,-1,-100,12763.47598550457,-0.0013024451613697487,-2.3094144151004338e-05,0.9999991515512712,34.87254894559486,-0.5203031115704465,-479.9144450098219,73.90596081424462,-89.98550415039062,3437.654541015625,True
1598628956.7321236,0,5,0.5,0.5,-0.002189276123046875,-0.14,-0.011,-0.56,-0.0002430039714644894,10,1,100,0.01425627094102816,-10,-1,-100,12766.450561921112,-0.0013017780962806809,-2.2995153732056747e-05,0.9999991524221464,34.858490759857176,-0.5200288634124537,-479.66484515458967,73.90667756339204,-89.98550415039062,3437.21826171875,True
1598628956.7808926,0,5,0.5,0.5,-0.002189208984375,-0.14,-0.011,-0.56,-0.00024857541810136506,10,1,100,0.014251179192030748,-10,-1,-100,12769.398771921173,-0.0013011309300226658,-2.295562900563325e-05,0.9999991532653125,34.84444116451931,-0.5197548441681524,-479.4149865776825,73.9073263257648,-89.98550415039062,3436.781982421875,True
1598628956.8278484,0,5,0.5,0.5,-0.002189141845703125,-0.14,-0.011,-0.56,-0.00024247581611442926,10,1,100,0.014238480218995438,-10,-1,-100,12772.348934852751,-0.0013004328000358139,-2.286400270799369e-05,0.9999991541755272,34.830303924973144,-0.5194795663606762,-479.16357971564946,73.9079129774452,-89.98550415039062,3436.345947265625,True
1598628956.8775592,0,5,0.5,0.5,-0.00218907470703125,-0.14,-0.011,-0.56,-0.0002776253279588836,10,1,100,0.014216233790850984,-10,-1,-100,12775.321558270487,-0.0012996018043505916,-2.3100219873740657e-05,0.9999991552504081,34.81620076328454,-0.5192049559095999,-478.9123681366271,73.90844869364348,-89.98550415039062,3435.91015625,True
1598628956.9268477,0,5,0.5,0.5,-0.0021890411376953127,-0.14,-0.011,-0.56,-0.00024967399976279193,10,1,100,0.014251105649492179,-10,-1,-100,12778.25609616423,-0.0012991692329160165,-2.3060710680634753e-05,0.9999991558133975,34.80210814057416,-0.5189303721122661,-478.66109197261096,73.90894285292329,-89.98550415039062,3435.474365234375,True
1598628956.9759493,0,5,0.5,0.5,-0.002189007568359375,-0.14,-0.011,-0.56,-0.00024110521950173087,10,1,100,0.014216914554301324,-10,-1,-100,12781.205282788025,-0.001298470974406952,-2.294673264378666e-05,0.9999991567229326,34.78793784937606,-0.5186546159480175,-478.4085850826878,73.90940284855722,-89.98550415039062,3435.03857421875,True
1598628957.024095,0,5,0.5,0.5,-0.0021889739990234376,-0.14,-0.011,-0.56,-0.00027604725933373566,10,1,100,0.014210483192350826,-10,-1,-100,12784.179859560449,-0.0012977837108325172,-2.31608049277987e-05,0.9999991576101537,34.77380146450253,-0.5183797307164593,-478.1564165755933,73.90983430033171,-89.98550415039062,3434.603271484375,True
1598628957.0720017,0,5,0.5,0.5,-0.0021889404296875,-0.14,-0.011,-0.56,-0.00024373696940066715,10,1,100,0.014218546745958622,-10,-1,-100,12787.128069106606,-0.0012972381305116016,-2.3061570713184538e-05,0.999999158320344,34.75965293225529,-0.5181048435478466,-477.90397261695875,73.91024009367806,-89.98550415039062,3434.167724609375,True
1598628957.1208498,0,5,0.5,0.5,-0.0021889068603515626,-0.14,-0.011,-0.56,-0.00025913063654306,10,1,100,0.01417203206964441,-10,-1,-100,12790.07627892727,-0.0012963250207703267,-2.3111489606479345e-05,0.9999991595032967,34.745493538700735,-0.517830012115882,-477.65129900924893,73.91062426927418,-89.98550415039062,3433.732421875,True
1598628957.1688664,0,5,0.5,0.5,-0.0021675109863281247,-0.14,-0.011,-0.56,-0.00024736425023130657,10,1,100,0.014221896919581523,-10,-1,-100,12793.049879498198,-0.0012959541946405864,-2.3049801500681907e-05,0.9999991599853633,34.731343079033515,-0.5175550019848313,-477.39868453021313,73.91098959188835,-89.98553466796875,3433.296875,True
1598628957.2182512,0,5,0.5,0.5,-0.0021845672607421875,-0.14,-0.011,-0.56,-0.00025081051485746663,10,1,100,0.014183692073620632,-10,-1,-100,12795.999065359007,-0.0012952756640745682,-2.302509139442235e-05,0.9999991608650477,34.71717213566184,-0.5172796930311232,-477.1457747743053,73.91134369154642,-89.98553466796875,3432.86181640625,True
1598628957.2658203,0,5,0.5,0.5,-0.00216317138671875,-0.14,-0.011,-0.56,-0.00027188080095995386,10,1,100,0.01417065047330655,-10,-1,-100,12798.949228732963,-0.001294546169404611,-2.3194148500879574e-05,0.999999161805772,34.70302658930556,-0.517004779377897,-476.8932322411344,73.91169168657795,-89.98556518554688,3432.4267578125,True
1598628957.3148427,0,5,0.5,0.5,-0.0021801940917968755,-0.14,-0.011,-0.56,-0.00023999689559934552,10,1,100,0.01417170146560323,-10,-1,-100,12801.925758492784,-0.0012938985330533633,-2.3057766258475843e-05,0.9999991626471123,34.688875532845394,-0.5167298126866263,-476.6406174088362,73.91203112563987,-89.98556518554688,3431.99169921875,True
1598628957.3628707,0,5,0.5,0.5,-0.0021587646484375004,-0.14,-0.011,-0.56,-0.00024115492738487767,10,1,100,0.014172596674385397,-10,-1,-100,12804.873968403437,-0.0012933238512384147,-2.2944133814749577e-05,0.9999991633931413,34.67470187276829,-0.5164545811411174,-476.38769710957513,73.91236358287014,-89.985595703125,3431.556640625,True
1598628957.4107964,0,5,0.5,0.5,-0.002175753784179688,-0.14,-0.011,-0.56,-0.00023996091244013874,10,1,100,0.014181807212253438,-10,-1,-100,12807.825107954908,-0.0012928908526173637,-2.28301188082817e-05,0.999999163955665,34.66053256387209,-0.5161797030162968,-476.13484193507423,73.91268829215115,-89.985595703125,3431.121826171875,True
1598628957.4630907,0,5,0.5,0.5,-0.002154290771484375,-0.14,-0.011,-0.56,-0.0002707474022817817,10,1,100,0.014164427760552316,-10,-1,-100,12810.798708025366,-0.001292344930110306,-2.3006555611755253e-05,0.999999164657291,34.64637947981592,-0.5159051735991871,-475.88223200275934,73.91300716589039,-89.98562622070312,3430.68701171875,True
1598628957.5078464,0,5,0.5,0.5,-0.002171246337890625,-0.14,-0.011,-0.56,-0.0002364783487497072,10,1,100,0.014112326462311683,-10,-1,-100,12813.745941525907,-0.0012913805578874265,-2.2855361471014197e-05,0.9999991659065958,34.63225954872384,-0.5156313312996105,-475.6301060808582,73.91332193414212,-89.98562622070312,3430.252197265625,True
1598628957.5560312,0,5,0.5,0.5,-0.0021497497558593754,-0.14,-0.011,-0.56,-0.0002595241383143502,10,1,100,0.01416388709596593,-10,-1,-100,12816.695127492887,-0.0012909784099479793,-2.2927697105888886e-05,0.9999991664241855,34.61807478130179,-0.5153564065099344,-475.377306010731,73.91366320230982,-89.98565673828125,3429.8173828125,True
1598628957.6047924,0,5,0.5,0.5,-0.002145309448242188,-0.14,-0.011,-0.56,-0.0002684090086233816,10,1,100,0.014128799938492389,-10,-1,-100,12819.644314012025,-0.0012902995374083257,-2.3074350025500066e-05,0.9999991672969923,34.60396617055819,-0.5150826938933553,-475.1254158432337,73.91397311160532,-89.98568725585938,3429.3828125,True
1598628957.6552534,0,5,0.5,0.5,-0.002162197875976563,-0.14,-0.011,-0.56,-0.00024941127485245997,10,1,100,0.014131627202499858,-10,-1,-100,12822.61791427224,-0.0012897135606663103,-2.3034997954120925e-05,0.9999991680538141,34.58984065347206,-0.5148086748958509,-474.87332575831044,73.91427987166176,-89.98568725585938,3428.9482421875,True
1598628957.7037218,0,5,0.5,0.5,-0.0021620300292968754,-0.14,-0.011,-0.56,-0.0002514674818159279,10,1,100,0.014107120495966796,-10,-1,-100,12825.567100906861,-0.0012889637395996087,-2.3017929592122832e-05,0.9999991690209812,34.57572173103044,-0.5145346561479343,-474.6213468275429,73.91458158114656,-89.98568725585938,3428.513671875,True
1598628957.755038,0,5,0.5,0.5,-0.002161862182617188,-0.14,-0.011,-0.56,-0.0002709289545327696,10,1,100,0.014147204887942367,-10,-1,-100,12828.516287232633,-0.0012886522257609988,-2.3179341889370672e-05,0.9999991694187347,34.56159256802752,-0.5142604935081156,-474.3692687534678,73.91488113048663,-89.98568725585938,3428.0791015625,True
1598628957.8030255,0,5,0.5,0.5,-0.002161727905273438,-0.14,-0.011,-0.56,-0.0002676683291116671,10,1,100,0.014113295286627182,-10,-1,-100,12831.493793641333,-0.0012880661203899823,-2.329645175268733e-05,0.999999170171128,34.547454313717054,-0.5139866356266641,-474.1171229416709,73.91518038338236,-89.98568725585938,3427.64501953125,True
1598628957.8519716,0,5,0.5,0.5,-0.0021615936279296877,-0.14,-0.011,-0.56,-0.00022706762732542973,10,1,100,0.014092235933127448,-10,-1,-100,12834.44005037914,-0.0012873471508505728,-2.303360098901467e-05,0.9999991711030397,34.533369677588375,-0.5137135778745541,-473.8657708690013,73.91548045862685,-89.98568725585938,3427.21044921875,True
1598628957.9019592,0,5,0.5,0.5,-0.0021614929199218753,-0.14,-0.011,-0.56,-0.00027687903518937296,10,1,100,0.01409223870551949,-10,-1,-100,12837.39021309861,-0.0012866990007459353,-2.3247395396098766e-05,0.9999991719322773,34.51925993549922,-0.513440039593859,-473.6141312429506,73.91578115457413,-89.98568725585938,3426.7763671875,True
1598628957.950352,0,5,0.5,0.5,-0.002161392211914063,-0.14,-0.011,-0.56,-0.0002446391000634642,10,1,100,0.014070522929564575,-10,-1,-100,12840.364790147054,-0.001285917986189285,-2.3148284286314395e-05,0.9999991729392028,34.50517286355973,-0.5131667788728087,-473.362856912703,73.91608081971057,-89.98568725585938,3426.34228515625,True
1598628958.0410073,0,5,0.5,0.5,-0.002161325073242188,-0.14,-0.011,-0.56,-0.00024202100856139758,10,1,100,0.01407667585649823,-10,-1,-100,12843.312999864924,-0.0012852697513316554,-2.3034253601332944e-05,0.9999991737752034,34.4910658867036,-0.512893480824503,-473.1113485444622,73.91637763536173,-89.98568725585938,3425.908203125,True
1598628958.0909405,0,5,0.5,0.5,-0.0021398956298828127,-0.14,-0.011,-0.56,-0.00029146153353737126,10,1,100,0.013998262307955457,-10,-1,-100,12849.237739706994,-0.0012839731517530176,-2.3379886031012913e-05,0.9999991754328234,34.46287095606,-0.512346681005288,-472.6089560174458,73.91700363304233,-89.9857177734375,3425.0400390625,True
1598628958.137879,0,5,0.5,0.5,-0.0021569183349609377,-0.14,-0.011,-0.56,-0.0002239300783748503,10,1,100,0.014062717261852452,-10,-1,-100,12852.17130080273,-0.001283386747406224,-2.3079763930221673e-05,0.9999991761925513,34.44881399807868,-0.5120739596478998,-472.3586765184928,73.91736019205307,-89.9857177734375,3424.60595703125,True
1598628958.192266,0,5,0.5,0.5,-0.0021355224609375003,-0.14,-0.011,-0.56,-0.0002971297081614079,10,1,100,0.014049341628725768,-10,-1,-100,12855.118534017121,-0.001282738340235262,-2.3472371914921323e-05,0.9999991770153606,34.434776791393716,-0.5118016030215716,-472.10852508327577,73.91768589615852,-89.98574829101562,3424.172119140625,True
1598628958.235804,0,5,0.5,0.5,-0.0021739074707031254,-0.14,-0.011,-0.56,-0.00023142142574098282,10,1,100,0.014044349093818206,-10,-1,-100,12858.094087405945,-0.0012821098335992558,-2.3231542629952776e-05,0.9999991778269972,34.42070356162732,-0.5115286951059564,-471.8577330694513,73.91797920465233,-89.9857177734375,3423.738525390625,True
1598628958.2869601,0,5,0.5,0.5,-0.0021354217529296875,-0.14,-0.011,-0.56,-0.0002618550252943708,10,1,100,0.014051004750483036,-10,-1,-100,12860.544250459643,-0.0012816052007234764,-2.3289081809523233e-05,0.9999991784725266,34.40663102101028,-0.511255906436194,-471.60716760397827,73.9182982989541,-89.98574829101562,3423.3046875,True
1598628958.3410106,0,5,0.5,0.5,-0.002152444458007813,-0.14,-0.011,-0.56,-0.0002624206634545603,10,1,100,0.01401481405898694,-10,-1,-100,12863.49245998892,-0.0012808238436637464,-2.3346432556116142e-05,0.9999991794722761,34.39258173666614,-0.5109837265714023,-471.35674748192037,73.91858124510259,-89.98574829101562,3422.87109375,True
1598628958.383279,0,5,0.5,0.5,-0.002152377319335938,-0.14,-0.011,-0.56,-0.0002548069659593469,10,1,100,0.01405351060369905,-10,-1,-100,12866.466060275328,-0.001280471889722035,-2.332930872960464e-05,0.9999991799234051,34.37851265149336,-0.5107112953604533,-471.1061335241865,73.91886812293336,-89.98574829101562,3422.4375,True
1598628958.4298995,0,5,0.5,0.5,-0.0021309478759765628,-0.14,-0.011,-0.56,-0.0002513931297723173,10,1,100,0.014005467527243843,-10,-1,-100,12869.415246684337,-0.0012797214265900941,-2.328243791494792e-05,0.9999991808851637,34.36441859034133,-0.5104384871209313,-470.85540580420957,73.91918246158887,-89.98577880859375,3422.00390625,True
1598628958.47884,0,5,0.5,0.5,-0.0021479370117187505,-0.14,-0.011,-0.56,-0.00023453464317301097,10,1,100,0.014011870847163974,-10,-1,-100,12872.420096725808,-0.0012791037426277453,-2.3086537257521893e-05,0.999999181679979,34.350409504641306,-0.5101665748304052,-470.6057601721415,73.91947482309814,-89.98577880859375,3421.570556640625,True
1598628958.5260744,0,5,0.5,0.5,-0.0021478363037109377,-0.14,-0.011,-0.56,-0.0002702598348826842,10,1,100,0.014001600133645428,-10,-1,-100,12875.583150275983,-0.001278455036396861,-2.3233276354521436e-05,0.9999991825061332,34.33636817948564,-0.5098944558812155,-470.35571170060194,73.91976498390267,-89.98577880859375,3421.13720703125,True
1598628958.5750196,0,5,0.5,0.5,-0.0021477355957031253,-0.14,-0.011,-0.56,-0.0002496074016968817,10,1,100,0.014005629634668443,-10,-1,-100,12878.759875755874,-0.0012779081304825706,-2.31787452112381e-05,0.9999991832064442,34.32233034220865,-0.50962242712984,-470.10573953181853,73.92005096863245,-89.98577880859375,3420.703857421875,True
1598628958.6279228,0,5,0.5,0.5,-0.00212630615234375,-0.14,-0.011,-0.56,-0.00028596982588193626,10,1,100,0.014016587827571434,-10,-1,-100,12881.736405821634,-0.0012775160768789433,-2.3459921792498994e-05,0.9999991837008195,34.30829017464984,-0.5093503760129481,-469.85575732617014,73.92033226538928,-89.98580932617188,3420.270751953125,True
1598628958.6748006,0,5,0.5,0.5,-0.002143295288085938,-0.14,-0.011,-0.56,-0.00022566777532169414,10,1,100,0.013980426665245398,-10,-1,-100,12884.68461582542,-0.0012768362636458885,-2.3166990808677354e-05,0.9999991845758907,34.294275366308035,-0.5090788422248094,-469.6061887098684,73.92061656643841,-89.98580932617188,3419.83740234375,True
1598628958.7218397,0,5,0.5,0.5,-0.0021218658447265627,-0.14,-0.011,-0.56,-0.00026206594663584037,10,1,100,0.013979848964626618,-10,-1,-100,12887.661145393387,-0.0012762183653162037,-2.3231859999973777e-05,0.9999991853631505,34.280216638818395,-0.508806320203024,-469.3562982580793,73.92093602408838,-89.98583984375,3419.404296875,True
1598628958.7699673,0,5,0.5,0.5,-0.0021388214111328126,-0.14,-0.011,-0.56,-0.0002594286230952204,10,1,100,0.013993287868526598,-10,-1,-100,12890.609355110442,-0.0012757841672958383,-2.3266856034992143e-05,0.9999991859163746,34.26622525706116,-0.5085350559969277,-469.1071975982213,73.92122625790316,-89.98583984375,3418.97119140625,True
1598628958.817952,0,5,0.5,0.5,-0.0021387207031250003,-0.14,-0.011,-0.56,-0.0002868144444419969,10,1,100,0.013970340910615893,-10,-1,-100,12893.559517795919,-0.0012751861249630703,-2.3547652829774563e-05,0.9999991866725966,34.2522120567879,-0.5082636178537777,-468.8578608238596,73.92151793866027,-89.98583984375,3418.538330078125,True
1598628958.8648942,0,5,0.5,0.5,-0.002138619995117188,-0.14,-0.011,-0.56,-0.0002265630228708043,10,1,100,0.013950395686266649,-10,-1,-100,12896.534094389179,-0.0012744662550925614,-2.325499951958987e-05,0.9999991875971548,34.23820124307611,-0.5079920004050864,-468.60859787560025,73.92180759353937,-89.98583984375,3418.10546875,True
1598628958.9189396,0,5,0.5,0.5,-0.002117156982421875,-0.14,-0.011,-0.56,-0.00028672384383208733,10,1,100,0.013953794338101502,-10,-1,-100,12899.483280972228,-0.0012738481844402605,-2.353593516380637e-05,0.999999188378102,34.22421944901698,-0.50772102390572,-468.359784411036,73.92209669680513,-89.98587036132812,3417.67236328125,True
1598628958.9598713,0,5,0.5,0.5,-0.0021341461181640627,-0.14,-0.011,-0.56,-0.00024940745809719645,10,1,100,0.013965039786181275,-10,-1,-100,12902.430513862753,-0.001273393872686303,-2.345186088164158e-05,0.9999991889586987,34.21020777117688,-0.5074497582739896,-468.1106416175061,73.92238917295462,-89.98587036132812,3417.23974609375,True
1598628959.0154963,0,5,0.5,0.5,-0.0021340454101562503,-0.14,-0.011,-0.56,-0.00023792446434741402,10,1,100,0.013920477027922776,-10,-1,-100,12905.408020744217,-0.0012725809368075748,-2.3270706751380915e-05,0.9999991899977887,34.19622602423693,-0.5071790171434694,-467.86215826452826,73.92271320520759,-89.98587036132812,3416.80712890625,True
1598628959.1045601,0,5,0.5,0.5,-0.0021125823974609374,-0.14,-0.011,-0.56,-0.0002467859379215157,10,1,100,0.013947791772727586,-10,-1,-100,12908.355253598187,-0.0012720955601429468,-2.3186546001456817e-05,0.9999991906173075,34.182251926370554,-0.5069082781194142,-467.6136150119074,73.92300237686766,-89.98590087890625,3416.374267578125,True
1598628959.1539128,0,5,0.5,0.5,-0.002129537963867188,-0.14,-0.011,-0.56,-0.00027681373133537,10,1,100,0.013869718960011615,-10,-1,-100,12914.279017045046,-0.0012709498399416303,-2.3383009077297022e-05,0.9999991920695431,34.15429425748695,-0.5063672775563126,-467.1167572645948,73.92361171032107,-89.98590087890625,3415.50927734375,True
1598628959.2032526,0,5,0.5,0.5,-0.002129437255859375,-0.14,-0.011,-0.56,-0.0002389251987271563,10,1,100,0.013905629580110958,-10,-1,-100,12917.229179311777,-0.0012702407056112796,-2.321724058863636e-05,0.9999991929744292,34.1403553018101,-0.5060975093225936,-466.8692198957596,73.92395913571728,-89.98590087890625,3415.07666015625,True
1598628959.2537942,0,5,0.5,0.5,-0.0021293365478515626,-0.14,-0.011,-0.56,-0.0002511497747933603,10,1,100,0.01390104735201178,-10,-1,-100,12920.176412444096,-0.0012695603773809998,-2.317762879065583e-05,0.9999991938392978,34.126404563221115,-0.5058277353554457,-466.62139058446763,73.92427753441585,-89.98590087890625,3414.644287109375,True
1598628959.3040526,0,5,0.5,0.5,-0.0021292694091796876,-0.14,-0.011,-0.56,-0.00025240231372202,10,1,100,0.01392960979358351,-10,-1,-100,12923.124622409698,-0.0012692076084477022,-2.3153054083851635e-05,0.9999991942876667,34.11248407203004,-0.5055579680131692,-466.3738175895194,73.92456118178667,-89.98590087890625,3414.2119140625,True
1598628959.6486793,0,5,0.5,0.5,-0.0021292022705078125,-0.14,-0.011,-0.56,-0.00025484840420732544,10,1,100,0.013964229031028456,-10,-1,-100,12923.124622409698,-0.0012692076084477022,-2.3153054083851635e-05,0.9999991942876667,34.11248407203004,-0.5055579680131692,-466.3738175895194,73.92456118178667,-89.98590087890625,3414.2119140625,True
1598628959.6870651,0,5,0.5,0.5,-0.002107772827148438,-0.14,-0.011,-0.56,-0.0002570061163793755,10,1,100,0.01390339602115341,-10,-1,-100,12926.102128554601,-0.0012686600161002158,-2.3173028375184746e-05,0.9999991949820632,34.098510785762706,-0.5052881032666648,-466.1255163721011,73.92483543145643,-89.98593139648438,3413.779541015625,True
1598628959.727291,0,5,0.5,0.5,-0.002124761962890625,-0.14,-0.011,-0.56,-0.00024002144572091922,10,1,100,0.013863726524917514,-10,-1,-100,12929.047408635728,-0.0012678068514903494,-2.303685524417834e-05,0.9999991960672221,34.08455495329789,-0.5050183141075324,-465.8774936405726,73.92510779216236,-89.98593139648438,3413.347412109375,True
1598628959.7708685,0,5,0.5,0.5,-0.00212469482421875,-0.14,-0.011,-0.56,-0.00024925803503016836,10,1,100,0.01389841729618168,-10,-1,-100,12931.995618324843,-0.0012673521100682813,-2.2997484191456264e-05,0.9999991966445497,34.070623918112716,-0.5047491498451361,-465.6299017991684,73.92538566682227,-89.98593139648438,3412.915283203125,True
1598628959.817116,0,5,0.5,0.5,-0.0021032653808593753,-0.14,-0.011,-0.56,-0.00031928226489033747,10,1,100,0.013886445511027981,-10,-1,-100,12934.971171660349,-0.001266835366876475,-2.3598689302883354e-05,0.9999991972853054,34.05667919726252,-0.5044794833153177,-465.3822012307285,73.92566752544862,-89.9859619140625,3412.4833984375,True
1598628959.934674,0,5,0.5,0.5,-0.0021202545166015625,-0.14,-0.011,-0.56,-0.00022700063181920897,10,1,100,0.013872903919427242,-10,-1,-100,12937.921334364917,-0.0012662477182056725,-2.330601730121454e-05,0.9999991980364513,34.042716885841045,-0.5042098621973564,-465.13434137073784,73.92595343136921,-89.9859619140625,3412.05126953125,True
1598628959.98188,0,5,0.5,0.5,-0.0021201873779296875,-0.14,-0.011,-0.56,-0.0002625540300228376,10,1,100,0.013840390386169459,-10,-1,-100,12940.871497386368,-0.001265423230786179,-2.336305594582155e-05,0.9999991990787865,34.02880112707479,-0.5039407944051586,-464.88717450170753,73.92624057675035,-89.9859619140625,3411.619140625,True
1598628960.0359192,0,5,0.5,0.5,-0.002120120239257813,-0.14,-0.011,-0.56,-0.0002525136112701235,10,1,100,0.013863236955761932,-10,-1,-100,12943.846074214904,-0.001264886417045803,-2.33236508641955e-05,0.9999991997588594,34.01488847372692,-0.5036720697255788,-464.64010067086434,73.92652681483902,-89.9859619140625,3411.1875,True
1598628960.0921524,0,5,0.5,0.5,-0.002120053100585938,-0.14,-0.011,-0.56,-0.0002267410560372581,10,1,100,0.013840524594380798,-10,-1,-100,12946.794283672585,-0.001264196796077056,-2.3053435369440716e-05,0.9999992006371804,34.00097438602595,-0.5034032375695497,-464.3930763157565,73.9268159007029,-89.9859619140625,3410.755615234375,True
1598628960.1458085,0,5,0.5,0.5,-0.0021199859619140627,-0.14,-0.011,-0.56,-0.00026332714960766913,10,1,100,0.013857686425755668,-10,-1,-100,12949.742493291036,-0.0012637307605555157,-2.3140498673413935e-05,0.999999201224222,33.98704769914534,-0.5031344989014251,-464.14595688606335,73.9271089360475,-89.9859619140625,3410.323974609375,True
1598628960.1980693,0,5,0.5,0.5,-0.0021199188232421877,-0.14,-0.011,-0.56,-0.0002568435274879328,10,1,100,0.01383006815050439,-10,-1,-100,12952.719023189391,-0.0012630609956226422,-2.3160716526310566e-05,0.999999202069933,33.973149848923434,-0.5028662833282691,-463.89928332294136,73.9274016524155,-89.9859619140625,3409.89208984375,True
1598628960.2519503,0,5,0.5,0.5,-0.0020984893798828125,-0.14,-0.011,-0.56,-0.0002783208147774001,10,1,100,0.013818129442437425,-10,-1,-100,12955.667232736363,-0.0012623491725310802,-2.3374337492991334e-05,0.9999992029637857,33.95925710386785,-0.5025982306823711,-463.6526981329263,73.92768875426547,-89.98599243164062,3409.46044921875,True
1598628960.3018646,0,5,0.5,0.5,-0.0021155120849609375,-0.14,-0.011,-0.56,-0.0002477306460492762,10,1,100,0.013838616559923527,-10,-1,-100,12958.617395492736,-0.0012618940442827786,-2.3290262920520173e-05,0.9999992035401752,33.94536450455918,-0.5023305943722906,-463.40617360521503,73.92797711873462,-89.98599243164062,3409.029052734375,True
1598628960.350026,0,5,0.5,0.5,-0.0021154449462890625,-0.14,-0.011,-0.56,-0.0002452706627432246,10,1,100,0.013800840705346124,-10,-1,-100,12961.590019013616,-0.001261142249749262,-2.319123763578561e-05,0.9999992044908798,33.931455842791266,-0.5020622348630359,-463.1595175611504,73.92827073644807,-89.98599243164062,3408.59765625,True
1598628960.3969405,0,5,0.5,0.5,-0.0020940155029296878,-0.14,-0.011,-0.56,-0.0002418485725793782,10,1,100,0.013810715169574847,-10,-1,-100,12964.540181763354,-0.0012605542133575255,-2.3069928599588014e-05,0.9999992052351109,33.91761377906951,-0.5017954145646119,-462.9138284863679,73.92856539072143,-89.98602294921875,3408.166015625,True
1598628960.4482188,0,5,0.5,0.5,-0.0021110382080078128,-0.14,-0.011,-0.56,-0.0002675898363287661,10,1,100,0.013828801203633072,-10,-1,-100,12967.489367930335,-0.0012601897634505843,-2.3194139837769448e-05,0.9999992056915805,33.90373416121897,-0.5015280721143969,-462.6676740689622,73.92885853906813,-89.98602294921875,3407.73486328125,True
1598628960.4951043,0,5,0.5,0.5,-0.0020896087646484376,-0.14,-0.011,-0.56,-0.00024916684417389484,10,1,100,0.013784122514652747,-10,-1,-100,12970.434647875489,-0.0012594577826851394,-2.31396791051296e-05,0.9999992066150097,33.88986236220649,-0.5012607962647724,-462.421690756267,73.92915250537142,-89.98605346679688,3407.303466796875,True
1598628960.5430346,0,5,0.5,0.5,-0.002106597900390625,-0.14,-0.011,-0.56,-0.0002461619318514359,10,1,100,0.013806636300332404,-10,-1,-100,12973.412154624239,-0.0012590024395391873,-2.306305503328983e-05,0.9999992071901621,33.875990969758256,-0.5009936508338536,-462.1757802829697,73.9294485934274,-89.98605346679688,3406.8720703125,True
1598628960.592003,0,5,0.5,0.5,-0.0021064971923828125,-0.14,-0.011,-0.56,-0.0002666575371884526,10,1,100,0.013771054879356887,-10,-1,-100,12976.362317117746,-0.0012582703728317322,-2.3179957376345562e-05,0.9999992081088657,33.86214000319075,-0.5007270503017862,-461.9302015465475,73.92974486479062,-89.98605346679688,3406.441162109375,True
1598628960.6419287,0,5,0.5,0.5,-0.002106396484375,-0.14,-0.011,-0.56,-0.0002604821591905593,10,1,100,0.013769952152460456,-10,-1,-100,12979.308573584654,-0.0012576002205106648,-2.3229977413681828e-05,0.999999208950714,33.84828673608672,-0.5004603305189582,-461.6846532980028,73.93004231504423,-89.98605346679688,3406.009765625,True
1598628960.7304907,0,5,0.5,0.5,-0.0020849334716796877,-0.14,-0.011,-0.56,-0.00022001691123344467,10,1,100,0.013771641966845759,-10,-1,-100,12982.285103264847,-0.0012570119262950562,-2.2907502940068057e-05,0.9999992096978195,33.83443003115689,-0.5001939516800673,-461.43909915392965,73.93033849450802,-89.986083984375,3405.578857421875,True
1598628960.7881894,0,5,0.5,0.5,-0.0021018890380859376,-0.14,-0.011,-0.56,-0.00026485202469940413,10,1,100,0.013686796764206397,-10,-1,-100,12988.183475754806,-0.0012557112925017156,-2.3022166462460844e-05,0.9999992113292538,33.80674205460668,-0.49966145830050385,-460.9486024705817,73.9309463923773,-89.986083984375,3404.716796875,True
1598628960.8332684,0,5,0.5,0.5,-0.0021017883300781253,-0.14,-0.011,-0.56,-0.0002342559548317047,10,1,100,0.01377728300777274,-10,-1,-100,12991.158052553772,-0.001255357534794763,-2.284858009404841e-05,0.9999992117773905,33.79291466471889,-0.49939571760661594,-460.7039286190568,73.93129401227678,-89.986083984375,3404.2861328125,True
1598628960.9239852,0,5,0.5,0.5,-0.0020803253173828124,-0.14,-0.011,-0.56,-0.000245595006357031,10,1,100,0.013729255658408726,-10,-1,-100,12994.104309146525,-0.0012546052668937588,-2.2794258121018685e-05,0.9999992127227132,33.77909307328235,-0.49912988235817385,-460.45957560665227,73.9316726638432,-89.98611450195312,3403.855224609375,True
1598628961.0178583,0,5,0.5,0.5,-0.0020972808837890627,-0.14,-0.011,-0.56,-0.00025540657298864526,10,1,100,0.013684340638455228,-10,-1,-100,13000.029048219672,-0.0012535190113322282,-2.2834431459928852e-05,0.9999992140840297,33.751493471206444,-0.49859998233227587,-459.9707029183986,73.93228150749107,-89.98611450195312,3402.99365234375,True
1598628961.0653944,0,5,0.5,0.5,-0.0020758178710937503,-0.14,-0.011,-0.56,-0.00026644312295684024,10,1,100,0.013643534689260512,-10,-1,-100,13005.927420476568,-0.0012521669387399986,-2.297149903786683e-05,0.9999992157748264,33.72390796366285,-0.4980701436085388,-459.48273762763597,73.93297188708806,-89.98614501953125,3402.132568359375,True
1598628961.1149905,0,5,0.5,0.5,-0.0020927734375000002,-0.14,-0.011,-0.56,-0.0002393605914219224,10,1,100,0.013709776961258822,-10,-1,-100,13008.876606471953,-0.0012515472777876932,-2.2850103495492924e-05,0.9999992165533351,33.71013728338953,-0.4978058767921373,-459.23884673967217,73.93326979351869,-89.98614501953125,3401.7021484375,True
1598628961.1638556,0,5,0.5,0.5,-0.002092672729492188,-0.14,-0.011,-0.56,-0.0002446741784001259,10,1,100,0.01370278453770294,-10,-1,-100,13011.850206826464,-0.0012509275735304508,-2.2788312498236346e-05,0.999999217330143,33.69638663326653,-0.497541645144354,-458.9952223418088,73.9335579696185,-89.98614501953125,3401.271728515625,True
1598628961.214858,0,5,0.5,0.5,-0.002092572021484375,-0.14,-0.011,-0.56,-0.0002637078002626219,10,1,100,0.013699182871173585,-10,-1,-100,13008.796463187668,-0.0012503388043881532,-2.290542155633038e-05,0.9999992180638022,33.68257093073629,-0.49727639749541014,-458.750560768503,73.93381169949578,-89.98614501953125,3400.84130859375,True
1598628961.3128026,0,5,0.5,0.5,-0.0020924713134765627,-0.14,-0.011,-0.56,-0.000259089725938566,10,1,100,0.013691283441163025,-10,-1,-100,13011.74955581245,-0.0012497389572300082,-2.2970151420579006e-05,0.9999992188121503,33.66875153904889,-0.49701142385102703,-458.50593124951615,73.9340701333531,-89.98614501953125,3400.4111328125,True
1598628961.3970416,0,5,0.5,0.5,-0.00211373291015625,-0.14,-0.011,-0.56,-0.00021358826273952842,10,1,100,0.013628724423608738,-10,-1,-100,13017.832498607226,-0.0012486320698932743,-2.26155832917166e-05,0.9999992202029407,33.64116980212466,-0.49648305579986063,-458.01812764487215,73.93467494008358,-89.98611450195312,3399.55078125,True
1598628961.4889054,0,5,0.5,0.5,-0.002053884887695313,-0.14,-0.011,-0.56,-0.0002763731947969697,10,1,100,0.013615584596893635,-10,-1,-100,13024.11172981013,-0.0012475139737591987,-2.2864286120226016e-05,0.9999992215927518,33.613664692425,-0.4959559907838942,-457.5324009848809,73.93541548099606,-89.98617553710938,3398.6904296875,True
1598628961.5373816,0,5,0.5,0.5,-0.0020666015625,-0.14,-0.011,-0.56,-0.0002460846710875212,10,1,100,0.013619389267031403,-10,-1,-100,13030.008148905123,-0.001246539562746512,-2.281517291273253e-05,0.9999992228089913,33.58621425317975,-0.4954298255004238,-457.04776435373594,73.93618017460214,-89.9862060546875,3397.83056640625,True
1598628961.588952,0,5,0.5,0.5,-0.0020621948242187504,-0.14,-0.011,-0.56,-0.0002392687608255413,10,1,100,0.013644330784766956,-10,-1,-100,13032.987608505995,-0.0012458884919617093,-2.2708592091885287e-05,0.9999992236227911,33.57251394269851,-0.4951672679000901,-456.80539364974805,73.93648460160506,-89.98623657226562,3397.400634765625,True
1598628961.6780536,0,5,0.5,0.5,-0.0020791503906250003,-0.14,-0.011,-0.56,-0.00023823239231923938,10,1,100,0.013650574173060648,-10,-1,-100,13035.930935040698,-0.001245361291846315,-2.260235678290244e-05,0.9999992242818924,33.558809247907575,-0.4949048527730086,-456.5629401517184,73.93677647339064,-89.98623657226562,3396.970947265625,True
1598628961.7321103,0,5,0.5,0.5,-0.00205765380859375,-0.14,-0.011,-0.56,-0.000270443587264081,10,1,100,0.013576023233627669,-10,-1,-100,13038.948447634815,-0.001244211699309735,-2.2798819251213893e-05,0.9999992257084308,33.531276136622715,-0.494378715189886,-456.07616305402775,73.9373038063939,-89.98626708984375,3396.11181640625,True
1598628961.7760203,0,5,0.5,0.5,-0.002074609375,-0.14,-0.011,-0.56,-0.0002103982827709651,10,1,100,0.013605153610747028,-10,-1,-100,13041.924977643765,-0.001243438668831593,-2.2431712072274753e-05,0.9999992266782486,33.51755067920123,-0.4941162024554353,-455.8334641963624,73.93757635385845,-89.98626708984375,3395.68212890625,True
1598628961.8240962,0,5,0.5,0.5,-0.0020531127929687503,-0.14,-0.011,-0.56,-0.00026566709097841624,10,1,100,0.01361000418913828,-10,-1,-100,13044.903460689937,-0.0012427873814813443,-2.260080234005529e-05,0.9999992274840657,33.50384344028701,-0.4938541701329554,-455.59113808031003,73.93786098056927,-89.98629760742188,3395.252685546875,True
1598628961.8718247,0,5,0.5,0.5,-0.0020700347900390625,-0.14,-0.011,-0.56,-0.0002812619874978778,10,1,100,0.01363749485678628,-10,-1,-100,13047.824326284812,-0.0012424526174070539,-2.2896463015631047e-05,0.9999992278933246,33.49010133290933,-0.49359182788439593,-455.34831733307453,73.93813320465944,-89.98629760742188,3394.8232421875,True
1598628961.9209857,0,5,0.5,0.5,-0.002069866943359375,-0.14,-0.011,-0.56,-0.00023259880906947172,10,1,100,0.013607540692726822,-10,-1,-100,13053.680738880415,-0.0012418831451089594,-2.2722861060933225e-05,0.9999992286046653,33.47640208493041,-0.4933301289776675,-455.10612392742786,73.93840399267187,-89.98629760742188,3394.39404296875,True
1598628961.9698904,0,5,0.5,0.5,-0.0020696990966796876,-0.14,-0.011,-0.56,-0.00023003578991952873,10,1,100,0.013584251353655746,-10,-1,-100,13056.602581131621,-0.0012411608634028829,-2.254196573744449e-05,0.9999992295054886,33.462655092622576,-0.4930676360470549,-454.86334406781197,73.93867615893552,-89.98629760742188,3393.96484375,True
1598628962.0178792,0,5,0.5,0.5,-0.002069497680664063,-0.14,-0.011,-0.56,-0.00026178898548119024,10,1,100,0.013595274677678947,-10,-1,-100,13059.57813439006,-0.001240611247712561,-2.2666247782610086e-05,0.9999992301846902,33.448970952153545,-0.4928059719326758,-454.6214498345445,73.93894628231683,-89.98629760742188,3393.53564453125,True
1598628962.0669591,0,5,0.5,0.5,-0.0020693634033203128,-0.14,-0.011,-0.56,-0.0002417149019614774,10,1,100,0.013577880653948868,-10,-1,-100,13062.55173468974,-0.0012399597448020372,-2.2596919826524707e-05,0.9999992309943095,33.43527032338086,-0.4925441721878454,-454.37932838617076,73.93920698782732,-89.98629760742188,3393.1064453125,True
1598628962.1160405,0,5,0.5,0.5,-0.0020692626953125004,-0.14,-0.011,-0.56,-0.0002615078654688199,10,1,100,0.01357751812952081,-10,-1,-100,13065.473576867487,-0.001239370155404892,-2.271402885568312e-05,0.9999992317225502,33.42156998287052,-0.49228280253319606,-454.13729271991,73.93947183570005,-89.98629760742188,3392.67724609375,True
1598628962.1710174,0,5,0.5,0.5,-0.0020478332519531252,-0.14,-0.011,-0.56,-0.0002610268192711019,10,1,100,0.013596778964249032,-10,-1,-100,13068.449129800545,-0.0012390151893018862,-2.2816113519698968e-05,0.999999232160098,33.40787503858526,-0.4920214444284744,-453.8954214342128,73.93974277298565,-89.986328125,3392.248291015625,True
1598628962.2588723,0,5,0.5,0.5,-0.0020648223876953125,-0.14,-0.011,-0.56,-0.00023585659364766168,10,1,100,0.013566776663465903,-10,-1,-100,13071.421753830393,-0.0012384255138398021,-2.2679903202466832e-05,0.9999992328936401,33.39419088719616,-0.49176057475661966,-453.6537638792999,73.94001689758728,-89.986328125,3391.8193359375,True
1598628962.3049247,0,5,0.5,0.5,-0.002064755249023438,-0.14,-0.011,-0.56,-0.00021864765934392577,10,1,100,0.013476190911444681,-10,-1,-100,13077.323055376764,-0.00123707119856996,-2.239973888953888e-05,0.9999992345762577,33.366823060551035,-0.4912386381692125,-453.17084471380815,73.9406040682254,-89.986328125,3390.961669921875,True
1598628962.3561065,0,5,0.5,0.5,-0.0020433258056640627,-0.14,-0.011,-0.56,-0.00029230436700717976,10,1,100,0.013553902249071267,-10,-1,-100,13080.2995851296,-0.0012365522581851284,-2.2814679559436445e-05,0.999999235208709,33.35318443066062,-0.49097836914760357,-452.9303395619508,73.9409415462135,-89.98635864257812,3390.53271484375,True
1598628962.4108777,0,5,0.5,0.5,-0.002081710815429688,-0.14,-0.011,-0.56,-0.00023911324911281496,10,1,100,0.013566102770630646,-10,-1,-100,13083.218497592257,-0.0012361970763251815,-2.2708148299195115e-05,0.9999992356502722,33.339550325563486,-0.4907181511264427,-452.6897907062876,73.94125304664173,-89.986328125,3390.10400390625,True
1598628962.493867,0,5,0.5,0.5,-0.00206458740234375,-0.14,-0.011,-0.56,-0.00021672079346286336,10,1,100,0.013523690732761648,-10,-1,-100,13086.196003787569,-0.0012354943066001315,-2.240790511553656e-05,0.9999992365255606,33.325883766714824,-0.49045755542568287,-452.44867280812605,73.9415351253888,-89.986328125,3389.67529296875,True
1598628962.5432758,0,5,0.5,0.5,-0.0020645538330078127,-0.14,-0.011,-0.56,-0.00027901105482844253,10,1,100,0.013485943971456839,-10,-1,-100,13092.091446281876,-0.001234518080691414,-2.270151819366623e-05,0.9999992377245843,33.29859052223616,-0.4899371304319721,-451.96740569232827,73.94214428216962,-89.986328125,3388.818359375,True
1598628962.6330414,0,5,0.5,0.5,-0.0020645202636718754,-0.14,-0.011,-0.56,-0.00023465983065117243,10,1,100,0.013502175682031504,-10,-1,-100,13095.084577502334,-0.0012337842024911783,-2.2565101179030542e-05,0.9999992386333891,33.284979261083755,-0.4896774220685851,-451.7274849824052,73.94247494005036,-89.986328125,3388.3896484375,True
1598628962.6819339,0,5,0.5,0.5,-0.0020431243896484375,-0.14,-0.011,-0.56,-0.00023224042553783803,10,1,100,0.013461866041292429,-10,-1,-100,13100.981972969486,-0.0012327567956162645,-2.2419183070698314e-05,0.9999992399037427,33.25775205674262,-0.48915858635807585,-451.24715062466333,73.94303887408499,-89.98635864257812,3387.532958984375,True
1598628962.7303221,0,5,0.5,0.5,-0.0020387847900390625,-0.14,-0.011,-0.56,-0.000279337462420771,10,1,100,0.013488746847917114,-10,-1,-100,13103.954596298514,-0.0012320737084712816,-2.271484670456461e-05,0.9999992407389181,33.24408856637327,-0.4888983448144658,-451.00643946674757,73.94332968028768,-89.98638916015625,3387.104736328125,True
1598628962.7752495,0,5,0.5,0.5,-0.00205577392578125,-0.14,-0.011,-0.56,-0.00023805477290247167,10,1,100,0.013502607370835047,-10,-1,-100,13106.932102571707,-0.0012315853580450362,-2.260833390532318e-05,0.9999992413428969,33.23049428615252,-0.4886392750220792,-450.76671765114685,73.94362016582407,-89.98638916015625,3386.676513671875,True
1598628962.8248317,0,5,0.5,0.5,-0.002034344482421875,-0.14,-0.011,-0.56,-0.0002320630182683511,10,1,100,0.01348577324964763,-10,-1,-100,13109.85296847357,-0.0012309951200387974,-2.2457222481715666e-05,0.9999992420730566,33.216881192615325,-0.4883803535192336,-450.5266309645406,73.94388466629096,-89.98641967773438,3386.24853515625,True
1598628962.8788733,0,5,0.5,0.5,-0.0020299713134765626,-0.14,-0.011,-0.56,-0.00027969389742767657,10,1,100,0.013475715374809962,-10,-1,-100,13112.828521666466,-0.0012303738597107842,-2.275305888963066e-05,0.9999992428309451,33.20328159937076,-0.48812155445713096,-450.2867966428954,73.94415115116217,-89.9864501953125,3385.8203125,True
1598628962.9230435,0,5,0.5,0.5,-0.0020682891845703127,-0.14,-0.011,-0.56,-0.0002285774554489204,10,1,100,0.013462013160446176,-10,-1,-100,13115.805051267147,-0.0012296906004991553,-2.2556984951564606e-05,0.9999992436758187,33.18965499660878,-0.48786214955738,-450.04666002226315,73.94442012216133,-89.98641967773438,3385.392333984375,True
1598628962.979849,0,5,0.5,0.5,-0.0020511322021484375,-0.14,-0.011,-0.56,-0.00026102005233208977,10,1,100,0.013472507653233566,-10,-1,-100,13118.725917065982,-0.0012291710981118197,-2.2673902883722344e-05,0.9999992443118673,33.176055475348605,-0.48760336974079316,-449.8071324707537,73.94472074972062,-89.98641967773438,3384.96435546875,True
1598628963.0228624,0,5,0.5,0.5,-0.002029669189453125,-0.14,-0.011,-0.56,-0.0002523663214161242,10,1,100,0.013464411453387306,-10,-1,-100,13121.701470253058,-0.001228631608650379,-2.2701552764098303e-05,0.99999924497422,33.16249815218188,-0.48734530411818955,-449.56803723454743,73.94498942704475,-89.9864501953125,3384.53662109375,True
1598628963.0790918,0,5,0.5,0.5,-0.002025262451171875,-0.14,-0.011,-0.56,-0.00023628669611712157,10,1,100,0.013452724099251794,-10,-1,-100,13124.625265645096,-0.0012280411538277917,-2.258024365476864e-05,0.9999992457022441,33.148878122663355,-0.4870862489111907,-449.32829717917144,73.94528385480446,-89.98648071289062,3384.10888671875,True
1598628963.1291263,0,5,0.5,0.5,-0.0020421844482421876,-0.14,-0.011,-0.56,-0.00025305759099091164,10,1,100,0.013441545753043526,-10,-1,-100,13127.599842398195,-0.0012274086435025131,-2.2622535576538764e-05,0.9999992464778376,33.13532798425469,-0.4868283145138574,-449.0894624741083,73.94556108760392,-89.98648071289062,3383.68115234375,True
1598628963.1728117,0,5,0.5,0.5,-0.0020420166015625,-0.14,-0.011,-0.56,-0.00025432481741931474,10,1,100,0.013441393510025232,-10,-1,-100,13130.575395302498,-0.0012268380460511742,-2.2672450805317534e-05,0.999999247176901,33.12173585421136,-0.4865699827649858,-448.85028808553994,73.94586885537451,-89.98648071289062,3383.25341796875,True
1598628963.2271132,0,5,0.5,0.5,-0.00202052001953125,-0.14,-0.011,-0.56,-0.000255659358958884,10,1,100,0.013431683232663957,-10,-1,-100,13133.496260946617,-0.0012262364265280955,-2.2729730238444663e-05,0.9999992479135099,33.10818243407519,-0.4863121930016094,-448.6116649016287,73.94617254479473,-89.98651123046875,3382.82568359375,True
1598628963.2752714,0,5,0.5,0.5,-0.0020374755859375,-0.14,-0.011,-0.56,-0.00023824905898312248,10,1,100,0.013418497118308064,-10,-1,-100,13136.472790394444,-0.0012255749325420096,-2.2623513465567966e-05,0.9999992487268484,33.09463313586696,-0.4860543044095723,-448.37299961908525,73.94645055051878,-89.98651123046875,3382.398193359375,True
1598628963.3209226,0,5,0.5,0.5,-0.00203734130859375,-0.14,-0.011,-0.56,-0.0002379621785454461,10,1,100,0.013417857861145526,-10,-1,-100,13139.446390967816,-0.001224973226967275,-2.252433095937369e-05,0.9999992494663422,33.081078424815175,-0.4857967026862851,-448.1344801884512,73.94675679928402,-89.98651123046875,3381.970703125,True
1598628963.367862,0,5,0.5,0.5,-0.0020372406005859374,-0.14,-0.011,-0.56,-0.0002632030695433173,10,1,100,0.013411233808846373,-10,-1,-100,13142.37018611608,-0.001224371477690316,-2.266356668237985e-05,0.9999992502001427,33.0675215472671,-0.4855392971584432,-447.8959582768026,73.94705878157781,-89.98651123046875,3381.543212890625,True
1598628963.4168346,0,5,0.5,0.5,-0.0020371734619140628,-0.14,-0.011,-0.56,-0.0002465754194309133,10,1,100,0.01337319654987948,-10,-1,-100,13145.360387443681,-0.001223484096340673,-2.263906551337019e-05,0.9999992512867891,33.05401671741667,-0.48528263340344335,-447.6580558625021,73.94733669789245,-89.98651123046875,3381.11572265625,True
1598628963.4637854,0,5,0.5,0.5,-0.00203707275390625,-0.14,-0.011,-0.56,-0.00024305631110539203,10,1,100,0.013392918256526293,-10,-1,-100,13148.335940719582,-0.0012228623165415672,-2.258472521080048e-05,0.9999992520485629,33.04049067898568,-0.48502537881106883,-447.41990485419996,73.94761174119407,-89.98651123046875,3380.6884765625,True
1598628963.514666,0,5,0.5,0.5,-0.0020369720458984376,-0.14,-0.011,-0.56,-0.00024167290088151285,10,1,100,0.013397267743471636,-10,-1,-100,13151.257782936795,-0.0012223423382251289,-2.2522829549768134e-05,0.999999252685686,33.026923403511304,-0.48476779990280033,-447.18123547518695,73.94788520242598,-89.98651123046875,3380.26123046875,True
1598628963.5610652,0,5,0.5,0.5,-0.0020369049072265625,-0.14,-0.011,-0.56,-0.0002639743257002781,10,1,100,0.013388026607218623,-10,-1,-100,13154.232359630056,-0.001221791337853726,-2.2669463468285986e-05,0.9999992533557324,33.01339755985516,-0.4845108978658964,-446.94319539318576,73.9481614066467,-89.98651123046875,3379.833984375,True
1598628963.6088657,0,5,0.5,0.5,-0.002036871337890625,-0.14,-0.011,-0.56,-0.00026466055341413505,10,1,100,0.013377499117494904,-10,-1,-100,13157.207912668004,-0.0012212004056240296,-2.28089243554159e-05,0.9999992540743828,32.99988041280986,-0.4842541887353126,-446.70533602829823,73.94843920837674,-89.98651123046875,3379.406982421875,True
1598628963.6579597,0,5,0.5,0.5,-0.002015475463867188,-0.14,-0.011,-0.56,-0.00021443185709233464,10,1,100,0.013367556715322696,-10,-1,-100,13160.129754856462,-0.0012205784528844478,-2.2478913023718655e-05,0.9999992548411918,32.98635197671156,-0.4839973915140078,-446.46738020498225,73.94871748836712,-89.98654174804688,3378.97998046875,True
1598628963.705857,0,5,0.5,0.5,-0.002032498168945313,-0.14,-0.011,-0.56,-0.0002733954131597311,10,1,100,0.013351697304478688,-10,-1,-100,13163.103354940773,-0.001219874555380034,-2.2715110993498946e-05,0.9999992556947694,32.97285704511647,-0.48374134578580374,-446.22995183388207,73.9489995374493,-89.98654174804688,3378.552978515625,True
1598628963.7547781,0,5,0.5,0.5,-0.0020324645996093755,-0.14,-0.011,-0.56,-0.00023806555122487898,10,1,100,0.013347425026357305,-10,-1,-100,13166.080861203838,-0.0012192015931850526,-2.2608669147750506e-05,0.9999992565178855,32.95933786714938,-0.48348465039369865,-445.99226071486447,73.94928273350226,-89.98654174804688,3378.1259765625,True
1598628963.8092566,0,5,0.5,0.5,-0.0020110687255859377,-0.14,-0.011,-0.56,-0.00024599957386227573,10,1,100,0.013342247161286062,-10,-1,-100,13169.001726684044,-0.0012185485318156554,-2.258404480678991e-05,0.9999992573144424,32.945852812848614,-0.48322850938124023,-445.75507988188645,73.94956536951862,-89.986572265625,3377.69921875,True
1598628963.8967795,0,5,0.5,0.5,-0.0020280914306640627,-0.14,-0.011,-0.56,-0.0002416862524438774,10,1,100,0.013336283008981768,-10,-1,-100,13171.978256808827,-0.0012179064607272113,-2.2522392744069914e-05,0.9999992580980221,32.93235023156419,-0.48297249484734145,-445.5176946304753,73.94984468629964,-89.986572265625,3377.2724609375,True
1598628963.9520195,0,5,0.5,0.5,-0.0020280242919921876,-0.14,-0.011,-0.56,-0.00026780540559187115,10,1,100,0.01326394150288975,-10,-1,-100,13177.877604682231,-0.001216670986970483,-2.2703920601068324e-05,0.9999992595978466,32.90535719072322,-0.4824604626497397,-445.0435443798169,73.95045349052606,-89.986572265625,3376.4189453125,True
1598628963.9958146,0,5,0.5,0.5,-0.0020279571533203125,-0.14,-0.011,-0.56,-0.00023793524297290245,10,1,100,0.013314951749614282,-10,-1,-100,13180.850228516967,-0.0012160177522612895,-2.2597340033541984e-05,0.9999992603948198,32.89189278226631,-0.48220500789849857,-444.8071650786623,73.95078865881855,-89.986572265625,3375.9921875,True
1598628964.0417783,0,5,0.5,0.5,-0.002027890014648438,-0.14,-0.011,-0.56,-0.00026802560572262714,10,1,100,0.013296527185025563,-10,-1,-100,13183.78769550065,-0.0012152626288151073,-2.2773985892767588e-05,0.9999992613087714,32.87842288775561,-0.4819496375710277,-444.5709522041268,73.951155571955,-89.986572265625,3375.565673828125,True
1598628964.0990329,0,5,0.5,0.5,-0.002027822875976563,-0.14,-0.011,-0.56,-0.0002444239779792051,10,1,100,0.013300679862359811,-10,-1,-100,13186.76520131668,-0.001214620340666535,-2.271978446135703e-05,0.9999992620903474,32.86499522655071,-0.48169484154688547,-444.3347975210678,73.95142640477819,-89.986572265625,3375.13916015625,True
1598628964.1828492,0,5,0.5,0.5,-0.0020063934326171877,-0.14,-0.011,-0.56,-0.00022911383938561925,10,1,100,0.013301330454463089,-10,-1,-100,13189.73880139552,-0.001214048875911669,-2.253128160832113e-05,0.9999992627885623,32.85153172955923,-0.4814397310428412,-444.0981778649148,73.95169185962652,-89.98660278320312,3374.712890625,True
1598628964.2381961,0,5,0.5,0.5,-0.0020020202636718753,-0.14,-0.011,-0.56,-0.0002941514669617443,10,1,100,0.013214007008599002,-10,-1,-100,13195.636196698644,-0.001212742014380947,-2.2951418940568808e-05,0.9999992643647487,32.8245982786254,-0.4809290706601117,-443.6251726731904,73.95224934240979,-89.98663330078125,3373.8603515625,True
1598628964.2831643,0,5,0.5,0.5,-0.0019976470947265625,-0.14,-0.011,-0.56,-0.00024454943778760385,10,1,100,0.013268617490260065,-10,-1,-100,13198.612726347637,-0.0012120575414031214,-2.2882004881104647e-05,0.9999992651961951,32.81114983251174,-0.4806738222640388,-443.3892476724123,73.95257003899677,-89.98666381835938,3373.43408203125,True
1598628964.336955,0,5,0.5,0.5,-0.002014602661132813,-0.14,-0.011,-0.56,-0.00022752823818926243,10,1,100,0.013278024098455632,-10,-1,-100,13201.535545500228,-0.0012115279142377643,-2.2664011290799938e-05,0.9999992658429583,32.797703709311726,-0.4804187558735718,-443.1535631330909,73.9529180734831,-89.98666381835938,3373.0078125,True
1598628964.379834,0,5,0.5,0.5,-0.0020144683837890628,-0.14,-0.011,-0.56,-0.00025316772793692314,10,1,100,0.01324590882441442,-10,-1,-100,13204.511098355055,-0.0012107614540315624,-2.2698871259007982e-05,0.9999992667704625,32.78428313999089,-0.48016406128000977,-442.91779710853257,73.95318500933222,-89.98666381835938,3372.581787109375,True
1598628964.4270442,0,5,0.5,0.5,-0.0019930053710937503,-0.14,-0.011,-0.56,-0.000269116473275723,10,1,100,0.013258886286403093,-10,-1,-100,13207.485674683703,-0.001210189728114716,-2.2875446345502368e-05,0.9999992674584997,32.770850216710606,-0.4799094484560303,-442.6818732475602,73.95344481956695,-89.9866943359375,3372.15576171875,True
1598628964.4750767,0,5,0.5,0.5,-0.0020099609375000002,-0.14,-0.011,-0.56,-0.0002430619019338131,10,1,100,0.01325580022616183,-10,-1,-100,13210.407516882988,-0.0012096489373995829,-2.2798788454114963e-05,0.9999992681145639,32.757403173684246,-0.4796545287870024,-442.44581843719345,73.95370595028521,-89.9866943359375,3371.729736328125,True
1598628964.524866,0,5,0.5,0.5,-0.00198846435546875,-0.14,-0.011,-0.56,-0.0002808089879644171,10,1,100,0.013251879113891054,-10,-1,-100,13213.383069924545,-0.0012091280466829737,-2.307216854599277e-05,0.9999992687382536,32.74396525283012,-0.4793997005448681,-442.2099603140952,73.95397109556586,-89.98672485351562,3371.303955078125,True
1598628964.571824,0,5,0.5,0.5,-0.0020267486572265628,-0.14,-0.011,-0.56,-0.00020984116472688117,10,1,100,0.013234773706393149,-10,-1,-100,13216.373271660763,-0.0012085052693320557,-2.2675102210529132e-05,0.99999926950016,32.730541754929554,-0.47914519488057183,-441.97436254713745,73.95423823800898,-89.9866943359375,3370.8779296875,True
1598628964.6192405,0,5,0.5,0.5,-0.0020095245361328126,-0.14,-0.011,-0.56,-0.0002714045937150673,10,1,100,0.013235660629157061,-10,-1,-100,13219.297066418338,-0.0012079533140922413,-2.2873890245165915e-05,0.9999992701625218,32.71712461446087,-0.4788906987764905,-441.7389271351705,73.95450931622709,-89.9866943359375,3370.4521484375,True
1598628964.6677928,0,5,0.5,0.5,-0.002009390258789063,-0.14,-0.011,-0.56,-0.00023818772211881874,10,1,100,0.01322167433196716,-10,-1,-100,13222.272619868745,-0.0012073304493784784,-2.2752494984157268e-05,0.9999992709174892,32.70369658907868,-0.4786359856016459,-441.5034090756188,73.95478331352595,-89.9866943359375,3370.026611328125,True
1598628964.716988,0,5,0.5,0.5,-0.00198792724609375,-0.14,-0.011,-0.56,-0.0002853595860182882,10,1,100,0.013218176445067094,-10,-1,-100,13225.247196327895,-0.001206738517418269,-2.307076967925746e-05,0.9999992716246798,32.690300058041075,-0.4783818726348039,-441.2683863729526,73.955059117733,-89.98672485351562,3369.60107421875,True
1598628964.764788,0,5,0.5,0.5,-0.0020262786865234378,-0.14,-0.011,-0.56,-0.00021806440846126876,10,1,100,0.013193634195244205,-10,-1,-100,13228.170015092124,-0.0012059827438169275,-2.274822746906774e-05,0.9999992725438054,32.67688887595554,-0.4781278002193439,-441.0332155134487,73.9553353922549,-89.9866943359375,3369.17529296875,True
1598628964.813772,0,5,0.5,0.5,-0.00198779296875,-0.14,-0.011,-0.56,-0.00027627348709183475,10,1,100,0.01321687892044271,-10,-1,-100,13231.144591454766,-0.0012055125151335,-2.2984302335911357e-05,0.9999992731053846,32.66347681159315,-0.4778735830739246,-440.7980767813083,73.95561026697628,-89.98672485351562,3368.75,True
1598628964.8650107,0,5,0.5,0.5,-0.0020048156738281253,-0.14,-0.011,-0.56,-0.00024671485089743463,10,1,100,0.013200367424333684,-10,-1,-100,13234.06643368816,-0.0012049403985467605,-2.2929909803051815e-05,0.999999273796164,32.6500775829294,-0.47761970957475186,-440.5631709832505,73.95588651027414,-89.98672485351562,3368.324462890625,True
1598628964.9124744,0,5,0.5,0.5,-0.0020047485351562503,-0.14,-0.011,-0.56,-0.00025848373177695153,10,1,100,0.013185050366450238,-10,-1,-100,13237.041986655327,-0.0012042863384466795,-2.2987241837044163e-05,0.9999992745827377,32.636675425027576,-0.4773656335998895,-440.32829306089684,73.95616593686678,-89.98672485351562,3367.89892578125,True
1598628964.9598482,0,5,0.5,0.5,-0.0020047149658203125,-0.14,-0.011,-0.56,-0.00022057729066166516,10,1,100,0.013188137301283692,-10,-1,-100,13240.017539682682,-0.0012037251681175172,-2.2694656225542293e-05,0.9999992752650734,32.623292264968214,-0.47711186552832413,-440.09375210761687,73.95645002732212,-89.98672485351562,3367.4736328125,True
1598628965.0067828,0,5,0.5,0.5,-0.002004681396484375,-0.14,-0.011,-0.56,-0.00026923343827777704,10,1,100,0.013182908659041825,-10,-1,-100,13242.938405211316,-0.0012031728654063364,-2.2871092586349403e-05,0.9999992759257224,32.60992606001078,-0.4768588609788373,-439.8595043113002,73.95673593417938,-89.98672485351562,3367.04833984375,True
1598628965.0550888,0,5,0.5,0.5,-0.002004681396484375,-0.14,-0.011,-0.56,-0.00022510118900691639,10,1,100,0.013183600532902765,-10,-1,-100,13245.914934746572,-0.0012026824755960684,-2.2630469808220446e-05,0.9999992765211005,32.596547684685625,-0.47660556164751855,-439.6251435965012,73.95702212432892,-89.98672485351562,3366.623291015625,True
1598628965.102748,0,5,0.5,0.5,-0.001983285522460938,-0.14,-0.011,-0.56,-0.0002833231847560624,10,1,100,0.013142073406721452,-10,-1,-100,13248.905136230169,-0.001201864440797573,-2.2941053273461183e-05,0.999999277497526,32.583164324729445,-0.47635241096700104,-439.39075155587534,73.95730627468662,-89.98675537109375,3366.1982421875,True
1598628965.15094,0,5,0.5,0.5,-0.0019789459228515627,-0.14,-0.011,-0.56,-0.000222545827396572,10,1,100,0.013161520090539409,-10,-1,-100,13251.827955183457,-0.001201303096173008,-2.267081939038622e-05,0.9999992781781919,32.569807110189025,-0.4760996477779021,-439.15674514002046,73.95758818028932,-89.98678588867188,3365.77294921875,True
1598628965.1987307,0,5,0.5,0.5,-0.00199593505859375,-0.14,-0.011,-0.56,-0.00025422845067215173,10,1,100,0.013145076511242894,-10,-1,-100,13254.805461234064,-0.0012006487752054403,-2.271325032245404e-05,0.9999992789630535,32.55644056044346,-0.4758468045785445,-438.92268040736116,73.9578713911862,-89.98678588867188,3365.34814453125,True
1598628965.2555282,0,5,0.5,0.5,-0.001995867919921875,-0.14,-0.011,-0.56,-0.00026117895443442986,10,1,100,0.013170547982575095,-10,-1,-100,13257.77710780548,-0.001200291032921774,-2.2815335312497136e-05,0.9999992793901887,32.54309499331528,-0.47559423213288693,-438.688947945865,73.95815540962693,-89.98678588867188,3364.923095703125,True
1598628965.2967436,0,5,0.5,0.5,-0.0019957672119140625,-0.14,-0.011,-0.56,-0.0002663026200221971,10,1,100,0.013142777112150575,-10,-1,-100,13260.701879546512,-0.0011997185244881229,-2.2954657619840172e-05,0.9999992800740138,32.52973999161344,-0.47534173236113614,-438.45515550638385,73.95844193851627,-89.98678588867188,3364.498291015625,True
1598628965.3438172,0,5,0.5,0.5,-0.0019957000732421875,-0.14,-0.011,-0.56,-0.00024146313852505192,10,1,100,0.013127458876434558,-10,-1,-100,13263.677432806464,-0.0011990640728516083,-2.2855527744465313e-05,0.9999992808612286,32.516384879339356,-0.4750891399179361,-438.22158709916323,73.95875856252945,-89.98678588867188,3364.0732421875,True
1598628965.3928683,0,5,0.5,0.5,-0.0019742706298828123,-0.14,-0.011,-0.56,-0.00026915485740207064,10,1,100,0.013114720406248271,-10,-1,-100,13266.6510323775,-0.0011983586546582608,-2.3017220194877963e-05,0.9999992817031133,32.50307457648774,-0.47483722072930185,-437.98850642213625,73.95904607367885,-89.98681640625,3363.6484375,True
1598628965.4408176,0,5,0.5,0.5,-0.001991259765625,-0.14,-0.011,-0.56,-0.00023799601247642766,10,1,100,0.013116077734786657,-10,-1,-100,13269.572874482721,-0.0011977350935453743,-2.2880923851967405e-05,0.999999282453297,32.4897550716072,-0.47458528346028717,-437.7553253161302,73.9593297541607,-89.98681640625,3363.223876953125,True
1598628965.4889922,0,5,0.5,0.5,-0.0019697967529296876,-0.14,-0.011,-0.56,-0.000244843247616564,10,1,100,0.013138459278851579,-10,-1,-100,13272.509365047095,-0.0011973771339111332,-2.2819096343662296e-05,0.9999992828833868,32.476412157992485,-0.47433303946621086,-437.52183613160145,73.95960623461077,-89.98684692382812,3362.79931640625,True
1598628965.5358672,0,5,0.5,0.5,-0.0019867523193359375,-0.14,-0.011,-0.56,-0.00024010498786680977,10,1,100,0.01311286981398516,-10,-1,-100,13275.276910271612,-0.0011968243534098513,-2.2719861698607783e-05,0.9999992835473809,32.46309109047858,-0.4740810465109935,-437.28868579592364,73.95988071499903,-89.98684692382812,3362.374755859375,True
1598628965.5898273,0,5,0.5,0.5,-0.0019652557373046873,-0.14,-0.011,-0.56,-0.000279301174031444,10,1,100,0.013098955876347101,-10,-1,-100,13277.965353989042,-0.0011962006609048728,-2.2985896084700003e-05,0.9999992842875575,32.44974087525485,-0.4738287731768888,-437.055217378077,73.96016002219864,-89.98687744140625,3361.9501953125,True
1598628965.6328878,0,5,0.5,0.5,-0.0019822113037109377,-0.14,-0.011,-0.56,-0.00027131339983237253,10,1,100,0.013115767289510126,-10,-1,-100,13280.937977220281,-0.0011957916476380951,-2.315508863132752e-05,0.999999284772833,32.436429361930564,-0.4735772225156566,-436.8223498374176,73.9604440842834,-89.98687744140625,3361.52587890625,True
1598628965.681993,0,5,0.5,0.5,-0.001982110595703125,-0.14,-0.011,-0.56,-0.00022387252385269388,10,1,100,0.013093103297638764,-10,-1,-100,13283.859819524456,-0.0011952187915135893,-2.287717910186369e-05,0.9999992854640822,32.42312914369087,-0.4733256889870154,-436.58984858651905,73.96075591934355,-89.98687744140625,3361.101318359375,True
1598628965.7297773,0,5,0.5,0.5,-0.0020033721923828126,-0.14,-0.011,-0.56,-0.00024736261660652354,10,1,100,0.013073429989232273,-10,-1,-100,13286.836348731886,-0.001194524101309154,-2.2837931346677377e-05,0.9999992862950454,32.409812048800674,-0.4730741766856093,-436.35698919040783,73.96103768529086,-89.98684692382812,3360.677001953125,True
1598628965.777062,0,5,0.5,0.5,-0.0019648529052734374,-0.14,-0.011,-0.56,-0.00023955630745969449,10,1,100,0.013066882002253541,-10,-1,-100,13289.810925138998,-0.0011938382802704176,-2.2731264580596665e-05,0.999999287116471,32.396511257002466,-0.47282321071593264,-436.12439736157614,73.96131904330373,-89.98687744140625,3360.2529296875,True
1598628965.8279643,0,5,0.5,0.5,-0.002003204345703125,-0.14,-0.011,-0.56,-0.00022864749441221772,10,1,100,0.013095467014730914,-10,-1,-100,13292.73276719707,-0.0011934800160251949,-2.253532685012736e-05,0.9999992875485515,32.38321605130049,-0.4725718707993634,-435.89193974799855,73.9616017117045,-89.98684692382812,3359.82861328125,True
1598628965.876031,0,5,0.5,0.5,-0.00196468505859375,-0.14,-0.011,-0.56,-0.00028567442575862224,10,1,100,0.013056498577409405,-10,-1,-100,13295.708319948288,-0.0011928051391510027,-2.2875919380935613e-05,0.9999992883460429,32.3699297454577,-0.4723208478688979,-435.6596567317894,73.96188480313057,-89.98687744140625,3359.404541015625,True
1598628965.9250362,0,5,0.5,0.5,-0.001960345458984375,-0.14,-0.011,-0.56,-0.00022677743229648794,10,1,100,0.013063800273892737,-10,-1,-100,13298.698521827115,-0.0011922630424293194,-2.2650250196390934e-05,0.9999992889976491,32.356639750139394,-0.47206991910274987,-435.42737091836796,73.96216840372333,-89.98690795898438,3358.98046875,True
1598628965.9729066,0,5,0.5,0.5,-0.0019773345947265626,-0.14,-0.011,-0.56,-0.0002793815824697809,10,1,100,0.013071224152912743,-10,-1,-100,13301.620363511029,-0.0011918426916289857,-2.2923525642612594e-05,0.9999992894925028,32.34334604124961,-0.4718191935299579,-435.1950876738276,73.96245154662616,-89.98690795898438,3358.556396484375,True
1598628966.0225494,0,5,0.5,0.5,-0.0019772674560546875,-0.14,-0.011,-0.56,-0.00023706441716594512,10,1,100,0.013026038560181311,-10,-1,-100,13304.598846187815,-0.0011910548077331985,-2.2787161427962005e-05,0.9999992904343432,32.33006569582417,-0.4715686327842321,-434.9630362081864,73.9627355889991,-89.98690795898438,3358.13232421875,True
1598628966.06903,0,5,0.5,0.5,-0.0019772003173828124,-0.14,-0.011,-0.56,-0.00025867223132430985,10,1,100,0.0130390033883606,-10,-1,-100,13307.571469345712,-0.0011904616567620005,-2.2859567452692646e-05,0.9999992911389907,32.3167894541101,-0.4713183444448838,-434.7311008993686,73.96302171509225,-89.98690795898438,3357.70849609375,True
1598628966.1178365,0,5,0.5,0.5,-0.001977166748046875,-0.14,-0.011,-0.56,-0.00025444120108371245,10,1,100,0.013069509644714386,-10,-1,-100,13310.494287935435,-0.0011902049754860759,-2.288704204447144e-05,0.9999992914438989,32.30352166530066,-0.4710678933346343,-434.4993387604912,73.96330875524018,-89.98690795898438,3357.284912109375,True
1598628966.1657732,0,5,0.5,0.5,-0.0019557708740234377,-0.14,-0.011,-0.56,-0.0002473303708316745,10,1,100,0.013049574953409183,-10,-1,-100,13313.468864677008,-0.0011897954831980534,-2.2847618713421686e-05,0.9999992919320966,32.29025600147088,-0.4708179182036572,-434.26765331284577,73.96359634976844,-89.9869384765625,3356.861083984375,True
1598628966.2153368,0,5,0.5,0.5,-0.0019727935791015627,-0.14,-0.011,-0.56,-0.0002305575090744703,10,1,100,0.01300450894319594,-10,-1,-100,13316.445394173032,-0.0011890184567600176,-2.2659325633209546e-05,0.9999992928605822,32.27699804991844,-0.4705679502093987,-434.0361377566248,73.96388676629252,-89.9869384765625,3356.4375,True
1598628966.2637842,0,5,0.5,0.5,-0.0019726928710937504,-0.14,-0.011,-0.56,-0.00024828588085092947,10,1,100,0.01303539368985302,-10,-1,-100,13319.367236160557,-0.0011885978446446396,-2.2649479490724018e-05,0.9999992933608328,32.263737805193905,-0.47031816331487064,-433.8046249393598,73.96417453638851,-89.9869384765625,3356.013671875,True
1598628966.3103926,0,5,0.5,0.5,-0.0019512634277343752,-0.14,-0.011,-0.56,-0.00024328694538242702,10,1,100,0.012993642295626762,-10,-1,-100,13322.359390526079,-0.0011878406758973534,-2.2595157934287037e-05,0.9999992942617448,32.250508770842,-0.47006908455043656,-433.57352740241873,73.96445313141308,-89.98696899414062,3355.59033203125,True
1598628966.3679092,0,5,0.5,0.5,-0.001968218994140625,-0.14,-0.011,-0.56,-0.00024520434716832995,10,1,100,0.013014722821178902,-10,-1,-100,13325.332990188384,-0.0011873491084867743,-2.2563151234594208e-05,0.9999992948462508,32.237252446917296,-0.4698192535107134,-433.3420936747048,73.96472803717137,-89.98696899414062,3355.166748046875,True
1598628966.4186018,0,5,0.5,0.5,-0.001968118286132813,-0.14,-0.011,-0.56,-0.0002710640671997433,10,1,100,0.012973220723270252,-10,-1,-100,13328.254832070204,-0.0011865298972513186,-2.2769426933473886e-05,0.9999992958139301,32.22400773631045,-0.46956997059566646,-433.11090856691015,73.96500970074733,-89.98696899414062,3354.7431640625,True
1598628966.4687774,0,5,0.5,0.5,-0.0019680511474609377,-0.14,-0.011,-0.56,-0.0002641384964110579,10,1,100,0.013000486527891025,-10,-1,-100,13331.23136206984,-0.0011860382426658004,-2.2893882219160924e-05,0.999999296394331,32.21077219132198,-0.46932092774509976,-432.8800898759211,73.96532489390299,-89.98696899414062,3354.31982421875,True
1598628966.515997,0,5,0.5,0.5,-0.0019679840087890627,-0.14,-0.011,-0.56,-0.0002325975802662635,10,1,100,0.01299498478093992,-10,-1,-100,13334.153203892638,-0.001185546544842104,-2.2720314735217783e-05,0.9999992969813415,32.19754830717127,-0.46907211727627285,-432.64943476630845,73.96563266802964,-89.98696899414062,3353.896484375,True
1598628966.5589674,0,5,0.5,0.5,-0.0019679168701171876,-0.14,-0.011,-0.56,-0.0002357688615606553,10,1,100,0.01298050318007289,-10,-1,-100,13337.12973382487,-0.001184972903415308,-2.2591416713120984e-05,0.9999992976641765,32.184333979546,-0.46882343223292583,-432.4189682378001,73.96594243064357,-89.98696899414062,3353.47314453125,True
1598628966.607768,0,5,0.5,0.5,-0.0019678497314453126,-0.14,-0.011,-0.56,-0.0002615196601326026,10,1,100,0.012966417511249398,-10,-1,-100,13340.103333180537,-0.0011843283494501404,-2.270857863526848e-05,0.9999992984250944,32.171109477208184,-0.46857478344627806,-432.18839561004813,73.96624964285738,-89.98696899414062,3353.050048828125,True
1598628966.6558747,0,5,0.5,0.5,-0.001967782592773438,-0.14,-0.011,-0.56,-0.0002216569874575261,10,1,100,0.012983979528270562,-10,-1,-100,13343.025175222196,-0.001183907388387486,-2.2452863779637512e-05,0.9999992989293365,32.157927718773266,-0.46832672423622035,-431.9582876110102,73.96652810382189,-89.98696899414062,3352.626953125,True
1598628966.7047706,0,5,0.5,0.5,-0.00194638671875,-0.14,-0.011,-0.56,-0.0002641403661994303,10,1,100,0.012949955297491713,-10,-1,-100,13346.017329567578,-0.001183220738136911,-2.2606967131202837e-05,0.9999992997385598,32.14470733109641,-0.4680781306037324,-431.72768826732784,73.96680365628181,-89.98699951171875,3352.203857421875,True
1598628966.7969174,0,5,0.5,0.5,-0.001963409423828125,-0.14,-0.011,-0.56,-0.0002566894703878535,10,1,100,0.012952726716345859,-10,-1,-100,13348.991906179115,-0.001182626976006538,-2.2679373269340622e-05,0.9999993004392961,32.13150865650888,-0.46783015303162506,-431.4974083254414,73.96707563875886,-89.98699951171875,3351.781005859375,True
1598628966.8448973,0,5,0.5,0.5,-0.00194197998046875,-0.14,-0.011,-0.56,-0.0002342032439750225,10,1,100,0.012914472749221563,-10,-1,-100,13354.890277332277,-0.001181744856976558,-2.254074961500504e-05,0.9999993014852598,32.10508432618455,-0.46733386521319364,-431.03673819026284,73.96763755648418,-89.98703002929688,3350.93505859375,True
1598628966.8949535,0,5,0.5,0.5,-0.0019590026855468754,-0.14,-0.011,-0.56,-0.0002609327254309479,10,1,100,0.012933339285536905,-10,-1,-100,13357.866806744016,-0.0011811199862057347,-2.2657772859134997e-05,0.9999993022208583,32.091893501840154,-0.46708597356412995,-430.80689288338334,73.96794028420598,-89.98703002929688,3350.512451171875,True
1598628966.94216,0,5,0.5,0.5,-0.0019375732421875002,-0.14,-0.011,-0.56,-0.00023176960934877087,10,1,100,0.012919647953279228,-10,-1,-100,13360.786696053925,-0.001180433118050172,-2.2498952369756493e-05,0.9999993030354826,32.078735864328,-0.4668389314281743,-430.57754148851825,73.96824313823517,-89.987060546875,3350.089599609375,True
1598628966.9918108,0,5,0.5,0.5,-0.0019545623779296875,-0.14,-0.011,-0.56,-0.0002629443321232687,10,1,100,0.012930182691282387,-10,-1,-100,13363.762248440064,-0.0011799100053262355,-2.2638222563329395e-05,0.9999993036497027,32.0655403585946,-0.46659150418588624,-430.3475420437457,73.96851315604077,-89.987060546875,3349.6669921875,True
1598628967.0387459,0,5,0.5,0.5,-0.001954461669921875,-0.14,-0.011,-0.56,-0.00024056891380673008,10,1,100,0.012925547454276683,-10,-1,-100,13366.755380033283,-0.0011793978809110956,-2.2561651354296074e-05,0.9999993042555632,32.05235028249906,-0.4663438198893911,-430.11765218047486,73.96878063177884,-89.987060546875,3349.244384765625,True
1598628967.086855,0,5,0.5,0.5,-0.0019543609619140628,-0.14,-0.011,-0.56,-0.00022911605413072043,10,1,100,0.012898381094037303,-10,-1,-100,13369.676245179144,-0.001178690936044184,-2.2388068497557442e-05,0.9999993050929845,32.03918108635133,-0.4660969026157918,-429.888076842588,73.96904570340048,-89.987060546875,3348.82177734375,True
1598628967.1340697,0,5,0.5,0.5,-0.0019542602539062504,-0.14,-0.011,-0.56,-0.00026096740212948864,10,1,100,0.012923307030628738,-10,-1,-100,13372.65277465363,-0.001178280569195433,-2.252000847161618e-05,0.9999993055736336,32.02603252708064,-0.46585017048594873,-429.6588338959301,73.96931192641881,-89.987060546875,3348.3994140625,True
1598628967.1847806,0,5,0.5,0.5,-0.0019327972412109375,-0.14,-0.011,-0.56,-0.00023766986329865528,10,1,100,0.01289156683681604,-10,-1,-100,13375.574616350816,-0.001177624459189412,-2.2428329522447143e-05,0.999999306348561,32.01285216479047,-0.4656030047176655,-429.429242218383,73.96958324679252,-89.98709106445312,3347.97705078125,True
1598628967.2321718,0,5,0.5,0.5,-0.0019497528076171877,-0.14,-0.011,-0.56,-0.00025560429698901806,10,1,100,0.012893381571195416,-10,-1,-100,13378.548216446885,-0.001177050204886658,-2.250804763334876e-05,0.9999993070228612,31.999682065398975,-0.4653560446035817,-429.1998710452176,73.96985975342828,-89.98709106445312,3347.5546875,True
1598628967.281095,0,5,0.5,0.5,-0.001949652099609375,-0.14,-0.011,-0.56,-0.00022606947913900144,10,1,100,0.012910636757067745,-10,-1,-100,13381.52376932674,-0.0011766906304223122,-2.2312110225984494e-05,0.9999993074504253,31.98651870014566,-0.4651093630525101,-428.97064683539645,73.97013873566512,-89.98709106445312,3347.13232421875,True
1598628967.3304524,0,5,0.5,0.5,-0.0019495513916015627,-0.14,-0.011,-0.56,-0.00023966064611472736,10,1,100,0.012866018490327664,-10,-1,-100,13384.4456109819,-0.00117596352061671,-2.2257875249108447e-05,0.9999993083069535,31.973374968595937,-0.46486291201346724,-428.7417360468444,73.9704168536335,-89.98709106445312,3346.7099609375,True
1598628967.3798535,0,5,0.5,0.5,-0.0019494842529296876,-0.14,-0.011,-0.56,-0.00025055236533559833,10,1,100,0.012869367425092922,-10,-1,-100,13387.437765544048,-0.0011753382123243557,-2.2307843512470774e-05,0.9999993090409847,31.960218978348752,-0.46461655643133415,-428.51271406750413,73.97069677945932,-89.98709106445312,3346.287841796875,True
1598628967.4300241,0,5,0.5,0.5,-0.0019494171142578126,-0.14,-0.011,-0.56,-0.0002567577305236015,10,1,100,0.012871540342409121,-10,-1,-100,13390.413318154402,-0.001174794760192255,-2.240999973482443e-05,0.9999993096772934,31.947094090223434,-0.4643707117723244,-428.2841486029342,73.97097420148546,-89.98709106445312,3345.86572265625,True
1598628967.477863,0,5,0.5,0.5,-0.0019280212402343752,-0.14,-0.011,-0.56,-0.000252822506010612,10,1,100,0.012869925233346739,-10,-1,-100,13393.33516041818,-0.0011742911557696487,-2.246717512560506e-05,0.9999993102675159,31.93396883060329,-0.46412491569486375,-428.0556088104332,73.97124837125878,-89.98712158203125,3345.44384765625,True
1598628967.5279937,0,5,0.5,0.5,-0.0019450439453125002,-0.14,-0.011,-0.56,-0.0002312852442355369,10,1,100,0.012854332935254575,-10,-1,-100,13396.306806875393,-0.0011736966934478568,-2.2323514962393792e-05,0.9999993109686288,31.92080521470963,-0.4638787312877115,-427.82663450029963,73.97152789312895,-89.98712158203125,3345.02197265625,True
1598628967.5767922,0,5,0.5,0.5,-0.0019449768066406251,-0.14,-0.011,-0.56,-0.00023472897515087587,10,1,100,0.012835396925050192,-10,-1,-100,13399.286266238661,-0.0011729893105056999,-2.2224437946333813e-05,0.9999993118008391,31.907705095134858,-0.46363360243045565,-427.598590957165,73.9718128558094,-89.98712158203125,3344.599853515625,True
1598628967.6278656,0,5,0.5,0.5,-0.00192354736328125,-0.14,-0.011,-0.56,-0.0002509381024839156,10,1,100,0.012860376538212363,-10,-1,-100,13402.20810812863,-0.0011725785057920665,-2.2281872389808033e-05,0.9999993122813464,31.894590674427914,-0.463388265674697,-427.3703982907358,73.97209655062277,-89.98715209960938,3344.177978515625,True
1598628967.6769485,0,5,0.5,0.5,-0.0019405364990234377,-0.14,-0.011,-0.56,-0.00022525889444632591,10,1,100,0.012846684567394046,-10,-1,-100,13405.183660660987,-0.001172085758193509,-2.210085466178997e-05,0.9999993128630278,31.881472263484625,-0.4631430243000295,-427.1422051974452,73.9723807611439,-89.98715209960938,3343.756103515625,True
1598628967.725969,0,5,0.5,0.5,-0.0019404693603515626,-0.14,-0.011,-0.56,-0.00026846919477601814,10,1,100,0.012825374366218431,-10,-1,-100,13408.175815203926,-0.0011714491119123112,-2.232941170737135e-05,0.9999993136039522,31.8683642387617,-0.4628979111678388,-426.91416850085835,73.97265972664677,-89.98715209960938,3343.33447265625,True
1598628967.8180978,0,5,0.5,0.5,-0.0019190399169921875,-0.14,-0.011,-0.56,-0.00024700383454493,10,1,100,0.012823063932936597,-10,-1,-100,13411.096680724178,-0.0011708544305295459,-2.2342213597549963e-05,0.999999314300129,31.85526033030313,-0.46265323239409084,-426.6862002466033,73.97293313215852,-89.9871826171875,3342.912841796875,True
1598628967.9100912,0,5,0.5,0.5,-0.0019360290527343752,-0.14,-0.011,-0.56,-0.00024359518779399123,10,1,100,0.012755492135653825,-10,-1,-100,13416.993098603562,-0.0011697048276607274,-2.232283661509329e-05,0.9999993156459194,31.82906490613782,-0.46216368339636776,-426.2308544657398,73.97352812338475,-89.9871826171875,3342.069580078125,True
1598628967.9599247,0,5,0.5,0.5,-0.0019145660400390625,-0.14,-0.011,-0.56,-0.0002507799322764482,10,1,100,0.012772571902107286,-10,-1,-100,13422.944204368163,-0.0011688206944686112,-2.2370477979640484e-05,0.9999993166786395,31.802906855955325,-0.4616748186410371,-425.7767185199245,73.97421315258399,-89.98721313476562,3341.2265625,True
1598628968.0081525,0,5,0.5,0.5,-0.0019315216064453126,-0.14,-0.011,-0.56,-0.0002580503420968688,10,1,100,0.012790273489868352,-10,-1,-100,13425.882647873252,-0.0011681837855625659,-2.247982600535342e-05,0.9999993174204173,31.7898856763085,-0.4614314959015012,-425.550638331638,73.97458026126488,-89.98721313476562,3340.80517578125,True
1598628968.0558984,0,5,0.5,0.5,-0.0019313873291015625,-0.14,-0.011,-0.56,-0.00020674659924028177,10,1,100,0.012762045944694086,-10,-1,-100,13428.858200803283,-0.0011673541733960584,-2.2112772160695726e-05,0.9999993183973974,31.77684678544267,-0.4611878397054436,-425.3239746318296,73.97487879671544,-89.98721313476562,3340.3837890625,True
1598628968.10379,0,5,0.5,0.5,-0.00190992431640625,-0.14,-0.011,-0.56,-0.00027430597723904855,10,1,100,0.01280127070494758,-10,-1,-100,13431.832776712603,-0.0011669628755946048,-2.2393585195509256e-05,0.9999993188478552,31.76374787103007,-0.46094361984764737,-425.09631684863024,73.97513420584758,-89.98724365234375,3339.962646484375,True
1598628968.1530447,0,5,0.5,0.5,-0.0019268798828125,-0.14,-0.011,-0.56,-0.0002533558260792339,10,1,100,0.012782069102305964,-10,-1,-100,13434.7546186588,-0.0011664387119491352,-2.2458350152765863e-05,0.9999993194579454,31.750691969184174,-0.4607002045866831,-424.8692177004889,73.97537838502305,-89.98724365234375,3339.54150390625,True
1598628968.201422,0,5,0.5,0.5,-0.0019267456054687501,-0.14,-0.011,-0.56,-0.0002122481677462147,10,1,100,0.012782982589050675,-10,-1,-100,13437.730171649251,-0.0011659764590587116,-2.2143308754329484e-05,0.9999993200040542,31.73761571217902,-0.46045642168171835,-424.64191863690894,73.9756261934279,-89.98724365234375,3339.12060546875,True
1598628968.249111,0,5,0.5,0.5,-0.0019266448974609375,-0.14,-0.011,-0.56,-0.000278718235685079,10,1,100,0.012767472479774524,-10,-1,-100,13440.70670071477,-0.0011654212300255737,-2.2461306794863796e-05,0.9999993206441925,31.7245424260499,-0.4602127045355145,-424.41475449676483,73.9758823910258,-89.98724365234375,3338.699462890625,True
1598628968.2991056,0,5,0.5,0.5,-0.0019265441894531251,-0.14,-0.011,-0.56,-0.0002401460660320049,10,1,100,0.012764656498378091,-10,-1,-100,13443.644168072846,-0.0011648969351901789,-2.2399412151109703e-05,0.9999993212564682,31.711491864871714,-0.4599690311481901,-424.18797466631673,73.97614399404463,-89.98724365234375,3338.278564453125,True
1598628968.347038,0,5,0.5,0.5,-0.0019264434814453126,-0.14,-0.011,-0.56,-0.0002559368962393926,10,1,100,0.012747550437077447,-10,-1,-100,13446.619720571325,-0.0011642707503977433,-2.2486633658269743e-05,0.9999993219837556,31.69842889534695,-0.4597254126965014,-423.9610865789555,73.97640810585791,-89.98724365234375,3337.857666015625,True
1598628968.3950055,0,5,0.5,0.5,-0.0019263763427734375,-0.14,-0.011,-0.56,-0.00021012342450510874,10,1,100,0.01277666140401343,-10,-1,-100,13449.596250168514,-0.0011639721218132488,-2.2149308539866546e-05,0.9999993223389244,31.685381586485782,-0.459481985216502,-423.7344488959394,73.9766704993408,-89.98724365234375,3337.436767578125,True
1598628968.4422905,0,5,0.5,0.5,-0.0019263092041015627,-0.14,-0.011,-0.56,-0.0002517843340358443,10,1,100,0.0127336535494444,-10,-1,-100,13452.516138796462,-0.0011633148723365786,-2.222154263530235e-05,0.9999993231021264,31.672348660137832,-0.4592389288975597,-423.5080579466221,73.97693459546345,-89.98724365234375,3337.01611328125,True
1598628968.4907706,0,5,0.5,0.5,-0.0019262756347656251,-0.14,-0.011,-0.56,-0.0002803701427360318,10,1,100,0.012738941995135918,-10,-1,-100,13455.49266793998,-0.001162770454884194,-2.2547216378740547e-05,0.9999993237280176,31.65932240972443,-0.45899580790119393,-423.2818257568264,73.9772030915427,-89.98724365234375,3336.59521484375,True
1598628968.5399196,0,5,0.5,0.5,-0.0019262420654296876,-0.14,-0.011,-0.56,-0.00022462308377545903,10,1,100,0.012747562263566782,-10,-1,-100,13458.557088010595,-0.0011623588172138325,-2.2336430709157895e-05,0.9999993242113036,31.646265842970354,-0.458752314444915,-423.05526256795173,73.97747562735373,-89.98724365234375,3336.174560546875,True
1598628968.5889478,0,5,0.5,0.5,-0.00190484619140625,-0.14,-0.011,-0.56,-0.000233174946127709,10,1,100,0.012721516107563193,-10,-1,-100,13461.775805180776,-0.0011617523591463642,-2.222234825042279e-05,0.9999993249185839,31.63325155871367,-0.4585095865699513,-422.8293229515695,73.97775071320824,-89.98727416992188,3335.75390625,True
1598628968.641808,0,5,0.5,0.5,-0.0019219024658203125,-0.14,-0.011,-0.56,-0.00024679217196244213,10,1,100,0.012692519511667687,-10,-1,-100,13464.881240499206,-0.0011609421650463868,-2.2242585556383985e-05,0.9999993258590512,31.620229635310686,-0.4582668552954457,-422.6033544194653,73.97802955059534,-89.98727416992188,3335.33349609375,True
1598628968.6860578,0,5,0.5,0.5,-0.0019005065917968751,-0.14,-0.011,-0.56,-0.0002510569157473927,10,1,100,0.012747906563928046,-10,-1,-100,13467.801129314583,-0.0011607141404732313,-2.2299949654935877e-05,0.999999326122471,31.60722768772001,-0.4580245815236596,-422.37769546291355,73.97830702546415,-89.9873046875,3334.9130859375,True
1598628968.7359343,0,5,0.5,0.5,-0.0019175292968750003,-0.14,-0.011,-0.56,-0.00022950714967065472,10,1,100,0.012679838428206028,-10,-1,-100,13470.776682352298,-0.0011598928280988766,-2.2156049470284883e-05,0.9999993270786418,31.59422396170668,-0.45778214183656374,-422.15204667387104,73.97858188056017,-89.9873046875,3334.49267578125,True
1598628968.784926,0,5,0.5,0.5,-0.0019174621582031253,-0.14,-0.011,-0.56,-0.00027721682200966286,10,1,100,0.01270369600510168,-10,-1,-100,13473.754187786719,-0.001159368093368448,-2.2459232921251852e-05,0.9999993276803775,31.581209680405955,-0.457539678476727,-421.9263075282073,73.97885608345483,-89.9873046875,3334.072265625,True
1598628968.833234,0,5,0.5,0.5,-0.0018960327148437501,-0.14,-0.011,-0.56,-0.00023929347452772404,10,1,100,0.012719316408895547,-10,-1,-100,13476.689701679861,-0.0011590380916860223,-2.239004215341316e-05,0.9999993280644681,31.568218783266698,-0.4572977119947531,-421.70093397076243,73.97913128438329,-89.98733520507812,3333.65185546875,True
1598628968.8850458,0,5,0.5,0.5,-0.0019130218505859378,-0.14,-0.011,-0.56,-0.00023531024464571273,10,1,100,0.012668249323737196,-10,-1,-100,13479.667207540479,-0.0011582786008902974,-2.2291018085091388e-05,0.9999993289466715,31.555245719804397,-0.4570557662167278,-421.4758495768123,73.97940729585764,-89.98733520507812,3333.23193359375,True
1598628968.9352577,0,5,0.5,0.5,-0.0019129211425781252,-0.14,-0.011,-0.56,-0.00024661609422337374,10,1,100,0.012671283293329054,-10,-1,-100,13482.642760600895,-0.0011576209121822215,-2.2303647828645583e-05,0.9999993297079608,31.542251527053377,-0.45681343730971813,-421.2505127089646,73.97967956642837,-89.98733520507812,3332.8115234375,True
1598628969.026972,0,5,0.5,0.5,-0.0019128204345703129,-0.14,-0.011,-0.56,-0.00021889496914108061,10,1,100,0.01266753965297548,-10,-1,-100,13485.564602310304,-0.0011569941565899877,-2.2063044544589146e-05,0.9999993304386477,31.529262779652022,-0.45657130620535075,-421.02529879210783,73.97995221273018,-89.98733520507812,3332.3916015625,True
1598628969.0768816,0,5,0.5,0.5,-0.0018913574218750002,-0.14,-0.011,-0.56,-0.000276026215275909,10,1,100,0.012606347170407692,-10,-1,-100,13491.461996818776,-0.0011558733346630626,-2.2364129407430963e-05,0.9999993317281167,31.50332043645251,-0.45608760739058835,-420.57553632211307,73.98050657552977,-89.98736572265625,3331.551513671875,True
1598628969.1269555,0,5,0.5,0.5,-0.0019083129882812504,-0.14,-0.011,-0.56,-0.0002579430741301096,10,1,100,0.01265321127377489,-10,-1,-100,13494.45317485754,-0.0011552863388351515,-2.247342554623601e-05,0.9999993324039873,31.490339590844396,-0.455845745972134,-420.3507591903923,73.98081208251,-89.98736572265625,3331.131591796875,True
1598628969.181054,0,5,0.5,0.5,-0.0018868499755859377,-0.14,-0.011,-0.56,-0.00024025868312185886,10,1,100,0.012663727128953858,-10,-1,-100,13497.428727179766,-0.0011548541831480513,-2.2411790229351213e-05,0.9999993329045411,31.477419026916053,-0.45560466063214655,-420.1268497115391,73.9811207404448,-89.98739624023438,3330.711669921875,True
1598628969.230836,0,5,0.5,0.5,-0.0019038055419921876,-0.14,-0.011,-0.56,-0.00024947703937509494,10,1,100,0.012637366529729525,-10,-1,-100,13500.35056929104,-0.0011542272070594647,-2.243940753932812e-05,0.9999993336277918,31.464470008689172,-0.45536302522039995,-419.9024647178266,73.98140340315874,-89.98739624023438,3330.2919921875,True
1598628969.2788653,0,5,0.5,0.5,-0.0019037048339843753,-0.14,-0.011,-0.56,-0.00026204907691232296,10,1,100,0.012641646250237325,-10,-1,-100,13503.323192356853,-0.0011537020325593785,-2.2578678655205207e-05,0.99999933423069,31.451503555300082,-0.45512145457955344,-419.6780485969946,73.98171292893822,-89.98739624023438,3329.8720703125,True
1598628969.3238134,0,5,0.5,0.5,-0.0019036041259765627,-0.14,-0.011,-0.56,-0.00023972452455433464,10,1,100,0.012615558654991733,-10,-1,-100,13506.301674871705,-0.0011529930692348307,-2.2501954076216373e-05,0.9999993350501011,31.438558015387724,-0.4548799966942292,-419.45389259683066,73.98201114562451,-89.98739624023438,3329.452392578125,True
1598628969.371951,0,5,0.5,0.5,-0.0018821411132812502,-0.14,-0.011,-0.56,-0.0002701029055717301,10,1,100,0.012622437064788328,-10,-1,-100,13509.240118135815,-0.0011524168835962414,-2.2708332721698334e-05,0.9999993357096084,31.425637151466177,-0.454639070013188,-419.23007202849055,73.9823007915682,-89.9874267578125,3329.03271484375,True
1598628969.4220695,0,5,0.5,0.5,-0.0019204925537109378,-0.14,-0.011,-0.56,-0.00022058336188649475,10,1,100,0.012599203750412848,-10,-1,-100,13512.21567064349,-0.0011516878858014647,-2.2445482647208627e-05,0.999999336555387,31.41272088348177,-0.4543986519184392,-419.0062256422189,73.98256623764462,-89.98739624023438,3328.61328125,True
1598628969.4787736,0,5,0.5,0.5,-0.0019033355712890626,-0.14,-0.011,-0.56,-0.00024336693461715674,10,1,100,0.012626072390256541,-10,-1,-100,13515.189270585659,-0.001151275412454873,-2.241351100016753e-05,0.9999993370310599,31.39977292257286,-0.45415715850797156,-418.7819716409053,73.98282628566454,-89.98739624023438,3328.19384765625,True
1598628969.5278866,0,5,0.5,0.5,-0.0018819061279296877,-0.14,-0.011,-0.56,-0.00027498113791960357,10,1,100,0.012622288938375126,-10,-1,-100,13518.113064954989,-0.0011508718103042561,-2.2671747839087396e-05,0.9999993374898146,31.38684260009576,-0.4539161712664264,-418.5580043883436,73.98308702048136,-89.9874267578125,3327.7744140625,True
1598628969.5708992,0,5,0.5,0.5,-0.0018988952636718752,-0.14,-0.011,-0.56,-0.000255530756497978,10,1,100,0.012584026714992053,-10,-1,-100,13521.08861806069,-0.0011501626266332,-2.272913358582295e-05,0.9999993383044404,31.37392039883233,-0.4536751172652108,-418.33437713911803,73.98337954603993,-89.9874267578125,3327.35498046875,True
1598628969.619971,0,5,0.5,0.5,-0.0018774658203125,-0.14,-0.011,-0.56,-0.00024875352818368895,10,1,100,0.012587562056009494,-10,-1,-100,13524.078819209826,-0.0011495552452215163,-2.2719359458017744e-05,0.9999993390030659,31.361001345160208,-0.4534342167278309,-418.11086158026785,73.98367698395644,-89.98745727539062,3326.935791015625,True
1598628969.667971,0,5,0.5,0.5,-0.0018944549560546877,-0.14,-0.011,-0.56,-0.0002626377015913642,10,1,100,0.012582123538578835,-10,-1,-100,13527.001637457754,-0.0011489588493193558,-2.2836470069253893e-05,0.9999993396858111,31.348110232561513,-0.45319333166289943,-417.8876128585994,73.98394601381037,-89.98745727539062,3326.5166015625,True
1598628969.717495,0,5,0.5,0.5,-0.0018730255126953126,-0.14,-0.011,-0.56,-0.00024499354796087935,10,1,100,0.012595777299316213,-10,-1,-100,13529.97621374845,-0.0011485461557184848,-2.2782146792064255e-05,0.9999993401611335,31.335184582788557,-0.4529524075966809,-417.66393522418537,73.98421281366072,-89.98748779296875,3326.097412109375,True
1598628969.7659287,0,5,0.5,0.5,-0.0018900146484375,-0.14,-0.011,-0.56,-0.00021579242933773298,10,1,100,0.012573059535973208,-10,-1,-100,13532.898055720609,-0.0011479696191885212,-2.2466985698724403e-05,0.9999993408302766,31.322284390125656,-0.45271172687132405,-417.4406204197238,73.98447543902535,-89.98748779296875,3325.67822265625,True
1598628969.8133016,0,5,0.5,0.5,-0.0018685516357421876,-0.14,-0.011,-0.56,-0.000288854735222651,10,1,100,0.012561114386156867,-10,-1,-100,13535.873608001159,-0.0011473421140841974,-2.284477993369332e-05,0.9999993415418778,31.309370239234227,-0.452470870725203,-417.2171700935901,73.98473829494256,-89.98751831054688,3325.25927734375,True
1598628969.863275,0,5,0.5,0.5,-0.0018855072021484376,-0.14,-0.011,-0.56,-0.0002475832277515335,10,1,100,0.012574481526060877,-10,-1,-100,13538.863809157396,-0.0011468983115840764,-2.2812722055875378e-05,0.9999993420517049,31.296472911293655,-0.452230272734519,-416.9940135830366,73.98500439140452,-89.98751831054688,3324.84033203125,True
1598628969.9178803,0,5,0.5,0.5,-0.0019067687988281253,-0.14,-0.011,-0.56,-0.0002530195247172749,10,1,100,0.012572894196899841,-10,-1,-100,13541.78662752267,-0.0011464854413843317,-2.2832904512698374e-05,0.9999993425246796,31.283593494992616,-0.45199002421085355,-416.7711725970124,73.98527620789135,-89.98748779296875,3324.42138671875,True
1598628969.9640622,0,5,0.5,0.5,-0.0018895782470703126,-0.14,-0.011,-0.56,-0.0002360458629593909,10,1,100,0.012521001512032854,-10,-1,-100,13544.762180466438,-0.001145643082653425,-2.2696593983042616e-05,0.9999993434931804,31.27070105710677,-0.45174992721566715,-416.54822525388664,73.98555081201985,-89.98748779296875,3324.00244140625,True
1598628970.0118105,0,5,0.5,0.5,-0.0018894775390625002,-0.14,-0.011,-0.56,-0.00024782951080325763,10,1,100,0.012544638238985066,-10,-1,-100,13547.73870953871,-0.001145097301624713,-2.267954204286083e-05,0.9999993441186891,31.257808953400673,-0.45150975553238004,-416.32532921100596,73.98582523517376,-89.98748779296875,3323.583740234375,True
1598628970.061814,0,5,0.5,0.5,-0.0018894104003906252,-0.14,-0.011,-0.56,-0.00024272713800469777,10,1,100,0.01254079223665916,-10,-1,-100,13550.659574861755,-0.0011445714229489934,-2.2617647986159776e-05,0.9999993447221353,31.244949074776645,-0.45127009347668573,-416.1028987170305,73.98609795001934,-89.98748779296875,3323.1650390625,True
1598628970.1122046,0,5,0.5,0.5,-0.0018893432617187501,-0.14,-0.011,-0.56,-0.0002445730236275928,10,1,100,0.01251816488223854,-10,-1,-100,13553.652705151704,-0.0011438927311160465,-2.2578262790821194e-05,0.9999993454996067,31.23208565352778,-0.45103028048023186,-415.88044959590883,73.98636701974638,-89.98748779296875,3322.746337890625,True
1598628970.1621578,0,5,0.5,0.5,-0.0018679473876953125,-0.14,-0.011,-0.56,-0.00025233967054588143,10,1,100,0.012518602499421681,-10,-1,-100,13556.626304989913,-0.0011432848646187647,-2.2613192218558922e-05,0.9999993461939672,31.219206877580437,-0.4507903354820694,-415.6578527039643,73.98663732123552,-89.98751831054688,3322.32763671875,True
1598628970.212148,0,5,0.5,0.5,-0.0018849700927734377,-0.14,-0.011,-0.56,-0.0002625030962030569,10,1,100,0.01253557103871739,-10,-1,-100,13559.550100038876,-0.0011428916763281973,-2.27375440023409e-05,0.9999993466405968,31.206352913628937,-0.4505510402139338,-415.43566185547746,73.98691224678869,-89.98751831054688,3321.9091796875,True
1598628970.2687557,0,5,0.5,0.5,-0.0018849365234375002,-0.14,-0.011,-0.56,-0.00023916680060460303,10,1,100,0.01251986583969833,-10,-1,-100,13562.523699645419,-0.001142396598326954,-2.263848348469287e-05,0.9999993472085426,31.1934853509919,-0.4503115742814201,-415.2133575642305,73.9871900508926,-89.98751831054688,3321.49072265625,True
1598628970.358058,0,5,0.5,0.5,-0.0018635406494140626,-0.14,-0.011,-0.56,-0.00027587625961327314,10,1,100,0.012492927452520786,-10,-1,-100,13565.445541205816,-0.0011417066993704473,-2.2881994916195324e-05,0.9999993479909008,31.18063763107437,-0.4500724402263036,-414.9913596439384,73.98746820660796,-89.987548828125,3321.072265625,True
1598628970.41211,0,5,0.5,0.5,-0.0018805969238281251,-0.14,-0.011,-0.56,-0.00021500645389788787,10,1,100,0.012430006145768507,-10,-1,-100,13571.41324815771,-0.001140512629725615,-2.254997324289178e-05,0.9999993493610084,31.154935235729432,-0.44959444955452815,-414.5474954043082,73.98803839593886,-89.987548828125,3320.235595703125,True
1598628970.4541957,0,5,0.5,0.5,-0.0018805633544921876,-0.14,-0.011,-0.56,-0.00026925066666484427,10,1,100,0.012479685967178286,-10,-1,-100,13574.336066515418,-0.0011398845517720912,-2.2741503427599962e-05,0.9999993500728052,31.142128304151537,-0.44935620937423054,-414.32648344517537,73.98836969849629,-89.987548828125,3319.8173828125,True
1598628970.503852,0,5,0.5,0.5,-0.0018804962158203127,-0.14,-0.011,-0.56,-0.00024738748527541367,10,1,100,0.012487350792392316,-10,-1,-100,13577.308689559111,-0.0011393892528522992,-2.271694867478085e-05,0.9999993506378246,31.12930878673713,-0.44911769676063207,-414.10553730990677,73.988734996957,-89.987548828125,3319.399169921875,True
1598628970.5508883,0,5,0.5,0.5,-0.0018804290771484377,-0.14,-0.011,-0.56,-0.00026104804955245085,10,1,100,0.012471545293462154,-10,-1,-100,13580.286195088294,-0.0011388009800529424,-2.281879461592587e-05,0.9999993513056049,31.116498921534777,-0.4488792613458064,-413.8842570751199,73.98900727546636,-89.987548828125,3318.98095703125,True
1598628970.6045086,0,5,0.5,0.5,-0.0018803619384765626,-0.14,-0.011,-0.56,-0.00022521911372121658,10,1,100,0.012471842983031813,-10,-1,-100,13583.222685419256,-0.0011382746167964983,-2.2585537643434606e-05,0.9999993519101851,31.103686991398362,-0.44864143255612277,-413.6629238064731,73.98926716981448,-89.987548828125,3318.56298828125,True
1598628970.693845,0,5,0.5,0.5,-0.0018589324951171875,-0.14,-0.011,-0.56,-0.00025078100384179244,10,1,100,0.012446945942813686,-10,-1,-100,13586.199214355438,-0.0011375754923851594,-2.2605895860759353e-05,0.9999993527052767,31.090866013652466,-0.4484033097318778,-413.44150332598576,73.98952388764013,-89.98757934570312,3318.14501953125,True
1598628970.741784,0,5,0.5,0.5,-0.001854559326171875,-0.14,-0.011,-0.56,-0.00024333268660836993,10,1,100,0.012394800797555706,-10,-1,-100,13592.096608876484,-0.0011364716209077159,-2.255666623523261e-05,0.9999993539615171,31.06521904805643,-0.44792750117272595,-412.9988481094561,73.99005700112224,-89.98760986328125,3317.309326171875,True
1598628970.7898524,0,5,0.5,0.5,-0.0018715484619140626,-0.14,-0.011,-0.56,-0.0002520922565030097,10,1,100,0.012437578196934078,-10,-1,-100,13595.071185067063,-0.0011358631806895807,-2.2591595871053503e-05,0.9999993546520191,31.05242515096335,-0.447689945210065,-412.77822953614424,73.99036802455397,-89.98760986328125,3316.891357421875,True
1598628970.8379922,0,5,0.5,0.5,-0.0018714477539062502,-0.14,-0.011,-0.56,-0.00021721051970585408,10,1,100,0.01243199939687654,-10,-1,-100,13598.007675064262,-0.0011352657263958789,-2.2306376067399524e-05,0.9999993553368702,31.039647327823843,-0.4474527837791597,-412.5577407585622,73.99065486386817,-89.98760986328125,3316.4736328125,True
1598628970.8871026,0,5,0.5,0.5,-0.0018499847412109375,-0.14,-0.011,-0.56,-0.000271681266723847,10,1,100,0.012412890478719761,-10,-1,-100,13600.985180687974,-0.0011345553513019348,-2.2542575861893383e-05,0.9999993561377863,31.026834970334964,-0.4472150732554071,-412.3366825960484,73.990913512002,-89.98764038085938,3316.055908203125,True
1598628970.9357746,0,5,0.5,0.5,-0.001866973876953125,-0.14,-0.011,-0.56,-0.0001969684115945009,10,1,100,0.01241967735137588,-10,-1,-100,13603.96073337039,-0.0011339777558298308,-2.2078403736670382e-05,0.9999993568032899,31.014045384856182,-0.44697799636730134,-412.1159834669084,73.9911730582674,-89.98764038085938,3315.638427734375,True
1598628970.9823327,0,5,0.5,0.5,-0.0018455108642578125,-0.14,-0.011,-0.56,-0.0002914367957642591,10,1,100,0.012448065445100721,-10,-1,-100,13606.881598458975,-0.0011337166834107764,-2.2515661269380203e-05,0.9999993570895567,31.001264085993473,-0.446741065593583,-411.895440680882,73.99143119658802,-89.9876708984375,3315.220947265625,True
1598628971.0381956,0,5,0.5,0.5,-0.0018624664306640625,-0.14,-0.011,-0.56,-0.0002335176358092054,10,1,100,0.012389798578316012,-10,-1,-100,13609.874729487812,-0.0011329552532121036,-2.2386835610577933e-05,0.9999993579554057,30.98844844402017,-0.44650384909094426,-411.67446798492654,73.99168587690332,-89.9876708984375,3314.803466796875,True
1598628971.0890932,0,5,0.5,0.5,-0.0018623321533203126,-0.14,-0.011,-0.56,-0.00027726079021357257,10,1,100,0.012392739029449679,-10,-1,-100,13612.84832901333,-0.0011322956244051072,-2.2667686518128483e-05,0.9999993586961917,30.975676367511582,-0.4462673174182157,-411.45413404675764,73.991943073203,-89.9876708984375,3314.385986328125,True
1598628971.131978,0,5,0.5,0.5,-0.0018621978759765625,-0.14,-0.011,-0.56,-0.00020794964553604145,10,1,100,0.012406912751112973,-10,-1,-100,13615.77017057885,-0.001131830727828093,-2.2293041580740334e-05,0.9999993592309067,30.962897924453195,-0.44603097171240763,-411.2339462550472,73.99223243072062,-89.9876708984375,3313.968505859375,True
1598628971.18028,0,5,0.5,0.5,-0.0018620635986328125,-0.14,-0.011,-0.56,-0.0002713478919264204,10,1,100,0.012367772807818474,-10,-1,-100,13618.747676435625,-0.0011310581349908287,-2.2529068873993366e-05,0.9999993600997634,30.95012920295634,-0.44579478314763143,-411.0139854151922,73.99253154732092,-89.9876708984375,3313.55126953125,True
1598628971.229984,0,5,0.5,0.5,-0.001861962890625,-0.14,-0.011,-0.56,-0.00022375261074827267,10,1,100,0.012391037793883364,-10,-1,-100,13621.72127592226,-0.0011305732026097187,-2.2311024608955475e-05,0.9999993606530215,30.93739672251165,-0.44555914801692115,-410.7943965525628,73.99280207689547,-89.9876708984375,3313.134033203125,True
1598628971.2789412,0,5,0.5,0.5,-0.0018618957519531251,-0.14,-0.011,-0.56,-0.00021250020038318836,10,1,100,0.012366362647538999,-10,-1,-100,13624.657766149146,-0.001129913397676759,-2.2010731220716878e-05,0.9999993614054169,30.924631955772384,-0.4453229984074537,-410.5744123451774,73.9930699629345,-89.9876708984375,3312.716796875,True
1598628971.3268394,0,5,0.5,0.5,-0.00186182861328125,-0.14,-0.011,-0.56,-0.00023896242204850656,10,1,100,0.01236597950743543,-10,-1,-100,13627.636248432216,-0.0011293155008122292,-2.197883094168499e-05,0.9999993620815119,30.911894098305858,-0.4450871764236261,-410.3548235369516,73.99333546668498,-89.9876708984375,3312.2998046875,True
1598628971.3748422,0,5,0.5,0.5,-0.0018403991699218751,-0.14,-0.011,-0.56,-0.0002689172084313869,10,1,100,0.01237620531719068,-10,-1,-100,13630.557113598567,-0.0011288703294109624,-2.2222444696160106e-05,0.9999993625787679,30.899120978028712,-0.44485120583331006,-410.13482365571923,73.99360345580281,-89.98770141601562,3311.8828125,True
1598628971.4239476,0,5,0.5,0.5,-0.0018574218750000003,-0.14,-0.011,-0.56,-0.0002450895692827183,10,1,100,0.012376781808071308,-10,-1,-100,13633.533642663504,-0.00112847603716499,-2.222758787266389e-05,0.9999993630236812,30.886360409116435,-0.44461567261471374,-409.91502692809814,73.9938697709356,-89.98770141601562,3311.4658203125,True
1598628971.4731102,0,5,0.5,0.5,-0.0018573547363281253,-0.14,-0.011,-0.56,-0.00023370135206167414,10,1,100,0.012340868656583358,-10,-1,-100,13636.523843555246,-0.0011277961080357292,-2.2128598618261483e-05,0.9999993637929296,30.873638038110183,-0.4443804393482405,-409.69577500447633,73.99413367634634,-89.98770141601562,3311.048828125,True
1598628971.5222414,0,5,0.5,0.5,-0.0018573211669921878,-0.14,-0.011,-0.56,-0.00024986255953573654,10,1,100,0.012341268157329412,-10,-1,-100,13639.448615003843,-0.0011271870048117061,-2.218588033006997e-05,0.9999993644784194,30.86090123900064,-0.44414517745122356,-409.47639832064766,73.99440137180775,-89.98770141601562,3310.6318359375,True
1598628971.569888,0,5,0.5,0.5,-0.0018572875976562502,-0.14,-0.011,-0.56,-0.00022338870199819805,10,1,100,0.012341410267850697,-10,-1,-100,13642.421238038223,-0.0011266398103840609,-2.199746586799143e-05,0.999999365099223,30.848167831353148,-0.44391032805915487,-409.25713362166744,73.99467241286604,-89.98770141601562,3310.215087890625,True
1598628971.6166449,0,5,0.5,0.5,-0.0018572540283203127,-0.14,-0.011,-0.56,-0.00023454478045279155,10,1,100,0.012340969375870807,-10,-1,-100,13645.395814019488,-0.0011261434944445853,-2.1928208179916462e-05,0.9999993656597906,30.83544222965727,-0.44367540002282757,-409.0379951320027,73.99493901722681,-89.98770141601562,3309.79833984375,True
1598628971.6671884,0,5,0.5,0.5,-0.0018572204589843752,-0.14,-0.011,-0.56,-0.00026496113193002243,10,1,100,0.012320822064863556,-10,-1,-100,13648.334257110138,-0.0011255143109753449,-2.214209059818752e-05,0.9999993663634312,30.822707124893466,-0.4434405208057563,-408.81881206270515,73.99521112863789,-89.98770141601562,3309.3818359375,True
1598628971.7141776,0,5,0.5,0.5,-0.0018571868896484379,-0.14,-0.011,-0.56,-0.0002473592253999498,10,1,100,0.012332969952206774,-10,-1,-100,13649.010004857439,-0.001125057801182806,-2.21768636265931e-05,0.9999993668763649,30.810022148847327,-0.4432060268440497,-408.60030632457966,73.99547704467874,-89.98770141601562,3308.965087890625,True
1598628971.762848,0,5,0.5,0.5,-0.0018357910156250002,-0.14,-0.011,-0.56,-0.0002616586379009068,10,1,100,0.012308849496338214,-10,-1,-100,13651.835166937672,-0.0011244285294102626,-2.2338592094227202e-05,0.9999993675805348,30.79730016550625,-0.44297141915349664,-408.381324555896,73.99573797885519,-89.98773193359375,3308.548583984375,True
1598628971.8117793,0,5,0.5,0.5,-0.0018314514160156252,-0.14,-0.011,-0.56,-0.0002059488220762348,10,1,100,0.012305410894835845,-10,-1,-100,13654.406422644272,-0.0011238301903927167,-2.197886704742163e-05,0.9999993682611167,30.78459859889262,-0.4427373701467658,-408.16278895913536,73.99602174385353,-89.98776245117188,3308.132080078125,True
1598628971.8689537,0,5,0.5,0.5,-0.0018484405517578126,-0.14,-0.011,-0.56,-0.00023348919627795296,10,1,100,0.012304475594343684,-10,-1,-100,13657.398576795706,-0.0011232827297454004,-2.1902211282972425e-05,0.999999368877902,30.77189803188392,-0.4425030524753774,-407.9443370026742,73.9963092814333,-89.98776245117188,3307.715576171875,True
1598628971.9119382,0,5,0.5,0.5,-0.0018483734130859378,-0.14,-0.011,-0.56,-0.00025317765819707426,10,1,100,0.012313047860392189,-10,-1,-100,13660.317488908768,-0.0011228680475752497,-2.201180136311351e-05,0.9999993693412152,30.759172316295032,-0.44226845504388057,-407.7256521338594,73.99660826301832,-89.98776245117188,3307.29931640625,True
1598628971.9618683,0,5,0.5,0.5,-0.0018483062744140627,-0.14,-0.011,-0.56,-0.0002476710610240453,10,1,100,0.01226889223293397,-10,-1,-100,13663.295971247484,-0.0011220947471614832,-2.206156490395019e-05,0.9999993702081346,30.746513922630033,-0.4420350498017214,-407.5079481029959,73.99691473247483,-89.98776245117188,3306.8828125,True
1598628972.008998,0,5,0.5,0.5,-0.0018268768310546876,-0.14,-0.011,-0.56,-0.00023015603969250733,10,1,100,0.012300027390579386,-10,-1,-100,13666.270547284628,-0.0011216799767283577,-2.1947637959618928e-05,0.9999993706759674,30.733844609079547,-0.44180154368311575,-407.2901026746898,73.99721333484659,-89.98779296875,3306.466552734375,True
1598628972.0599616,0,5,0.5,0.5,-0.0018438659667968753,-0.14,-0.011,-0.56,-0.00026831499835042356,10,1,100,0.01227389878902764,-10,-1,-100,13669.20801331033,-0.0011210703863460307,-2.2191184218362883e-05,0.9999993713541724,30.721184961591394,-0.44156821814298625,-407.07233237849834,73.99749275794876,-89.98779296875,3306.05029296875,True
1598628972.1079206,0,5,0.5,0.5,-0.0018437652587890627,-0.14,-0.011,-0.56,-0.0002437412265964278,10,1,100,0.012288666369090397,-10,-1,-100,13672.183566058404,-0.0011206555271117931,-2.2189015875502543e-05,0.9999993718192214,30.70850213014566,-0.44133456510541585,-406.8541596497025,73.9977455944978,-89.98779296875,3305.63427734375,True
1598628972.1618748,0,5,0.5,0.5,-0.00182230224609375,-0.14,-0.011,-0.56,-0.00023229105478857515,10,1,100,0.0122525488604175,-10,-1,-100,13675.511657537543,-0.0011199550304266716,-2.208271508583486e-05,0.999999372606345,30.695816053249132,-0.4411008885337893,-406.63598114313356,73.99799745436412,-89.98782348632812,3305.21826171875,True
1598628972.2038345,0,5,0.5,0.5,-0.0018392578125000002,-0.14,-0.011,-0.56,-0.00023037001962290815,10,1,100,0.012263982065156942,-10,-1,-100,13678.080960463034,-0.001119427207374691,-2.1968668026005766e-05,0.9999993731998561,30.68313288641983,-0.4408674671575358,-406.41802603913914,73.99827494581166,-89.98782348632812,3304.80224609375,True
1598628972.251872,0,5,0.5,0.5,-0.0018391235351562503,-0.14,-0.011,-0.56,-0.0002595383120211829,10,1,100,0.012252534244285893,-10,-1,-100,13681.056512961048,-0.001118848415859343,-2.213034444396417e-05,0.9999993738440391,30.670462970727876,-0.4406341088928753,-406.20056717901224,73.99860247550428,-89.98782348632812,3304.38623046875,True
1598628972.301251,0,5,0.5,0.5,-0.0018176605224609376,-0.14,-0.011,-0.56,-0.00024310184818496873,10,1,100,0.012260793975676962,-10,-1,-100,13684.048666783026,-0.0011184024030521736,-2.212808992327919e-05,0.9999993743430104,30.657823498184783,-0.44040148750149444,-405.9832964035086,73.99888231348957,-89.98785400390625,3303.97021484375,True
1598628972.3480196,0,5,0.5,0.5,-0.001834649658203125,-0.14,-0.011,-0.56,-0.00025867167922148285,10,1,100,0.012250184608151651,-10,-1,-100,13686.971485055401,-0.0011179054224202808,-2.2267448620374013e-05,0.9999993748956182,30.645202828024708,-0.44016913005790664,-405.7662961237338,73.99915671249673,-89.98785400390625,3303.554443359375,True
1598628972.395804,0,5,0.5,0.5,-0.0018345489501953127,-0.14,-0.011,-0.56,-0.0002141988182916643,10,1,100,0.012226654389903065,-10,-1,-100,13689.94508442725,-0.0011172445992320504,-2.1989507575336954e-05,0.9999993756402887,30.632554980961295,-0.43993628189008155,-405.5489749070891,73.99943035312609,-89.98785400390625,3303.138671875,True
1598628972.4450004,0,5,0.5,0.5,-0.0018344482421875001,-0.14,-0.011,-0.56,-0.00026139695851955464,10,1,100,0.012245292521743755,-10,-1,-100,13692.865949809202,-0.0011168184006670682,-2.2165928167182065e-05,0.999999376112471,30.619897443504062,-0.4397034096935532,-405.33170316759185,73.99972811188248,-89.98785400390625,3302.722900390625,True
1598628972.4919977,0,5,0.5,0.5,-0.0018343475341796877,-0.14,-0.011,-0.56,-0.0002132145446293504,10,1,100,0.012230508078926134,-10,-1,-100,13695.861033284338,-0.001116301340079192,-2.1888193703254643e-05,0.9999993766959183,30.607280437173237,-0.43947134181100955,-405.1149321465289,74.00001011292288,-89.98785400390625,3302.307373046875,True
1598628972.5402348,0,5,0.5,0.5,-0.0018342803955078127,-0.14,-0.011,-0.56,-0.0002579469089813193,10,1,100,0.01221797993927723,-10,-1,-100,13699.185218550148,-0.001115722282490359,-2.2042419724935218e-05,0.9999993773387663,30.59462988315752,-0.43923869970827645,-404.8975849981484,74.00026021533195,-89.98785400390625,3301.891845703125,True
1598628972.5878768,0,5,0.5,0.5,-0.0018342132568359376,-0.14,-0.011,-0.56,-0.00024144562294787212,10,1,100,0.012235269150633608,-10,-1,-100,13702.259403757867,-0.0011153579030618013,-2.20327487484257e-05,0.9999993777454594,30.58199364615751,-0.4390062432831932,-404.6805751512,74.00052826308965,-89.98785400390625,3301.47607421875,True
1598628972.6368926,0,5,0.5,0.5,-0.0018127838134765627,-0.14,-0.011,-0.56,-0.0002503562652759033,10,1,100,0.012210878605559305,-10,-1,-100,13705.24862835207,-0.0011148097328297552,-2.210510485196922e-05,0.9999993783551187,30.56937995560347,-0.43877420756042734,-404.4639714838073,74.00080735694009,-89.98788452148438,3301.060791015625,True
1598628972.6847749,0,5,0.5,0.5,-0.0018298065185546877,-0.14,-0.011,-0.56,-0.00023220941212914804,10,1,100,0.012189053878629508,-10,-1,-100,13708.22613393073,-0.001114117667189985,-2.2005891381341793e-05,0.9999993791285895,30.556750550070685,-0.43854165951481267,-404.24715707341767,74.00107776853909,-89.98788452148438,3300.6455078125,True
1598628972.73785,0,5,0.5,0.5,-0.0018297393798828126,-0.14,-0.011,-0.56,-0.00024926833663193595,10,1,100,0.012203022579772821,-10,-1,-100,13711.147975550266,-0.0011136203316553012,-2.2070744609564627e-05,0.9999993796811273,30.544157128777375,-0.4383098580312331,-404.0307934375281,74.00133508247268,-89.98788452148438,3300.22998046875,True
1598628972.7799745,0,5,0.5,0.5,-0.0018296722412109376,-0.14,-0.011,-0.56,-0.00027449981861324304,10,1,100,0.01218291095977474,-10,-1,-100,13714.12255151372,-0.0011129901283367005,-2.2359133380355813e-05,0.9999993803763297,30.531531094828768,-0.43807765250289993,-403.8140496750523,74.00159313169644,-89.98788452148438,3299.81494140625,True
1598628972.8291955,0,5,0.5,0.5,-0.0018296386718750003,-0.14,-0.011,-0.56,-0.00022248832986629494,10,1,100,0.012196275002335225,-10,-1,-100,13717.060994650703,-0.0011125436277746275,-2.2148263234778202e-05,0.9999993808778738,30.518942844255363,-0.43784599019044734,-403.5979120197557,74.00186199213533,-89.98788452148438,3299.399658203125,True
1598628972.8771336,0,5,0.5,0.5,-0.0018296051025390627,-0.14,-0.011,-0.56,-0.0002203524649014588,10,1,100,0.012193463160042672,-10,-1,-100,13720.17521899892,-0.0011121170303288522,-2.1937254498559678e-05,0.9999993813570426,30.506309135136686,-0.43761372970861984,-403.3812283085868,74.00213280579733,-89.98788452148438,3298.984375,True
1598628972.9272406,0,5,0.5,0.5,-0.0018295715332031252,-0.14,-0.011,-0.56,-0.0002494435597685419,10,1,100,0.012165292095764202,-10,-1,-100,13723.15174817422,-0.0011114777753109823,-2.200994037631339e-05,0.9999993820661679,30.493739308219876,-0.4373826112488244,-403.1653957235287,74.00239602137357,-89.98788452148438,3298.5693359375,True
1598628972.9741814,0,5,0.5,0.5,-0.0018081756591796876,-0.14,-0.011,-0.56,-0.00025994553354742806,10,1,100,0.012188562711679708,-10,-1,-100,13726.074566161144,-0.0011111130405533835,-2.2171632742980158e-05,0.9999993824679243,30.48112976315938,-0.43715114454560106,-402.94906941525585,74.00265654618784,-89.9879150390625,3298.154296875,True
1598628973.0240965,0,5,0.5,0.5,-0.0018251983642578126,-0.14,-0.011,-0.56,-0.0002123926234716009,10,1,100,0.012144948594139135,-10,-1,-100,13729.065743828542,-0.001110389688159312,-2.1886068949224494e-05,0.9999993832776801,30.468528947834308,-0.4369195439648015,-402.7329809453374,74.00293094574789,-89.9879150390625,3297.739501953125,True
1598628973.07208,0,5,0.5,0.5,-0.0018251312255859378,-0.14,-0.011,-0.56,-0.00025134922797860555,10,1,100,0.012171018402250745,-10,-1,-100,13732.040319621097,-0.0011099739411423806,-2.1980758587488215e-05,0.9999993837371582,30.455950049513486,-0.43668860004265414,-402.5172317978763,74.00320701410318,-89.9879150390625,3297.324462890625,True
1598628973.1201549,0,5,0.5,0.5,-0.0018037017822265626,-0.14,-0.011,-0.56,-0.00022361028829354226,10,1,100,0.012137096613770519,-10,-1,-100,13742.623294012272,-0.0011092925039243677,-2.181471516164642e-05,0.9999993844969401,30.443372452168152,-0.43645762302860963,-402.3015359522159,74.00348113636707,-89.98794555664062,3296.90966796875,True
1598628973.1688995,0,5,0.5,0.5,-0.0018207244873046876,-0.14,-0.011,-0.56,-0.00026287965032648455,10,1,100,0.012161140834857493,-10,-1,-100,13745.597869959427,-0.0011088966150350607,-2.2021024783626375e-05,0.9999993849314968,30.430805468734068,-0.43622686814400696,-402.08602830042133,74.00375462397784,-89.98794555664062,3296.494873046875,True
1598628973.2176433,0,5,0.5,0.5,-0.0018206573486328126,-0.14,-0.011,-0.56,-0.00025673914356373834,10,1,100,0.012153247666540166,-10,-1,-100,13748.58904721972,-0.0011084697063802195,-2.2152742439035656e-05,0.9999993854018941,30.418250373530118,-0.43599630545042484,-401.8705639542034,74.00399928349903,-89.98794555664062,3296.080078125,True
1598628973.2671568,0,5,0.5,0.5,-0.0018205902099609377,-0.14,-0.011,-0.56,-0.0002441570221916838,10,1,100,0.012111441748538967,-10,-1,-100,13751.511865384062,-0.0011077062361896939,-2.2158028297089532e-05,0.9999993862477696,30.40567943652334,-0.43576547705341256,-401.65478810431483,74.00421581243226,-89.98794555664062,3295.66552734375,True
1598628973.31699,0,5,0.5,0.5,-0.0018205230712890627,-0.14,-0.011,-0.56,-0.0002376329505662128,10,1,100,0.012141503748337279,-10,-1,-100,13754.486441154033,-0.001107290266825698,-2.210370670334629e-05,0.9999993867096575,30.393100039765255,-0.4355347019773558,-401.43893879095936,74.00443091337033,-89.98794555664062,3295.2509765625,True
1598628973.3649037,0,5,0.5,0.5,-0.0018204559326171876,-0.14,-0.011,-0.56,-0.0002174178054742372,10,1,100,0.012122203358922029,-10,-1,-100,13757.40925952862,-0.0011067414305555166,-2.1870589895953955e-05,0.9999993873223538,30.380531608764375,-0.43530405902976993,-401.22329412468326,74.00464857933147,-89.98794555664062,3294.836669921875,True
1598628973.4128242,0,5,0.5,0.5,-0.0017990264892578124,-0.14,-0.011,-0.56,-0.0002536031506003504,10,1,100,0.012125181388721833,-10,-1,-100,13760.401413447107,-0.0011062744483987803,-2.198768381274614e-05,0.999999387836506,30.367978355273166,-0.4350739010191836,-401.0079103494217,74.00486918831186,-89.98797607421875,3294.422119140625,True
1598628973.4619853,0,5,0.5,0.5,-0.0018160156250000001,-0.14,-0.011,-0.56,-0.0002473673320663137,10,1,100,0.012109764311359,-10,-1,-100,13763.375989485416,-0.0011057144942138236,-2.2037463801851037e-05,0.9999993884547166,30.3554126002353,-0.4348434830849134,-400.79243767293923,74.00509515064067,-89.98797607421875,3294.0078125,True
1598628973.5098388,0,5,0.5,0.5,-0.001794586181640625,-0.14,-0.011,-0.56,-0.00025770747846078003,10,1,100,0.012095824202943832,-10,-1,-100,13766.295877957018,-0.0011050836244658518,-2.217684164002439e-05,0.9999993891489988,30.342866479317742,-0.43461346440940873,-400.5773094403323,74.00532812424323,-89.98800659179688,3293.593505859375,True
1598628973.559116,0,5,0.5,0.5,-0.0018115753173828125,-0.14,-0.011,-0.56,-0.00021159367656834805,10,1,100,0.012103590600343278,-10,-1,-100,13769.289984990843,-0.0011045855338201393,-2.188406804598642e-05,0.9999993897057569,30.33032812169308,-0.43438360685798155,-400.3623481030404,74.00556441662548,-89.98800659179688,3293.17919921875,True
1598628973.6097996,0,5,0.5,0.5,-0.0017901123046875,-0.14,-0.011,-0.56,-0.00025291468537391867,10,1,100,0.012083455341230894,-10,-1,-100,13772.262607858982,-0.0011039545748842174,-2.1993643668313e-05,0.9999993904001022,30.317776360147032,-0.43415355427545,-400.1472702649968,74.0058037797148,-89.988037109375,3292.76513671875,True
1598628973.6572492,0,5,0.5,0.5,-0.0018071014404296875,-0.14,-0.011,-0.56,-0.00023679651510102702,10,1,100,0.012084402948968915,-10,-1,-100,13775.186402252992,-0.001103394443130125,-2.1946566387486634e-05,0.9999993910193402,30.305246567452883,-0.4339238721743349,-399.93254010561424,74.00604543070965,-89.988037109375,3292.35107421875,True
1598628973.70472,0,5,0.5,0.5,-0.0018070007324218751,-0.14,-0.011,-0.56,-0.0002527342915284408,10,1,100,0.012079459561364404,-10,-1,-100,13778.160978039261,-0.0011028452945317318,-2.2048725425526554e-05,0.9999993916228701,30.292711179051434,-0.433694156921192,-399.71779227606095,74.00628862799628,-89.988037109375,3291.93701171875,True
1598628973.7528198,0,5,0.5,0.5,-0.0018069000244140625,-0.14,-0.011,-0.56,-0.00020292854566246615,10,1,100,0.012102621900287033,-10,-1,-100,13781.10039786552,-0.0011025617483523514,-2.1688912331338992e-05,0.9999993919434061,30.280187391697257,-0.4334647954255633,-399.50324770039344,74.006533261705,-89.988037109375,3291.52294921875,True
1598628973.8021946,0,5,0.5,0.5,-0.0018067993164062502,-0.14,-0.011,-0.56,-0.00026728854942941344,10,1,100,0.012054222266722684,-10,-1,-100,13784.075950473896,-0.0011018686592367273,-2.1947326930836866e-05,0.9999993927017019,30.267681443488545,-0.4332356898662491,-399.28899037753143,74.00677872019838,-89.988037109375,3291.10888671875,True
1598628973.8498836,0,5,0.5,0.5,-0.0018066986083984376,-0.14,-0.011,-0.56,-0.00024202413245334815,10,1,100,0.01206597534942052,-10,-1,-100,13787.049549741088,-0.0011013503531630392,-2.1952714939482076e-05,0.9999993932725548,30.255183171270517,-0.43300676028577234,-399.07488407140914,74.00702512149294,-89.988037109375,3290.695068359375,True
1598628973.898782,0,5,0.5,0.5,-0.001806597900390625,-0.14,-0.011,-0.56,-0.0002346701785656054,10,1,100,0.012061229457300687,-10,-1,-100,13789.972368143266,-0.001100840922328954,-2.1890684343776853e-05,0.9999993938348472,30.24268456663718,-0.4327777574083576,-398.86082235379916,74.00727183355717,-89.988037109375,3290.28125,True
1598628973.9457617,0,5,0.5,0.5,-0.0018065307617187501,-0.14,-0.011,-0.56,-0.00025291688085195664,10,1,100,0.012042189402405892,-10,-1,-100,13792.962568654213,-0.0011002096515498963,-2.200026018616527e-05,0.9999993945271723,30.230166229077653,-0.43254856420696225,-398.6465499919562,74.00751887535222,-89.988037109375,3289.867431640625,True
1598628973.9957707,0,5,0.5,0.5,-0.001785101318359375,-0.14,-0.011,-0.56,-0.00024582075977977507,10,1,100,0.012053339212410832,-10,-1,-100,13795.938121041283,-0.0010997421353350378,-2.2035398218240075e-05,0.9999993950406555,30.217681805630466,-0.43231981944749975,-398.43277644553325,74.00776706628127,-89.98806762695312,3289.45361328125,True
1598628974.0438964,0,5,0.5,0.5,-0.0018021240234375,-0.14,-0.011,-0.56,-0.00023057884588249136,10,1,100,0.01203010715471557,-10,-1,-100,13798.861915764981,-0.0010991107759689648,-2.192890761507985e-05,0.9999993957371299,30.20519613906242,-0.4320910822760184,-398.2190308796315,74.00801484676784,-89.98806762695312,3289.0400390625,True
1598628974.0919435,0,5,0.5,0.5,-0.0018020568847656251,-0.14,-0.011,-0.56,-0.00024016868773425558,10,1,100,0.012052462198423843,-10,-1,-100,13801.85406975192,-0.0010987450176315656,-2.1919237593069237e-05,0.9999993961392842,30.192692594711634,-0.43186216170748926,-398.0050922005729,74.00826225348129,-89.98806762695312,3288.62646484375,True
1598628974.1397882,0,5,0.5,0.5,-0.0018020233154296876,-0.14,-0.011,-0.56,-0.00023432963869888753,10,1,100,0.012033668262407609,-10,-1,-100,13804.828645538306,-0.0010982463920494667,-2.1857432041897373e-05,0.9999993966883756,30.180218563990163,-0.43163381594255595,-397.79158726950334,74.00850936471858,-89.98806762695312,3288.212890625,True
1598628974.1888735,0,5,0.5,0.5,-0.00180198974609375,-0.14,-0.011,-0.56,-0.0002574510104169576,10,1,100,0.012021347603819104,-10,-1,-100,13807.750487065874,-0.001097685770125009,-2.2011520496765032e-05,0.9999993973005399,30.16773860065982,-0.43140505428158443,-397.5780496077228,74.00875632673784,-89.98806762695312,3287.79931640625,True
1598628974.236234,0,5,0.5,0.5,-0.0017805938720703127,-0.14,-0.011,-0.56,-0.0002442723054267024,10,1,100,0.012005230382704823,-10,-1,-100,13810.725063049584,-0.001097034284114833,-2.2031828323941277e-05,0.9999993980150079,30.155272936086313,-0.43117663359916675,-397.36474889788747,74.00900409836788,-89.98809814453125,3287.385986328125,True
1598628974.285746,0,5,0.5,0.5,-0.0017976165771484377,-0.14,-0.011,-0.56,-0.00021744107648243304,10,1,100,0.01202056433870121,-10,-1,-100,13813.664482764667,-0.0010965864486730378,-2.1806057980069413e-05,0.9999993985111472,30.142805822803773,-0.43094840353120856,-397.1514820545225,74.00925234119092,-89.98809814453125,3286.97265625,True
1598628974.3337939,0,5,0.5,0.5,-0.0017975494384765628,-0.14,-0.011,-0.56,-0.00029875920293404343,10,1,100,0.011982924293947966,-10,-1,-100,13816.63808147551,-0.001095841945328707,-2.234019633424669e-05,0.9999993993154928,30.13033837402694,-0.43072015986449314,-396.938253483887,74.00950008366962,-89.98809814453125,3286.5595703125,True
1598628974.383058,0,5,0.5,0.5,-0.0017761199951171877,-0.14,-0.011,-0.56,-0.0002385702712013354,10,1,100,0.012004144721016751,-10,-1,-100,13819.613634071313,-0.0010953630447234264,-2.227825229375163e-05,0.9999993998415597,30.11790562646741,-0.43049225717584344,-396.7255292540425,74.00974784661184,-89.98812866210938,3286.146240234375,True
1598628974.4311178,0,5,0.5,0.5,-0.0017931091308593752,-0.14,-0.011,-0.56,-0.0002543981212173511,10,1,100,0.011981998154465491,-10,-1,-100,13822.551100434503,-0.0010947313280023467,-2.236547674076538e-05,0.9999994005313728,30.1054419934875,-0.43026400132524517,-396.512440810561,74.00999524182546,-89.98812866210938,3285.73291015625,True
1598628974.4788673,0,5,0.5,0.5,-0.0017930084228515628,-0.14,-0.011,-0.56,-0.00022415945776195668,10,1,100,0.012004349405952311,-10,-1,-100,13825.52762978198,-0.0010943652135635613,-2.2169542737042836e-05,0.999999400936466,30.09299954148923,-0.4300362095792177,-396.2996769717357,74.0102417661916,-89.98812866210938,3285.31982421875,True
1598628974.5268557,0,5,0.5,0.5,-0.0017929412841796877,-0.14,-0.011,-0.56,-0.00023616913401347623,10,1,100,0.011977739229901481,-10,-1,-100,13828.504158586147,-0.0010937953596749047,-2.2100477840928154e-05,0.9999994015614609,30.080547598874926,-0.4298083307457998,-396.08683181881463,74.01048857136188,-89.98812866210938,3284.906982421875,True
1598628974.5767796,0,5,0.5,0.5,-0.0017928741455078127,-0.14,-0.011,-0.56,-0.00023055928756626862,10,1,100,0.011964689555722323,-10,-1,-100,13831.441624995205,-0.0010931635094802192,-2.1986536994734875e-05,0.9999994022548881,30.068100520938902,-0.4295806005641333,-395.87436997600537,74.01078772850407,-89.98812866210938,3284.493896484375,True
1598628974.6257274,0,5,0.5,0.5,-0.0017714447021484375,-0.14,-0.011,-0.56,-0.00028758303379076283,10,1,100,0.01197680702264983,-10,-1,-100,13834.418153910898,-0.0010927043331008927,-2.2401290918962146e-05,0.999999402747533,30.05568493524746,-0.42935308790685883,-395.662638961795,74.01113841962501,-89.9881591796875,3284.080810546875,True
1598628974.67513,0,5,0.5,0.5,-0.0017884338378906252,-0.14,-0.011,-0.56,-0.0002205135137749238,10,1,100,0.011967267646273268,-10,-1,-100,13837.338042286923,-0.0010922052166607622,-2.216812261459107e-05,0.9999994032979914,30.043297397533014,-0.4291261692397504,-395.4513217461822,74.01148812651823,-89.9881591796875,3283.66796875,True
1598628974.7259736,0,5,0.5,0.5,-0.0017883331298828126,-0.14,-0.011,-0.56,-0.00025671896300760315,10,1,100,0.01194711296730301,-10,-1,-100,13840.31457121903,-0.0010915732324095178,-2.2285149510807334e-05,0.9999994039854477,30.030933245233328,-0.42889944819497,-395.2403307293729,74.01183353237323,-89.9881591796875,3283.2548828125,True
1598628974.777042,0,5,0.5,0.5,-0.0017669036865234377,-0.14,-0.011,-0.56,-0.00025135603884760514,10,1,100,0.01195485263497719,-10,-1,-100,13843.304771997035,-0.0010910740264797021,-2.2342553450288624e-05,0.9999994045289621,30.01852012284762,-0.42867226417055365,-395.0286949097177,74.0121698859988,-89.98818969726562,3282.84228515625,True
1598628974.8271017,0,5,0.5,0.5,-0.0018052551269531253,-0.14,-0.011,-0.56,-0.00022576721788413522,10,1,100,0.011952711803058812,-10,-1,-100,13846.22954328556,-0.0010906057520916966,-2.216162548153987e-05,0.9999994050438009,30.006115945384874,-0.4284451878192275,-394.8171624645744,74.01249536974187,-89.9881591796875,3282.429443359375,True
1598628974.8761606,0,5,0.5,0.5,-0.00176673583984375,-0.14,-0.011,-0.56,-0.00025013761644559216,10,1,100,0.01193727848736025,-10,-1,-100,13849.204118984984,-0.0010900445054082837,-2.2218856924920345e-05,0.9999994056544727,29.99373646285816,-0.42821852313825587,-394.60592588506927,74.01280704533339,-89.98818969726562,3282.0166015625,True
1598628974.9252417,0,5,0.5,0.5,-0.0017837585449218753,-0.14,-0.011,-0.56,-0.0002441702064486889,10,1,100,0.011946952859712872,-10,-1,-100,13852.195296185673,-0.001089627065025946,-2.2216690323811503e-05,0.9999994061094626,29.981357710251462,-0.4279919815428479,-394.394694353186,74.01310879057766,-89.98818969726562,3281.60400390625,True
1598628974.9747546,0,5,0.5,0.5,-0.0017836914062500002,-0.14,-0.011,-0.56,-0.00022118591113156786,10,1,100,0.011942263133400993,-10,-1,-100,13855.117137822905,-0.0010892095801327821,-2.2005907807572323e-05,0.9999994065689393,29.96897143853505,-0.42776535138417315,-394.18337678568616,74.01340484449288,-89.98818969726562,3281.19140625,True
1598628975.0237687,0,5,0.5,0.5,-0.0017836242675781252,-0.14,-0.011,-0.56,-0.0002657561102765414,10,1,100,0.011907133648940721,-10,-1,-100,13858.092689905548,-0.0010885153764015679,-2.2219619725881437e-05,0.9999994073201063,29.95658708125142,-0.4275387005914455,-393.9720818893882,74.01369198243133,-89.98818969726562,3280.779052734375,True
1598628975.0717976,0,5,0.5,0.5,-0.00178355712890625,-0.14,-0.011,-0.56,-0.000257283036554422,10,1,100,0.011918889558375678,-10,-1,-100,13861.029179806006,-0.001087995953989212,-2.233676703424777e-05,0.9999994078827612,29.944219275047953,-0.4273123409439508,-393.7610385534865,74.01397722288213,-89.98818969726562,3280.36669921875,True
1598628975.1203256,0,5,0.5,0.5,-0.0017621276855468752,-0.14,-0.011,-0.56,-0.0002273081922577608,10,1,100,0.011899544457789474,-10,-1,-100,13864.005708668963,-0.0010873525850230968,-2.217044761184796e-05,0.9999994085862387,29.931851102028755,-0.4270859994542097,-393.5500098334345,74.01425749953953,-89.98822021484375,3279.954345703125,True
1598628975.1714408,0,5,0.5,0.5,-0.0017791503906250002,-0.14,-0.011,-0.56,-0.00023139681764009284,10,1,100,0.011906199966099228,-10,-1,-100,13866.982237720164,-0.0010868330739913332,-2.2056627316148528e-05,0.9999994091535127,29.919476071727487,-0.4268598385675332,-393.33891001319796,74.01453225588902,-89.98822021484375,3279.5419921875,True
1598628975.219174,0,5,0.5,0.5,-0.001757720947265625,-0.14,-0.011,-0.56,-0.0002580878582321152,10,1,100,0.011899249610673112,-10,-1,-100,13869.902125867782,-0.0010863024899519192,-2.2195901502984195e-05,0.9999994097269469,29.907109674874636,-0.4266337611991999,-393.1279572775142,74.01480511381106,-89.98825073242188,3279.1298828125,True
1598628975.269073,0,5,0.5,0.5,-0.0017747100830078127,-0.14,-0.011,-0.56,-0.000229994189538864,10,1,100,0.011880014374472302,-10,-1,-100,13872.894280033186,-0.001085650066625588,-2.206719854653963e-05,0.9999994104383122,29.89474674745978,-0.4264077901452724,-392.9170899851319,74.0150763821177,-89.98825073242188,3278.717529296875,True
1598628975.322839,0,5,0.5,0.5,-0.0017746429443359377,-0.14,-0.011,-0.56,-0.0002638805107393701,10,1,100,0.011912153989216176,-10,-1,-100,13875.8688556602,-0.0010853540636991893,-2.225850364696167e-05,0.999999410755384,29.882384014183906,-0.42618184041448737,-392.70626410273826,74.01534749515473,-89.98825073242188,3278.3056640625,True
1598628975.3729663,0,5,0.5,0.5,-0.001774542236328125,-0.14,-0.011,-0.56,-0.00022486713656995414,10,1,100,0.011893072086523852,-10,-1,-100,13878.792650346295,-0.0010849162725492536,-2.2077662265654814e-05,0.9999994112344559,29.870012774360372,-0.42595607119139584,-392.49537062400486,74.01561810256217,-89.98825073242188,3277.8935546875,True
1598628975.416067,0,5,0.5,0.5,-0.0017744750976562502,-0.14,-0.011,-0.56,-0.0002467780176192559,10,1,100,0.011845326115576291,-10,-1,-100,13881.781874251552,-0.001084088888343297,-2.2112579196423385e-05,0.9999994121309853,29.857694885823506,-0.42573110747422066,-392.2852367362332,74.01589137195502,-89.98825073242188,3277.4814453125,True
1598628975.4707668,0,5,0.5,0.5,-0.0017744079589843752,-0.14,-0.011,-0.56,-0.00023484199607298392,10,1,100,0.01188153812882269,-10,-1,-100,13884.757426588563,-0.0010836709557098332,-2.2035907220453602e-05,0.9999994125856668,29.845332444049223,-0.42550554962860476,-392.0745678632161,74.01616477689784,-89.98825073242188,3277.069580078125,True
1598628975.5129874,0,5,0.5,0.5,-0.0017743408203125001,-0.14,-0.011,-0.56,-0.00024880802008771653,10,1,100,0.011822746536127277,-10,-1,-100,13887.68024426268,-0.001082761583040747,-2.2093142006603295e-05,0.9999994135694518,29.833016415846625,-0.42528080694823855,-391.8645297214411,74.01643300356848,-89.98825073242188,3276.65771484375,True
1598628975.5619192,0,5,0.5,0.5,-0.0017529113769531252,-0.14,-0.011,-0.56,-0.0002518430404033512,10,1,100,0.011872727644845132,-10,-1,-100,13890.674351573922,-0.001082394485051159,-2.2172879703899038e-05,0.9999994139650993,29.820674407319082,-0.42505563810250874,-391.65417766257826,74.01669773707485,-89.98828125,3276.24609375,True
1598628975.6107905,0,5,0.5,0.5,-0.0017699005126953127,-0.14,-0.011,-0.56,-0.00022313129492613294,10,1,100,0.011857288359404906,-10,-1,-100,13893.595216465066,-0.0010819254947102023,-2.1984501640129865e-05,0.9999994144767815,29.808342871809838,-0.42483060698272146,-391.44402678067394,74.01696589311892,-89.98828125,3275.834228515625,True
1598628975.6597667,0,5,0.5,0.5,-0.0017698333740234376,-0.14,-0.011,-0.56,-0.0002490635569365218,10,1,100,0.011856439398178972,-10,-1,-100,13896.569792319438,-0.0010814963557439269,-2.2049165733135713e-05,0.9999994149395623,29.796026474422316,-0.4246060936155273,-391.2341166195869,74.01723477596671,-89.98828125,3275.422607421875,True
1598628975.7081776,0,5,0.5,0.5,-0.0017697662353515628,-0.14,-0.011,-0.56,-0.00022023399286227494,10,1,100,0.011823601397345654,-10,-1,-100,13899.559993075323,-0.0010808125536926894,-2.1845871109359707e-05,0.9999994156833202,29.783678558685747,-0.42438122741158735,-391.0238374052067,74.01750218364872,-89.98828125,3275.010986328125,True
1598628975.75626,0,5,0.5,0.5,-0.0017697326660156252,-0.14,-0.011,-0.56,-0.00023619812684936138,10,1,100,0.011839828878580781,-10,-1,-100,13902.48183458217,-0.0010803434288721193,-2.1806504515258327e-05,0.9999994161911057,29.771355727556248,-0.42415686479213394,-390.81395006949344,74.0177729519509,-89.98828125,3274.599365234375,True
1598628975.8047943,0,5,0.5,0.5,-0.0017483367919921876,-0.14,-0.011,-0.56,-0.00024068255253290057,10,1,100,0.011822185824090115,-10,-1,-100,13905.458363212529,-0.0010797613845741892,-2.1811721203226776e-05,0.9999994168196306,29.759057033936873,-0.4239328841679394,-390.60443921001627,74.01804659107766,-89.98831176757812,3274.18798828125,True
1598628975.852321,0,5,0.5,0.5,-0.0017653594970703126,-0.14,-0.011,-0.56,-0.0002628179138267824,10,1,100,0.01185403111514955,-10,-1,-100,13908.449540226138,-0.0010795268402939975,-2.2018100369909505e-05,0.9999994170683322,29.746767664784826,-0.4237092812211732,-390.3950676670678,74.01831523739972,-89.98831176757812,3273.7763671875,True
1598628975.900781,0,5,0.5,0.5,-0.0017652923583984376,-0.14,-0.011,-0.56,-0.00021572332113449708,10,1,100,0.011805115979591666,-10,-1,-100,13911.370405445225,-0.0010788738346544382,-2.1777639280505524e-05,0.9999994177783222,29.73445045052622,-0.4234853092189155,-390.18537011391476,74.01858308551111,-89.98831176757812,3273.365234375,True
1598628975.9498227,0,5,0.5,0.5,-0.0017652252197265625,-0.14,-0.011,-0.56,-0.00026569725075942756,10,1,100,0.011799040736806089,-10,-1,-100,13914.346934024594,-0.0010782297046419598,-2.2013651232106653e-05,0.9999994184678825,29.722137137261857,-0.4232614460623821,-389.9757905739161,74.0188546852824,-89.98831176757812,3272.953857421875,True
1598628975.9980648,0,5,0.5,0.5,-0.0017437957763671876,-0.14,-0.011,-0.56,-0.00023529535019594248,10,1,100,0.011807873966431574,-10,-1,-100,13917.285376746091,-0.0010777293805827274,-2.195184687024722e-05,0.9999994190085805,29.709848565391546,-0.42303805484891827,-389.76656543820457,74.01912333406251,-89.98834228515625,3272.54248046875,True
1598628976.044204,0,5,0.5,0.5,-0.001760784912109375,-0.14,-0.011,-0.56,-0.00024614654642280786,10,1,100,0.01180576981706755,-10,-1,-100,13920.260929124546,-0.001077259986627805,-2.1994436775288656e-05,0.9999994195134144,29.69757279903853,-0.42281437126150223,-389.55754364848275,74.01939084446668,-89.98834228515625,3272.13134765625,True
1598628976.0932457,0,5,0.5,0.5,-0.0017607177734375,-0.14,-0.011,-0.56,-0.0002162328109394944,10,1,100,0.011785947062264495,-10,-1,-100,13923.237458034186,-0.0010766577257145962,-2.1761374041776756e-05,0.9999994201671241,29.685292697184366,-0.42259067425396896,-389.3485259863136,74.01966138976272,-89.98834228515625,3271.72021484375,True
1598628976.1419566,0,5,0.5,0.5,-0.001739288330078125,-0.14,-0.011,-0.56,-0.0002441522030028834,10,1,100,0.011791577252810492,-10,-1,-100,13926.156369894394,-0.0010761661882248206,-2.180351432788616e-05,0.9999994206953033,29.67299843300393,-0.42236723144894656,-389.13938424048325,74.01993484251553,-89.98837280273438,3271.309326171875,True
1598628976.1891959,0,5,0.5,0.5,-0.0017562774658203125,-0.14,-0.011,-0.56,-0.0002527866743264312,10,1,100,0.011770532032224753,-10,-1,-100,13929.14949994639,-0.0010755328613810808,-2.192054219220446e-05,0.9999994213741094,29.660744536050814,-0.422144350250082,-388.9307900845948,74.02020380348831,-89.98837280273438,3270.898193359375,True
1598628976.238915,0,5,0.5,0.5,-0.0017561767578125002,-0.14,-0.011,-0.56,-0.00025233276096685916,10,1,100,0.011781683684238271,-10,-1,-100,13932.124075882486,-0.0010750632880799052,-2.2022736791876947e-05,0.9999994218767957,29.64846500072053,-0.4219207777105701,-388.7218834137947,74.02046812137948,-89.98837280273438,3270.4873046875,True
1598628976.2880108,0,5,0.5,0.5,-0.0017560760498046876,-0.14,-0.011,-0.56,-0.0002140163247389535,10,1,100,0.011784251057588829,-10,-1,-100,13934.954120418173,-0.00107466454314638,-2.1767113160164958e-05,0.9999994223109894,29.636192801529372,-0.42169765713037116,-388.51310798256344,74.0207305229269,-89.98837280273438,3270.076416015625,True
1598628976.3390205,0,5,0.5,0.5,-0.0017560089111328125,-0.14,-0.011,-0.56,-0.00023689085873383037,10,1,100,0.01175174080279806,-10,-1,-100,13937.718735152157,-0.001074011133473648,-2.174271890223754e-05,0.9999994230135032,29.623924906588215,-0.42147450497413746,-388.3044299156919,74.02099255799068,-89.98837280273438,3269.66552734375,True
1598628976.3875597,0,5,0.5,0.5,-0.0017345794677734376,-0.14,-0.011,-0.56,-0.00024643110568404623,10,1,100,0.01176705670323645,-10,-1,-100,13940.460888845962,-0.0010735613744177139,-2.1807522168639734e-05,0.9999994234950376,29.611669126509042,-0.4212518091219623,-388.0959830896171,74.02125944877463,-89.9884033203125,3269.2548828125,True
1598628976.4367936,0,5,0.5,0.5,-0.001751568603515625,-0.14,-0.011,-0.56,-0.00023805372402594473,10,1,100,0.011749606745849642,-10,-1,-100,13943.43546469824,-0.0010729986960817451,-2.1790249047669775e-05,0.9999994240993259,29.599402062481804,-0.42102891942478576,-387.8874402299596,74.02152846646305,-89.9884033203125,3268.84423828125,True
1598628976.483823,0,5,0.5,0.5,-0.0017514678955078125,-0.14,-0.011,-0.56,-0.0002329697429091804,10,1,100,0.011753673791687125,-10,-1,-100,13946.425665405113,-0.0010725288989280781,-2.1728531293166897e-05,0.9999994246046504,29.58715510307755,-0.4208066394176882,-387.679232559485,74.02180321481168,-89.9884033203125,3268.43359375,True
1598628976.5339131,0,5,0.5,0.5,-0.0017514007568359376,-0.14,-0.011,-0.56,-0.0002519807670016287,10,1,100,0.01174163621128975,-10,-1,-100,13949.348483304493,-0.0010719971057680908,-2.184545474952934e-05,0.9999994251723254,29.574913225753733,-0.4205843204198042,-387.47116105846516,74.0220828542557,-89.9884033203125,3268.02294921875,True
1598628976.581007,0,5,0.5,0.5,-0.0017299713134765625,-0.14,-0.011,-0.56,-0.00026707715936190193,10,1,100,0.011739194314235778,-10,-1,-100,13952.322082341649,-0.0010714962428138477,-2.2089124169521095e-05,0.9999994257037711,29.562696144364917,-0.4203621966432094,-387.2634352038338,74.02235741497883,-89.98843383789062,3267.6123046875,True
1598628976.6287904,0,5,0.5,0.5,-0.00176832275390625,-0.14,-0.011,-0.56,-0.00021054217748004694,10,1,100,0.01170444363426454,-10,-1,-100,14039.318142495933,-0.0010707296898401616,-2.1796389488653335e-05,0.9999994265312601,29.550451789977505,-0.420140006409857,-387.055369300335,74.02262714443455,-89.9884033203125,3267.201904296875,True
1598628976.677146,0,5,0.5,0.5,-0.0017298370361328126,-0.14,-0.011,-0.56,-0.0002403790324901939,10,1,100,0.011751264313311314,-10,-1,-100,14042.23705400317,-0.0010704634083084947,-2.180151766508328e-05,0.9999994268162283,29.538226521885754,-0.419918153013099,-386.84760820020097,74.02289885298974,-89.98843383789062,3266.79150390625,True
1598628976.7271357,0,5,0.5,0.5,-0.0017468597412109376,-0.14,-0.011,-0.56,-0.000224044758454679,10,1,100,0.011693054797230403,-10,-1,-100,14045.213582024327,-0.0010696967653635824,-2.1657794447448663e-05,0.9999994276397213,29.52611178311968,-0.41969773794326715,-386.6400356147623,74.02291685527044,-89.98843383789062,3266.38134765625,True
1598628976.7759883,0,5,0.5,0.5,-0.0017467926025390625,-0.14,-0.011,-0.56,-0.00023077379737375235,10,1,100,0.011741094534643955,-10,-1,-100,14064.596361049917,-0.0010694414207744365,-2.1588641823721883e-05,0.9999994279143254,29.513740514046468,-0.4194738876822617,-386.42785079659205,74.02268231556907,-89.98843383789062,3265.9716796875,True
1598628976.8229504,0,5,0.5,0.5,-0.0017467254638671875,-0.14,-0.011,-0.56,-0.0002546231730350676,10,1,100,0.01168956198644661,-10,-1,-100,14067.572889684117,-0.001068745559911939,-2.1742750554833534e-05,0.9999994286549273,29.501367095535702,-0.41925031200139645,-386.21580421286353,74.02247062974592,-89.98843383789062,3265.56201171875,True
1598628976.8728585,0,5,0.5,0.5,-0.0017466583251953126,-0.14,-0.011,-0.56,-0.00023240068138258684,10,1,100,0.011691080859788,-10,-1,-100,14070.565043614479,-0.0010681315539523735,-2.1680826721137395e-05,0.9999994293122998,29.489010276930433,-0.419026946987152,-386.0040441975695,74.02226353356406,-89.98843383789062,3265.15234375,True
1598628976.922755,0,5,0.5,0.5,-0.001746624755859375,-0.14,-0.011,-0.56,-0.00025145928046263943,10,1,100,0.011676596825433073,-10,-1,-100,14073.484931738698,-0.0010674466298772377,-2.1797907496184568e-05,0.9999994300411095,29.47666130299871,-0.4188037767283979,-385.79253004270134,74.02207474288917,-89.98843383789062,3264.742919921875,True
1598628976.9708948,0,5,0.5,0.5,-0.0017465911865234376,-0.14,-0.011,-0.56,-0.0002362240391867213,10,1,100,0.011709611807004867,-10,-1,-100,14076.459507704829,-0.0010671291551561347,-2.176583540876591e-05,0.9999994303806451,29.464323192194882,-0.4185804881706301,-385.58156469371346,74.02195586959083,-89.98843383789062,3264.333251953125,True
1598628977.0183332,0,5,0.5,0.5,-0.0017251953125,-0.14,-0.011,-0.56,-0.00024492629555428094,10,1,100,0.011676671063664804,-10,-1,-100,14079.451661704108,-0.0010665459893281967,-2.1815756474348945e-05,0.9999994310017009,29.452013702565644,-0.418358033053411,-385.3713729705134,74.02190585203064,-89.98846435546875,3263.923583984375,True
1598628977.0649939,0,5,0.5,0.5,-0.001742218017578125,-0.14,-0.011,-0.56,-0.00023559727735286988,10,1,100,0.011673696639641774,-10,-1,-100,14082.374479594524,-0.0010659937539175346,-2.1776357003298132e-05,0.9999994315913919,29.43973709044041,-0.4181361975188826,-385.16196635708087,74.02191519975374,-89.98846435546875,3263.513916015625,True
1598628977.1136897,0,5,0.5,0.5,-0.0017208221435546876,-0.14,-0.011,-0.56,-0.0002564843694707759,10,1,100,0.011676627954482346,-10,-1,-100,14085.348078571726,-0.001065523372305389,-2.193070629174765e-05,0.9999994320893324,29.427458795139902,-0.4179143396983662,-384.95282251007217,74.02197110117197,-89.98849487304688,3263.104248046875,True
1598628977.1620622,0,5,0.5,0.5,-0.0017378112792968753,-0.14,-0.011,-0.56,-0.00021704589496747507,10,1,100,0.011688203566221501,-10,-1,-100,14088.285545009654,-0.001065205718507917,-2.1712370134123483e-05,0.9999994324325141,29.41521100780891,-0.417692734131305,-384.7443395427781,74.02206893661844,-89.98849487304688,3262.69482421875,True
1598628977.209806,0,5,0.5,0.5,-0.0017377441406250002,-0.14,-0.011,-0.56,-0.0002451835223725832,10,1,100,0.011640664659215075,-10,-1,-100,14091.262074110447,-0.001064489550164521,-2.1769760374085186e-05,0.999999433193877,29.4029826492966,-0.41747155331993896,-384.5363348099537,74.02220227316894,-89.98849487304688,3262.28515625,True
1598628977.2592096,0,5,0.5,0.5,-0.0017376770019531251,-0.14,-0.011,-0.56,-0.0002359413341470138,10,1,100,0.01165099508362858,-10,-1,-100,14094.238602641504,-0.0010639371348153738,-2.173781163933916e-05,0.9999994337824599,29.39077760176872,-0.41725072253400863,-384.32880148091203,74.02235877162605,-89.98849487304688,3261.87548828125,True
1598628977.310827,0,5,0.5,0.5,-0.0017376098632812503,-0.14,-0.011,-0.56,-0.00021102888982116354,10,1,100,0.011652711638556468,-10,-1,-100,14097.175092588412,-0.001063455547984547,-2.1482154959502666e-05,0.9999994343002472,29.378581334101668,-0.4170299576500455,-384.1215092090446,74.02253179344955,-89.98849487304688,3261.466064453125,True
1598628977.3608062,0,5,0.5,0.5,-0.0017161804199218751,-0.14,-0.011,-0.56,-0.00026665045727254584,10,1,100,0.011645167316740378,-10,-1,-100,14100.15064465953,-0.0010629539661326742,-2.1755627314295993e-05,0.9999994348276194,29.36638350959211,-0.4168093151501402,-383.9143448355497,74.02272437112013,-89.988525390625,3261.056640625,True
1598628977.409036,0,5,0.5,0.5,-0.0017331695556640626,-0.14,-0.011,-0.56,-0.00021694811589345313,10,1,100,0.011657646720888828,-10,-1,-100,14103.127173200832,-0.0010626161386576118,-2.1552331078304393e-05,0.9999994351910599,29.354204900676173,-0.41658915722131645,-383.7075802878476,74.02293713371941,-89.988525390625,3260.647216796875,True
1598628977.45786,0,5,0.5,0.5,-0.0017117065429687502,-0.14,-0.011,-0.56,-0.00025174854281158885,10,1,100,0.011599726934001079,-10,-1,-100,14106.063663154957,-0.0010617868706096843,-2.168410708703861e-05,0.9999994360690614,29.342069580630163,-0.4163695584988412,-383.5014512638506,74.02315549592225,-89.98855590820312,3260.23779296875,True
1598628977.5072174,0,5,0.5,0.5,-0.0017286621093750001,-0.14,-0.011,-0.56,-0.0002309448620812742,10,1,100,0.011626930724589191,-10,-1,-100,14109.03726198757,-0.0010612851543755934,-2.161485338681388e-05,0.9999994366031509,29.329892025026513,-0.41614949687785646,-383.2948587536353,74.02338235418135,-89.98855590820312,3259.828369140625,True
1598628977.5560944,0,5,0.5,0.5,-0.0017285614013671877,-0.14,-0.011,-0.56,-0.00023023426542547032,10,1,100,0.011606772039202295,-10,-1,-100,14111.961056832806,-0.0010606505705092232,-2.154561814709094e-05,0.9999994372779184,29.317755237700375,-0.4159299426956531,-383.0888722038992,74.02361358054608,-89.98855590820312,3259.419189453125,True
1598628977.6059453,0,5,0.5,0.5,-0.0017284606933593751,-0.14,-0.011,-0.56,-0.0002598423384735701,10,1,100,0.011638116825340026,-10,-1,-100,14114.951257223729,-0.0010603634861259645,-2.1752051083103907e-05,0.9999994375779045,29.305593428243778,-0.4157103174607079,-382.88260969844913,74.02384615920177,-89.98855590820312,3259.010009765625,True
1598628977.6537728,0,5,0.5,0.5,-0.0017070312500000002,-0.14,-0.011,-0.56,-0.0002438397800847755,10,1,100,0.011589680562353063,-10,-1,-100,14117.926809608354,-0.0010596668614651019,-2.1794401998861786e-05,0.9999994383154157,29.29347037283816,-0.41549097732352264,-382.67694442864786,74.02408847185298,-89.98858642578125,3258.600830078125,True
1598628977.702861,0,5,0.5,0.5,-0.0017453826904296878,-0.14,-0.011,-0.56,-0.0002221524701257694,10,1,100,0.011623792750675977,-10,-1,-100,14120.852556962986,-0.001059348712446383,-2.1635670893682767e-05,0.999999438655944,29.281335110326165,-0.4152716535311303,-382.47121457247937,74.02434083203764,-89.98855590820312,3258.191650390625,True
1598628977.7520874,0,5,0.5,0.5,-0.0017068634033203126,-0.14,-0.011,-0.56,-0.00024680280952535643,10,1,100,0.011583075129698462,-10,-1,-100,14123.842757590814,-0.0010586939993638596,-2.1715585783043906e-05,0.9999994393475673,29.269202440897846,-0.4150521892440662,-382.26561673763007,74.02460388364096,-89.98858642578125,3257.78271484375,True
1598628977.7992082,0,5,0.5,0.5,-0.0017238525390625003,-0.14,-0.011,-0.56,-0.0002434768754574824,10,1,100,0.011613015800051415,-10,-1,-100,14126.76557558158,-0.0010583757600515482,-2.175802012353363e-05,0.9999994396835126,29.257077805596406,-0.414833116744693,-382.0601711078236,74.02486771530995,-89.98858642578125,3257.37353515625,True
1598628977.8457649,0,5,0.5,0.5,-0.0017451141357421878,-0.14,-0.011,-0.56,-0.00023082561782072284,10,1,100,0.011574497783012574,-10,-1,-100,14129.739174543414,-0.0010577409057835785,-2.1681334577131897e-05,0.9999994403568914,29.244968610445383,-0.4146141354324679,-381.854978454016,74.02513263104206,-89.98855590820312,3256.964599609375,True
1598628977.8957503,0,5,0.5,0.5,-0.00170662841796875,-0.14,-0.011,-0.56,-0.00024397814632854314,10,1,100,0.011573224621915955,-10,-1,-100,14132.732304946752,-0.001057156930493954,-2.1731256423871566e-05,0.999999440973332,29.232854509421784,-0.41439504398769167,-381.64975766089276,74.02539598409132,-89.98858642578125,3256.5556640625,True
1598628977.9450076,0,5,0.5,0.5,-0.0017236511230468753,-0.14,-0.011,-0.56,-0.00024283886677556056,10,1,100,0.011583638883319966,-10,-1,-100,14135.652192690875,-0.001056725681887208,-2.1766120174657272e-05,0.9999994414283787,29.2207491166178,-0.41417611024354134,-381.44465907965713,74.02565250726288,-89.98858642578125,3256.14697265625,True
1598628977.9930964,0,5,0.5,0.5,-0.0017236175537109378,-0.14,-0.011,-0.56,-0.00023010946415480095,10,1,100,0.01156541771106655,-10,-1,-100,14138.645323340548,-0.0010561725917594283,-2.168201809419408e-05,0.9999994420145176,29.208656051497233,-0.413957541028132,-381.2397947474892,74.02591483108222,-89.98858642578125,3255.73828125,True
1598628978.0408478,0,5,0.5,0.5,-0.0017235839843750002,-0.14,-0.011,-0.56,-0.000240754797237281,10,1,100,0.011553768908953554,-10,-1,-100,14141.617945827427,-0.001055568532135525,-2.1702276353879745e-05,0.9999994426518873,29.19656245471894,-0.4137391552294128,-381.0350107311125,74.0261859297535,-89.98858642578125,3255.32958984375,True
1598628978.0879996,0,5,0.5,0.5,-0.0017021881103515626,-0.14,-0.011,-0.56,-0.00023686169758261932,10,1,100,0.011573028971610772,-10,-1,-100,14144.540763504338,-0.001055199098536473,-2.168515872199998e-05,0.999999443042153,29.184479828956146,-0.4135207823749499,-380.8303925483275,74.02645256315004,-89.98861694335938,3254.9208984375,True
1598628978.1368802,0,5,0.5,0.5,-0.0017192108154296876,-0.14,-0.011,-0.56,-0.00025388516560911824,10,1,100,0.011565405979446143,-10,-1,-100,14147.535846917075,-0.0010547986447791012,-2.1824416849951187e-05,0.999999443461602,29.172402598830583,-0.4133023758919585,-380.62589410284914,74.02671984430911,-89.98861694335938,3254.51220703125,True
1598628978.1859262,0,5,0.5,0.5,-0.00171917724609375,-0.14,-0.011,-0.56,-0.0002290662619431524,10,1,100,0.01154970639197088,-10,-1,-100,14150.454758106149,-0.0010542962980377936,-2.172536146489706e-05,0.9999994439935077,29.16030581204915,-0.41308375460381175,-380.4212007193658,74.02699100084423,-89.98861694335938,3254.103759765625,True
1598628978.2347403,0,5,0.5,0.5,-0.0017191101074218753,-0.14,-0.011,-0.56,-0.0002297258335901099,10,1,100,0.01152956221568402,-10,-1,-100,14153.431287239422,-0.001053661083410732,-2.1641225683846362e-05,0.9999994446648353,29.148255689977074,-0.41286587572146266,-380.2171588015147,74.0272621275887,-89.98861694335938,3253.6953125,True
1598628978.2840016,0,5,0.5,0.5,-0.0016977142333984376,-0.14,-0.011,-0.56,-0.00025589958518085497,10,1,100,0.01154510830232847,-10,-1,-100,14156.42148768634,-0.0010532295190064922,-2.180274940653359e-05,0.9999994451159562,29.136189308234016,-0.41264789766517035,-380.0129397373865,74.02753114081202,-89.9886474609375,3253.286865234375,True
1598628978.3341963,0,5,0.5,0.5,-0.0017147369384765626,-0.14,-0.011,-0.56,-0.0002518341716677007,10,1,100,0.011489858308292623,-10,-1,-100,14159.34332870855,-0.0010523395934578074,-2.1912590186781485e-05,0.9999994460504558,29.12412602414104,-0.41242981876272167,-379.80879702764406,74.02779892770984,-89.9886474609375,3252.87841796875,True
1598628978.3800342,0,5,0.5,0.5,-0.0017146362304687503,-0.14,-0.011,-0.56,-0.00024061791784740807,10,1,100,0.011548846590209397,-10,-1,-100,14162.3218108695,-0.0010520717376239972,-2.191026926535905e-05,0.9999994463323462,29.112064734965,-0.4122117255915716,-379.60472550162945,74.02806675253399,-89.9886474609375,3252.47021484375,True
1598628978.429807,0,5,0.5,0.5,-0.0016932067871093751,-0.14,-0.011,-0.56,-0.00023325957742595128,10,1,100,0.011523247926946359,-10,-1,-100,14165.312987801852,-0.0010516001401025693,-2.1841102594014965e-05,0.9999994468299028,29.10000733075836,-0.4119936414242489,-379.40076039978646,74.0283366914704,-89.98867797851562,3252.06201171875,True
1598628978.4789095,0,5,0.5,0.5,-0.0017101959228515626,-0.14,-0.011,-0.56,-0.0002694330300513477,10,1,100,0.011502190991200558,-10,-1,-100,14168.233852197998,-0.0010509846479779318,-2.2107005205369986e-05,0.9999994474711225,29.087979271008944,-0.4117760633129558,-379.19723398166866,74.02860846110131,-89.98867797851562,3251.65380859375,True
1598628978.5259287,0,5,0.5,0.5,-0.00171009521484375,-0.14,-0.011,-0.56,-0.000234428918707288,10,1,100,0.011501114077991533,-10,-1,-100,14171.225029354333,-0.0010504200358752533,-2.203012930610021e-05,0.9999994480660586,29.07592366888932,-0.41155812059388475,-378.9933455812098,74.02887170676048,-89.98867797851562,3251.24560546875,True
1598628978.5739214,0,5,0.5,0.5,-0.0017099945068359376,-0.14,-0.011,-0.56,-0.00024600739029653735,10,1,100,0.011487152011337706,-10,-1,-100,14174.14687038504,-0.0010497845047180202,-2.2065202909437028e-05,0.9999994487326582,29.063902655539138,-0.4113405688771747,-378.78993238305526,74.02913038949498,-89.98867797851562,3250.837646484375,True
1598628978.6237514,0,5,0.5,0.5,-0.0017099273681640626,-0.14,-0.011,-0.56,-0.00024310434281056589,10,1,100,0.011506064148202544,-10,-1,-100,14177.119493081933,-0.0010493835999955054,-2.2070351167882178e-05,0.9999994491533281,29.051872413127274,-0.4111230245705755,-378.5864632270484,74.02939324191793,-89.98867797851562,3250.4296875,True
1598628978.6777294,0,5,0.5,0.5,-0.0016884979248046874,-0.14,-0.011,-0.56,-0.00023829353689108312,10,1,100,0.011497119863263263,-10,-1,-100,14180.112623378052,-0.0010489427522435745,-2.2031073226911625e-05,0.9999994496167157,29.039838805358805,-0.41090542260133944,-378.3830138425641,74.0296597329952,-89.98870849609375,3250.021728515625,True
1598628978.7277524,0,5,0.5,0.5,-0.0017054870605468751,-0.14,-0.011,-0.56,-0.00022726006992644388,10,1,100,0.011470746033380337,-10,-1,-100,14183.035441041342,-0.001048307086329969,-2.1894783842930752e-05,0.9999994502862845,29.02779885438573,-0.4106877508412869,-378.17953593678834,74.02992900873113,-89.98870849609375,3249.61376953125,True
1598628978.7763052,0,5,0.5,0.5,-0.0017053863525390625,-0.14,-0.011,-0.56,-0.00023903148373153216,10,1,100,0.01149307006581978,-10,-1,-100,14186.010016590706,-0.0010479370212462143,-2.187766674830432e-05,0.9999994506745328,29.015777844131016,-0.4104703840093313,-377.97637104607526,74.03020296692581,-89.98870849609375,3249.2060546875,True
1598628978.8249524,0,5,0.5,0.5,-0.0017053192138671877,-0.14,-0.011,-0.56,-0.0002822819225434338,10,1,100,0.01147301170966212,-10,-1,-100,14188.950412250706,-0.0010474230611120588,-2.225522345389597e-05,0.9999994512046675,29.003763950803105,-0.41025338307641257,-377.77333867601493,74.03047664335345,-89.98870849609375,3248.79833984375,True
1598628978.8788362,0,5,0.5,0.5,-0.0017052520751953126,-0.14,-0.011,-0.56,-0.00020499909011484243,10,1,100,0.011437173003189572,-10,-1,-100,14191.923034883686,-0.001046634487778845,-2.189557413393108e-05,0.9999994520382662,28.991759368036714,-0.41003648781741464,-377.5704598758889,74.0307478997722,-89.98870849609375,3248.390625,True
1598628978.9287832,0,5,0.5,0.5,-0.0017051849365234376,-0.14,-0.011,-0.56,-0.00024073778261762515,10,1,100,0.011481579016652574,-10,-1,-100,14194.915188598097,-0.0010463262369163552,-2.1893530770471413e-05,0.9999994523608897,28.97975265251742,-0.4098195679054571,-377.367598528239,74.03101957950855,-89.98870849609375,3247.98291015625,True
1598628978.9770257,0,5,0.5,0.5,-0.0016837890625,-0.14,-0.011,-0.56,-0.00024231834421879452,10,1,100,0.011431706873428486,-10,-1,-100,14197.838006376522,-0.0010455974201967694,-2.1905994247176476e-05,0.9999994531229317,28.967761523401148,-0.4096027805656502,-377.164986414004,74.03129111628475,-89.98873901367188,3247.5751953125,True
1598628979.0247872,0,5,0.5,0.5,-0.0017008117675781252,-0.14,-0.011,-0.56,-0.00023426519955043146,10,1,100,0.011437503940888903,-10,-1,-100,14200.813557973015,-0.001044992457635678,-2.184429701170341e-05,0.9999994537566459,28.955765323936806,-0.40938578411522203,-376.96232235253433,74.03155665448413,-89.98873901367188,3247.167724609375,True
1598628979.074737,0,5,0.5,0.5,-0.0017007446289062501,-0.14,-0.011,-0.56,-0.0002491708527254738,10,1,100,0.01143529546138008,-10,-1,-100,14203.80668877426,-0.0010444273487466417,-2.1923883492223184e-05,0.9999994543452794,28.94376482308771,-0.40916896183807144,-376.7596558579559,74.03182447817704,-89.98873901367188,3246.76025390625,True
1598628979.122203,0,5,0.5,0.5,-0.001700677490234375,-0.14,-0.011,-0.56,-0.0002556969861202744,10,1,100,0.011447121400361443,-10,-1,-100,14206.727553085191,-0.0010440259920709587,-2.2055691795754997e-05,0.9999994547614887,28.931778231634592,-0.4089524128350914,-376.5572084243595,74.03209101894609,-89.98873901367188,3246.35302734375,True
1598628979.1708052,0,5,0.5,0.5,-0.001679248046875,-0.14,-0.011,-0.56,-0.0002570346087269507,10,1,100,0.011434771039876987,-10,-1,-100,14209.718730089488,-0.0010435537169140468,-2.2187691058455637e-05,0.9999994552515248,28.919787805309348,-0.4087358262577528,-376.354765954397,74.03236044262246,-89.98876953125,3245.945556640625,True
1598628979.2188935,0,5,0.5,0.5,-0.0016962707519531251,-0.14,-0.011,-0.56,-0.0002280505048139055,10,1,100,0.011400283385813972,-10,-1,-100,14212.641547667095,-0.00104281575085749,-2.2044056154581677e-05,0.9999994560245368,28.90783568813392,-0.40851998555643987,-376.1528931092315,74.03263513091777,-89.98876953125,3245.538330078125,True
1598628979.268096,0,5,0.5,0.5,-0.00169620361328125,-0.14,-0.011,-0.56,-0.00021267892364371742,10,1,100,0.011447384546703392,-10,-1,-100,14215.616123273503,-0.0010425780571191353,-2.1773601620138503e-05,0.9999994562783047,28.895846370800683,-0.40830346498869285,-375.9505899919076,74.0329114641679,-89.98876953125,3245.131103515625,True
1598628979.3170283,0,5,0.5,0.5,-0.001696136474609375,-0.14,-0.011,-0.56,-0.00025750672061294725,10,1,100,0.011386024477392452,-10,-1,-100,14218.608276728424,-0.0010418090248761017,-2.1935353893208767e-05,0.9999994570762506,28.883891732514435,-0.4080874826709267,-375.7487912202519,74.03318905139865,-89.98876953125,3244.723876953125,True
1598628979.3658512,0,5,0.5,0.5,-0.0016960693359375002,-0.14,-0.011,-0.56,-0.00024515361292912755,10,1,100,0.011421599476668366,-10,-1,-100,14221.52914132597,-0.001041438417408794,-2.1970391225747634e-05,0.9999994574615151,28.871939347493484,-0.40787159746448653,-375.5470645069411,74.0334668893789,-89.98876953125,3244.31689453125,True
1598628979.4157968,0,5,0.5,0.5,-0.0016960021972656251,-0.14,-0.011,-0.56,-0.0002536806652711492,10,1,100,0.0113925365779669,-10,-1,-100,14224.504693570198,-0.0010408420170597463,-2.207969398835424e-05,0.9999994580800445,28.859968827556724,-0.4076555949105889,-375.3451772276935,74.03375136331664,-89.98876953125,3243.90966796875,True
1598628979.464744,0,5,0.5,0.5,-0.00169593505859375,-0.14,-0.011,-0.56,-0.00023597286017685377,10,1,100,0.011381630276906444,-10,-1,-100,14227.441183044692,-0.001040205672387205,-2.2017910850577667e-05,0.9999994587435388,28.848019011824437,-0.4074398317800347,-375.14360313137223,74.03403643919118,-89.98876953125,3243.5029296875,True
1598628979.5138521,0,5,0.5,0.5,-0.0016745391845703124,-0.14,-0.011,-0.56,-0.0002509491037697469,10,1,100,0.011401749373998321,-10,-1,-100,14230.417711643735,-0.0010398149797019203,-2.2097790288349446e-05,0.9999994591481016,28.836081055035322,-0.40722421798239894,-374.9421801252276,74.03431208018667,-89.98880004882812,3243.095703125,True
1598628979.562822,0,5,0.5,0.5,-0.0016915618896484377,-0.14,-0.011,-0.56,-0.0002156955474160493,10,1,100,0.011375894781063222,-10,-1,-100,14233.409865508089,-0.0010392294695776459,-2.1849690634675043e-05,0.9999994597622045,28.824138583992926,-0.4070085478492273,-374.740754014974,74.03458939756645,-89.98880004882812,3242.68896484375,True
1598628979.610971,0,5,0.5,0.5,-0.0016914947509765626,-0.14,-0.011,-0.56,-0.00025254208940935115,10,1,100,0.011398735943524177,-10,-1,-100,14236.330729954643,-0.0010389095599226497,-2.1959181506598828e-05,0.9999994600922146,28.81217204821895,-0.4067928397048871,-374.5390893740624,74.03487335577181,-89.98880004882812,3242.2822265625,True
1598628979.6602204,0,5,0.5,0.5,-0.0016914276123046875,-0.14,-0.011,-0.56,-0.00023724761152984838,10,1,100,0.011383816920019812,-10,-1,-100,14239.305305239977,-0.0010384877567791119,-2.1919765691524204e-05,0.999999460531206,28.80023854055523,-0.4065776814595024,-374.3378987566899,74.03515764539684,-89.98880004882812,3241.87548828125,True
1598628979.70944,0,5,0.5,0.5,-0.00169139404296875,-0.14,-0.011,-0.56,-0.00024116240050061765,10,1,100,0.011425490638360099,-10,-1,-100,14239.305305239977,-0.0010384877567791119,-2.1919765691524204e-05,0.999999460531206,28.80023854055523,-0.4065776814595024,-374.3378987566899,74.03515764539684,-89.98880004882812,3241.87548828125,True
1598628979.757765,0,5,0.5,0.5,-0.0016699981689453124,-0.14,-0.011,-0.56,-0.0002234541537297305,10,1,100,0.011290608991831576,-10,-1,-100,14245.221253052237,-0.0010372654945325602,-2.1758894621300737e-05,0.9999994618032774,28.776413388706274,-0.4061481649306859,-373.93629269713307,74.0357466898842,-89.98883056640625,3241.06201171875,True
1598628979.8077805,0,5,0.5,0.5,-0.0016870208740234376,-0.14,-0.011,-0.56,-0.00024585294578579654,10,1,100,0.011333262316438454,-10,-1,-100,14248.211453776574,-0.0010365469341344726,-2.1816286946151674e-05,0.9999994625471071,28.764491000004302,-0.4059330772367122,-373.735568127392,74.03606917600709,-89.98883056640625,3240.655517578125,True
1598628979.8570235,0,5,0.5,0.5,-0.0016655914306640625,-0.14,-0.011,-0.56,-0.00024148980721772794,10,1,100,0.011345757739911824,-10,-1,-100,14251.134271310642,-0.0010360120758866433,-2.1828905133531045e-05,0.9999994631010946,28.752601663683844,-0.40571860759372214,-373.5353124492012,74.03639176485635,-89.98886108398438,3240.2490234375,True
1598628979.9077306,0,5,0.5,0.5,-0.00168258056640625,-0.14,-0.011,-0.56,-0.00024325215714457926,10,1,100,0.011366888157422789,-10,-1,-100,14254.108846669202,-0.001035722868858282,-2.185652619965841e-05,0.9999994634000716,28.74070566800022,-0.405503849508765,-373.3348812669405,74.03668699213581,-89.98886108398438,3239.842529296875,True
1598628979.9580576,0,5,0.5,0.5,-0.0016824798583984376,-0.14,-0.011,-0.56,-0.00024594034015911447,10,1,100,0.011324036471006962,-10,-1,-100,14257.101000239607,-0.0010350750463634473,-2.1906277166986966e-05,0.999999464069738,28.728815118569347,-0.4052893974328503,-373.13456544795076,74.03698240343701,-89.98886108398438,3239.43603515625,True
1598628980.010013,0,5,0.5,0.5,-0.001682379150390625,-0.14,-0.011,-0.56,-0.0002366356379122209,10,1,100,0.01132506742845097,-10,-1,-100,14260.023817648063,-0.0010345001533685646,-2.186701860202625e-05,0.9999994646654898,28.71692676007318,-0.405075170059167,-372.9340086646083,74.03721500093174,-89.98886108398438,3239.02978515625,True
1598628980.0622067,0,5,0.5,0.5,-0.00166094970703125,-0.14,-0.011,-0.56,-0.00025011427642088045,10,1,100,0.01134338310151521,-10,-1,-100,14263.014018345508,-0.0010341488611522857,-2.195407186731007e-05,0.9999994650269327,28.705009306765476,-0.40486057250844426,-372.7328329152789,74.03739015940748,-89.9888916015625,3238.62353515625,True
1598628980.1128814,0,5,0.5,0.5,-0.0016779388427734378,-0.14,-0.011,-0.56,-0.00022477905916197326,10,1,100,0.011304534437109603,-10,-1,-100,14265.989570369828,-0.0010334809536505496,-2.1802796150457446e-05,0.9999994657207355,28.693073036367842,-0.4046459958377583,-372.53147660478686,74.03756915489164,-89.9888916015625,3238.217529296875,True
1598628980.1708982,0,5,0.5,0.5,-0.0016778381347656252,-0.14,-0.011,-0.56,-0.00022571681349229245,10,1,100,0.011315325256143855,-10,-1,-100,14268.911411459092,-0.0010329767984640756,-2.1673939979372636e-05,0.9999994662444446,28.681153367573256,-0.4044316054079862,-372.33040693199183,74.03775350683134,-89.9888916015625,3237.8115234375,True
1598628980.266738,0,5,0.5,0.5,-0.0016777374267578128,-0.14,-0.011,-0.56,-0.0002670151727073482,10,1,100,0.01131532925009618,-10,-1,-100,14271.904541395255,-0.001032523521838043,-2.193246111280709e-05,0.9999994667069299,28.669238228225524,-0.40421740550547586,-372.1295190950364,74.03795436317857,-89.9888916015625,3237.4052734375,True
1598628980.3139548,0,5,0.5,0.5,-0.0016776367187500002,-0.14,-0.011,-0.56,-0.00021036679099517937,10,1,100,0.011252528656865352,-10,-1,-100,14277.817559764953,-0.0010315459597258615,-2.165248349543571e-05,0.9999994677219098,28.645432405673155,-0.4037896704884448,-371.7285922114998,74.03843735843704,-89.9888916015625,3236.593505859375,True
1598628980.3632677,0,5,0.5,0.5,-0.0016775695800781251,-0.14,-0.011,-0.56,-0.00023237335022006437,10,1,100,0.011308846451780583,-10,-1,-100,14280.792135533062,-0.0010311744464274774,-2.1598114755438742e-05,0.9999994681062498,28.63356727915789,-0.4035763587933443,-371.5288508162147,74.03871303317345,-89.9888916015625,3236.1875,True
1598628980.4110796,0,5,0.5,0.5,-0.0016561401367187502,-0.14,-0.011,-0.56,-0.0002670473418901956,10,1,100,0.011280969569856735,-10,-1,-100,14283.714952566661,-0.001030588164945736,-2.1864105072616067e-05,0.9999994687048563,28.621716868559353,-0.403363466490032,-371.3292274312465,74.03896513954243,-89.98892211914062,3235.78173828125,True
1598628980.4600077,0,5,0.5,0.5,-0.0016731628417968752,-0.14,-0.011,-0.56,-0.0002320203733191943,10,1,100,0.01127796669562951,-10,-1,-100,14286.705153094488,-0.0010300328137520334,-2.1787455464914455e-05,0.999999469278714,28.609825196316212,-0.40314969419564034,-371.1289782072704,74.0391903673752,-89.98892211914062,3235.3759765625,True
1598628980.508057,0,5,0.5,0.5,-0.0016517333984375,-0.14,-0.011,-0.56,-0.00023040268687647328,10,1,100,0.011270626379417581,-10,-1,-100,14289.627970466972,-0.0010294663916604737,-2.1703130554556202e-05,0.9999994698638208,28.597953853488477,-0.40293649923482733,-370.9290188588722,74.03941246759913,-89.98895263671875,3234.97021484375,True
1598628980.5640132,0,5,0.5,0.5,-0.0016687225341796878,-0.14,-0.011,-0.56,-0.000250050891514585,10,1,100,0.011280219596517307,-10,-1,-100,14292.619147688965,-0.0010290437723278743,-2.1805276266042834e-05,0.999999470296582,28.586093014928515,-0.40272357606744524,-370.7292236484982,74.03963184647937,-89.98895263671875,3234.564697265625,True
1598628980.605903,0,5,0.5,0.5,-0.0016686218261718752,-0.14,-0.011,-0.56,-0.00021830264149388202,10,1,100,0.011282257281816354,-10,-1,-100,14295.595676360535,-0.0010286830576928122,-2.160957167842064e-05,0.9999994706719565,28.57421409743511,-0.40251052790353714,-370.5292328592004,74.03985098744919,-89.98895263671875,3234.1591796875,True
1598628980.659766,0,5,0.5,0.5,-0.0016685546875000001,-0.14,-0.011,-0.56,-0.00025558749785113905,10,1,100,0.011263256861221437,-10,-1,-100,14298.534118652344,-0.0010281873731132196,-2.1770924838547243e-05,0.9999994711782364,28.562342129578024,-0.40229768912908,-370.32951141246645,74.04009754548662,-89.98895263671875,3233.753662109375,True
1598628980.7020905,0,5,0.5,0.5,-0.0016684875488281253,-0.14,-0.011,-0.56,-0.00021790828868171954,10,1,100,0.01126019124475864,-10,-1,-100,14301.505764939822,-0.0010277136938735077,-2.1575100238314806e-05,0.9999994716693998,28.550480816515797,-0.40208463475779743,-370.13015373062336,74.04038149570667,-89.98895263671875,3233.34814453125,True
1598628980.7509892,0,5,0.5,0.5,-0.0016684204101562502,-0.14,-0.011,-0.56,-0.00023396105611475342,10,1,100,0.011251515921553122,-10,-1,-100,14304.42955920368,-0.0010272089944488017,-2.1543101978168406e-05,0.9999994721886489,28.538670713796925,-0.4018726960073175,-369.9319703693392,74.04076021703986,-89.98895263671875,3232.942626953125,True
1598628980.801912,0,5,0.5,0.5,-0.0016683532714843752,-0.14,-0.011,-0.56,-0.00023279003629190858,10,1,100,0.011263950198584758,-10,-1,-100,14307.421712729032,-0.0010268680470606195,-2.1503720978859124e-05,0.9999994725396628,28.52688070204245,-0.4016610577891094,-369.7339326155912,74.04110720473983,-89.98895263671875,3232.537109375,True
1598628980.8518858,0,5,0.5,0.5,-0.0016682861328125003,-0.14,-0.011,-0.56,-0.0002725229848563645,10,1,100,0.011238642934679204,-10,-1,-100,14310.398240835755,-0.0010263322815019173,-2.182926393236081e-05,0.9999994730826267,28.515077190447847,-0.40144937010641585,-369.53569152242056,74.04144032573787,-89.98895263671875,3232.1318359375,True
1598628980.9067383,0,5,0.5,0.5,-0.0016682189941406252,-0.14,-0.011,-0.56,-0.00022499610717164378,10,1,100,0.011250813895318842,-10,-1,-100,14313.332776946016,-0.0010259602689679352,-2.169293941188586e-05,0.9999994734673328,28.503257475626583,-0.4012374518050878,-369.3371840437617,74.04175418400366,-89.98895263671875,3231.7265625,True
1598628980.9557762,0,5,0.5,0.5,-0.0016681854248046877,-0.14,-0.011,-0.56,-0.0002055989082612697,10,1,100,0.011220812113559703,-10,-1,-100,14316.310282438644,-0.0010253535394628482,-2.1392825462869534e-05,0.9999994740960948,28.491479634392224,-0.4010263140627026,-369.1391843561621,74.04205266226238,-89.98895263671875,3231.3212890625,True
1598628981.0050406,0,5,0.5,0.5,-0.00164678955078125,-0.14,-0.011,-0.56,-0.00026153634708263394,10,1,100,0.011218660717975486,-10,-1,-100,14319.28583427926,-0.0010247866629295391,-2.1628875525778044e-05,0.9999994746721055,28.479674930215758,-0.40081489139955084,-368.9408152319011,74.04233733994037,-89.98898315429688,3230.916015625,True
1598628981.0569625,0,5,0.5,0.5,-0.0016852081298828127,-0.14,-0.011,-0.56,-0.00022292823444796368,10,1,100,0.011233944044260886,-10,-1,-100,14322.22623008641,-0.0010244145142552445,-2.1492551154496757e-05,0.9999994750563488,28.467857276934847,-0.4006034076370587,-368.7422729880617,74.04261281915697,-89.98895263671875,3230.510986328125,True
1598628981.1088717,0,5,0.5,0.5,-0.0016467559814453126,-0.14,-0.011,-0.56,-0.00025842182364164284,10,1,100,0.011209542284224962,-10,-1,-100,14325.199828655226,-0.0010238585715128979,-2.1691573196103167e-05,0.9999994756214131,28.456080539729104,-0.40039261060615494,-368.54426608783615,74.04288104359102,-89.98898315429688,3230.10595703125,True
